0.011254 0.00158404 0.00397444 0.0129687 0.0158522 0.00527075 0.00131604 0.00059601 0.000761528 0.00106588 0.00198274 0.00488954 0.00382032 0.00194672 0.000868942 0.000702693 0.00267347 0.00720899 0.0101269 0.0058584 0.00167227 0.000749682 0.00049339 0.000420487 0.00040783 0.000356757 0.00032782 0.0013155
0.00414087 0.000228199 0.000756381 0.00379369 0.00676561 0.00215683 0.000378027 0.000134958 0.000106606 0.000117907 0.000452101 0.00232679 0.00163128 0.000610521 0.000138164 0.000103093 0.000806391 0.0034358 0.00799696 0.0049919 0.000898785 0.000235986 9.04683e-05 4.51974e-05 3.34287e-05 2.5419e-05 1.40254e-05 6.28947e-05
0.00776432 0.000739494 0.00166494 0.00812363 0.0163536 0.00692795 0.00194145 0.000570507 0.000296116 0.000431338 0.00231603 0.0115385 0.00666134 0.00145229 0.000416532 0.00051086 0.00558916 0.0453887 0.101519 0.0532631 0.0089345 0.00131364 0.000252866 6.77931e-05 2.55243e-05 1.91801e-05 9.04281e-06 4.54225e-05
0.00918833 0.000782736 0.000995512 0.00336182 0.00365588 0.00134443 0.000790123 0.000375031 0.000300675 0.000649316 0.00210303 0.00494503 0.00292766 0.00134461 0.00131302 0.00765909 0.168118 0.637004 0.617536 0.281744 0.0650834 0.00582455 0.000492054 8.01448e-05 2.10404e-05 1.52153e-05 5.22781e-06 2.56917e-05
0.00778661 0.000380783 0.00056487 0.0012802 0.00129752 0.00071187 0.000689841 0.00072901 0.000989226 0.0016984 0.00223666 0.00270553 0.00307488 0.00315797 0.0057743 0.124214 0.827715 0.944931 0.862662 0.489547 0.204379 0.0163532 0.00108154 0.000192126 3.18958e-05 1.65155e-05 4.35894e-06 1.72592e-05
0.00292669 4.76107e-05 4.51439e-05 0.000118058 0.000367367 0.000707615 0.00116803 0.00164304 0.00234332 0.00236449 0.00180652 0.00167888 0.00166735 0.00289103 0.0197788 0.43773 0.892494 0.849705 0.391926 0.0650456 0.0204143 0.00248986 0.000507905 0.000299549 5.47728e-05 1.56007e-05 6.63166e-06 1.77801e-05
0.00135068 8.84533e-06 5.83533e-06 3.72047e-05 0.00042856 0.00204217 0.0031486 0.0030829 0.00307346 0.0020082 0.0020525 0.0016482 0.00133382 0.00749753 0.157459 0.794057 0.8321 0.347269 0.034907 0.00375191 0.00128558 0.000539264 0.000456676 0.000601884 0.000150053 3.10458e-05 1.65292e-05 3.18943e-05
0.0012792 8.28918e-06 4.88103e-06 4.42013e-05 0.000824535 0.00383892 0.0030884 0.00171447 0.00130863 0.000829468 0.00106688 0.00113955 0.00194586 0.0282855 0.549489 0.867916 0.513729 0.060718 0.0106155 0.00258567 0.00062155 0.000251373 0.000364106 0.000630798 0.000304273 0.000153208 0.000186686 0.000180253
0.0022038 2.16281e-05 1.40057e-05 0.000122507 0.001364 0.00279597 0.00116775 0.000430055 0.000340661 0.000313392 0.000748746 0.0018795 0.0092499 0.260274 0.861477 0.807342 0.178375 0.0209996 0.0150874 0.00652319 0.000875039 0.000193419 0.00029082 0.000762152 0.000985211 0.0018309 0.00262766 0.000966577
0.00230897 3.01812e-05 2.41365e-05 0.000195714 0.001076 0.00102085 0.000320563 0.000150851 0.000187161 0.000408941 0.00211981 0.0109476 0.125877 0.795791 0.884562 0.379344 0.018426 0.00368852 0.00687052 0.00416292 0.000658214 0.000278899 0.000517995 0.00216675 0.00535762 0.00660015 0.00357519 0.000850834
0.00189279 2.47509e-05 1.98497e-05 0.000127124 0.000393263 0.000246092 0.000108359 9.47434e-05 0.000255704 0.00146082 0.0110852 0.107134 0.654268 0.910904 0.663253 0.032602 0.00236993 0.00145224 0.00292136 0.00301503 0.00122192 0.00115216 0.00237038 0.0105209 0.0191323 0.00578042 0.000956551 0.00025144
0.00204457 2.55946e-05 2.17551e-05 0.00010876 0.000168557 7.63471e-05 5.0834e-05 8.71324e-05 0.000455128 0.00609096 0.0713244 0.484855 0.855854 0.804945 0.153352 0.00367544 0.000929821 0.00162298 0.00356985 0.00563514 0.0071159 0.00939314 0.0177905 0.0488572 0.031201 0.00350034 0.000531812 0.000192204
0.00227039 2.95606e-05 2.16613e-05 7.86727e-05 0.000113682 5.66156e-05 5.75615e-05 0.000150714 0.00108274 0.0257589 0.334726 0.805787 0.83081 0.326515 0.0204334 0.0017211 0.00201836 0.00901589 0.0178181 0.0257552 0.0429024 0.0643219 0.0960459 0.130461 0.0303204 0.00230864 0.000700284 0.000336101
0.00236055 3.22084e-05 2.29791e-05 6.70216e-05 8.35747e-05 5.05739e-05 0.000103547 0.000468733 0.00332713 0.0936179 0.722048 0.882148 0.597602 0.0493869 0.00503513 0.00330572 0.0191251 0.18015 0.264269 0.241396 0.261035 0.199427 0.197215 0.133441 0.0141864 0.00116589 0.000460237 0.000284154
0.0023828 3.34508e-05 2.44135e-05 6.63151e-05 8.15895e-05 6.37225e-05 0.000233369 0.00119436 0.00653595 0.246183 0.899316 0.86135 0.241085 0.00756145 0.00365379 0.0175028 0.107164 0.618507 0.748943 0.644202 0.521859 0.194327 0.079241 0.0275503 0.00220346 0.000291881 0.000156522 0.000148336
0.00209175 2.72417e-05 1.89751e-05 6.1202e-05 0.000102295 9.79239e-05 0.000306246 0.001449 0.0142544 0.564885 0.945328 0.722788 0.058926 0.00220226 0.00261578 0.0190012 0.113953 0.762766 0.920207 0.816469 0.428058 0.0460655 0.00864297 0.00275756 0.000323326 8.18859e-05 5.45733e-05 7.76101e-05
0.00189936 2.19525e-05 1.28007e-05 4.83067e-05 9.76447e-05 9.08662e-05 0.000221974 0.00148352 0.0316381 0.752928 0.945189 0.510199 0.0173978 0.000654581 0.000586058 0.00335969 0.0272313 0.589781 0.936901 0.846472 0.216127 0.00751089 0.00166041 0.000783889 0.000131043 4.28844e-05 2.60121e-05 3.91478e-05
0.00173324 1.99538e-05 1.45974e-05 7.47433e-05 0.000160464 0.000123448 0.000205223 0.00134145 0.0385632 0.733973 0.939916 0.596777 0.0186893 0.000505642 0.000201956 0.00070584 0.0148973 0.559808 0.951099 0.843089 0.139564 0.00620099 0.00143652 0.000593333 0.00013317 5.11111e-05 2.68867e-05 3.19559e-05
0.00171175 2.30028e-05 2.12192e-05 0.000119451 0.000214856 0.00014381 0.00028978 0.00195171 0.0456163 0.687282 0.93202 0.670054 0.02985 0.000885462 0.000358513 0.00179661 0.0815034 0.899588 0.967986 0.679112 0.074611 0.0067719 0.00192604 0.000732505 0.000196282 7.36637e-05 4.26271e-05 4.04672e-05
0.00149093 1.7905e-05 1.94962e-05 0.000112409 0.000206748 0.000206755 0.000903907 0.0073695 0.101463 0.690629 0.908559 0.772238 0.18698 0.0238899 0.0165893 0.0947774 0.720404 0.967797 0.871726 0.127606 0.0155988 0.00390398 0.00091385 0.0003035 0.000127469 6.57859e-05 3.15828e-05 3.41654e-05
0.00117631 1.34366e-05 2.05077e-05 0.00013515 0.000329781 0.000666175 0.0037349 0.0266656 0.194652 0.621079 0.881598 0.911789 0.864108 0.773552 0.643181 0.865639 0.968223 0.958421 0.522626 0.0171458 0.00463672 0.00204011 0.000308906 0.000110615 7.27192e-05 5.35621e-05 1.8354e-05 2.40638e-05
0.00138529 1.65282e-05 2.11723e-05 0.000157824 0.00103444 0.005081 0.0222423 0.0524432 0.099812 0.186482 0.594107 0.88282 0.956906 0.968219 0.94584 0.969083 0.960227 0.784418 0.105766 0.00299146 0.00129729 0.000619999 0.000105754 7.786e-05 6.18342e-05 4.27356e-05 9.7247e-06 1.7751e-05
0.00195618 2.48707e-05 2.77e-05 0.000286776 0.00374125 0.0220766 0.0407296 0.0227909 0.0168328 0.0210207 0.0892651 0.407935 0.735216 0.839492 0.813769 0.795623 0.481683 0.0681736 0.0047635 0.000360541 0.000238169 0.000187934 7.69133e-05 0.00011057 6.23864e-05 3.34628e-05 6.23631e-06 1.59424e-05
0.00304921 4.53516e-05 3.29411e-05 0.000237755 0.00277928 0.00994963 0.0127624 0.00646013 0.00474529 0.00521159 0.00842369 0.0193586 0.0353993 0.0521504 0.0994155 0.110179 0.0236988 0.00254399 0.000282593 5.25081e-05 6.38494e-05 9.78343e-05 0.000130697 0.000299197 8.85063e-05 2.92043e-05 5.82492e-06 1.80654e-05
0.00397519 3.12864e-05 1.38848e-05 6.30355e-05 0.000579423 0.00170787 0.00192325 0.00161197 0.00119836 0.000736833 0.00047135 0.000401827 0.000599923 0.00176547 0.00831163 0.0113608 0.00215645 0.000219257 3.41031e-05 1.5411e-05 2.63455e-05 6.36285e-05 0.000170099 0.000305849 4.8244e-05 1.24946e-05 3.56515e-06 1.73219e-05
0.00386172 2.25704e-05 7.96484e-06 3.0444e-05 0.000191674 0.00045101 0.000490172 0.000334325 0.00016282 6.49393e-05 4.08833e-05 4.93206e-05 0.000101382 0.000473287 0.00298086 0.00316143 0.000441317 5.4738e-05 1.83903e-05 1.94504e-05 2.91795e-05 7.11622e-05 0.000244666 0.000251355 2.2174e-05 4.46294e-06 1.927e-06 1.25725e-05
0.00574026 8.21844e-05 4.88097e-05 0.000130186 0.000514979 0.000946681 0.000988153 0.000468945 0.000135498 6.76616e-05 9.21095e-05 0.000203613 0.000416059 0.00158082 0.00698029 0.00491003 0.000841432 0.000206199 0.000110902 0.00014455 0.000177496 0.000311283 0.000732043 0.000544919 5.98226e-05 1.67457e-05 7.02275e-06 4.4741e-05
0.021912 0.00224354 0.00206919 0.00261066 0.00396394 0.00502267 0.00505853 0.00328118 0.00158346 0.00135997 0.00250085 0.0041072 0.0045797 0.00843478 0.0150004 0.0114823 0.00507138 0.00297561 0.00290521 0.00329422 0.00268296 0.00298473 0.00436189 0.00383844 0.00180985 0.00102959 0.000773375 0.00317538
