0.0104567 0.000285063 0.000135561 0.000310116 0.00109043 0.00317513 0.00579549 0.00554239 0.00383867 0.00422581 0.00406903 0.00257328 0.00268369 0.00742707 0.0174879 0.0135893 0.00352116 0.000697554 0.000563342 0.00091366 0.00115325 0.00253203 0.00599858 0.00472645 0.00164757 0.000483675 0.000408325 0.00169873
0.00250195 1.31255e-05 6.78579e-06 2.74165e-05 0.000204483 0.000662403 0.000773857 0.000499878 0.000557748 0.00105617 0.000702951 0.000375466 0.000835334 0.00554512 0.02085 0.0108228 0.000718438 6.44152e-05 6.6931e-05 0.000165374 0.000213389 0.000450063 0.00120323 0.00077117 0.000175309 5.88882e-05 3.38268e-05 0.000108778
0.00251401 2.16574e-05 1.1656e-05 5.86767e-05 0.000473493 0.000799929 0.000558546 0.000379334 0.000985487 0.00280577 0.00123448 0.000992481 0.00746343 0.0786479 0.218728 0.0604247 0.00229872 0.000257219 0.000310333 0.000814435 0.000912113 0.000942768 0.00107135 0.000685953 0.000194377 8.30711e-05 6.43969e-05 0.000130115
0.00260063 3.55528e-05 2.05759e-05 8.95952e-05 0.000430329 0.000433 0.000227716 0.000161802 0.000656943 0.00205123 0.000547503 0.000459529 0.0035013 0.0180202 0.0350676 0.0116223 0.0013217 0.000369046 0.000545348 0.000960088 0.000743077 0.000482855 0.000280718 0.000258442 0.000145426 7.57382e-05 7.07247e-05 0.000105819
0.0035718 8.37721e-05 7.87e-05 0.000337396 0.00100476 0.000878149 0.000399803 0.000263725 0.00118858 0.00299613 0.00109319 0.001076 0.00558453 0.0175825 0.0305093 0.0255442 0.00897387 0.00270117 0.00174149 0.00131686 0.00076722 0.000534704 0.000502899 0.000791204 0.000425232 0.000156431 0.000103243 8.5178e-05
0.00347486 8.95e-05 9.78249e-05 0.000536137 0.0019668 0.00161467 0.000401003 0.000187343 0.000637305 0.00207955 0.00475581 0.0209909 0.10849 0.278083 0.416371 0.383938 0.157111 0.0181295 0.00275847 0.000644982 0.000251863 0.000231572 0.000465989 0.00140972 0.000894271 0.000286168 0.000144834 9.22391e-05
0.00389568 0.000110893 0.000105256 0.000857487 0.00623084 0.00434167 0.00125355 0.000607495 0.00187754 0.0177721 0.167889 0.718785 0.914926 0.944944 0.953375 0.921958 0.639388 0.0732406 0.00607401 0.000633749 0.000213242 0.000330786 0.00076238 0.00290899 0.00193013 0.000423746 0.000166787 8.76344e-05
0.00456537 0.000158831 0.000158329 0.00166351 0.0161811 0.0130048 0.00988514 0.0216836 0.113304 0.566126 0.945327 0.989461 0.992375 0.992034 0.988964 0.981346 0.915335 0.381583 0.0286416 0.00205985 0.00100611 0.00157842 0.00261422 0.00596491 0.00233541 0.000355491 0.000127673 7.35923e-05
0.0055708 0.000261074 0.000325174 0.00295258 0.0286465 0.0256592 0.0355073 0.281656 0.84188 0.965977 0.989654 0.991632 0.979997 0.967552 0.975025 0.987841 0.981771 0.817314 0.133855 0.0133034 0.00863195 0.00866831 0.00690144 0.00654375 0.00138865 0.00019935 8.62048e-05 6.49424e-05
0.00693561 0.000452813 0.000899247 0.00763417 0.0327627 0.0208048 0.0691618 0.709707 0.978998 0.985188 0.970825 0.888996 0.50965 0.328666 0.611829 0.937703 0.971635 0.894268 0.369004 0.0860905 0.0349621 0.012317 0.00792982 0.0051596 0.000797453 0.000138738 5.83363e-05 4.8945e-05
0.00643661 0.000596939 0.00185851 0.0116704 0.0258143 0.0157345 0.104531 0.908588 0.993 0.972733 0.517029 0.0243861 0.00123427 0.00163302 0.0240465 0.421522 0.815495 0.841687 0.726117 0.448701 0.0815081 0.00887057 0.00364655 0.0021259 0.000450509 0.000100275 3.69334e-05 3.36553e-05
0.00742265 0.00083056 0.0044169 0.0224334 0.0164046 0.0106122 0.194109 0.945221 0.979804 0.642214 0.00621109 6.49783e-05 6.48163e-06 3.07098e-05 0.00191709 0.0948523 0.632652 0.886925 0.94938 0.893244 0.248641 0.0132329 0.0017623 0.000518551 0.000159322 6.62191e-05 3.88057e-05 4.02593e-05
0.00918456 0.00116686 0.00559397 0.0166282 0.00940957 0.0177467 0.535175 0.977924 0.929615 0.0864901 0.000273766 7.73141e-06 5.25341e-06 4.74807e-05 0.00222763 0.121178 0.784401 0.962924 0.9813 0.933641 0.299792 0.00749151 0.000732767 0.000235275 0.000111251 0.000109715 9.41593e-05 0.000101726
0.00691389 0.000612177 0.00318067 0.010737 0.00850804 0.0429765 0.787757 0.985617 0.891223 0.0695833 0.000761252 8.05804e-05 0.000202806 0.00142211 0.0342824 0.598744 0.946142 0.980886 0.976321 0.836105 0.134201 0.00334236 0.000607809 0.000515148 0.000467754 0.000725009 0.000844087 0.00049593
0.00582062 0.000377232 0.00159723 0.0062753 0.00835691 0.0586728 0.767186 0.97327 0.931193 0.288101 0.0228675 0.0141789 0.0404472 0.140445 0.679366 0.966208 0.980743 0.981411 0.955527 0.604888 0.0433762 0.0019284 0.00111748 0.00278677 0.00291174 0.00513092 0.00596473 0.00138054
0.00717732 0.000358333 0.000662083 0.00172205 0.00370763 0.0189747 0.390458 0.933792 0.97184 0.885916 0.67541 0.738294 0.87957 0.934214 0.976213 0.989188 0.971115 0.955053 0.883577 0.284529 0.0126816 0.000995759 0.00136732 0.00586309 0.00600746 0.00678864 0.00323877 0.000590846
0.0100358 0.000309849 0.000246766 0.000472731 0.00123708 0.00438824 0.0690392 0.649568 0.933667 0.947847 0.962056 0.980049 0.980944 0.97722 0.973115 0.965584 0.92528 0.9225 0.849262 0.207064 0.00774917 0.000950903 0.00138908 0.00528357 0.00502837 0.00170427 0.000293003 8.32728e-05
0.0117293 0.000457942 0.000393044 0.000749101 0.00191428 0.00316014 0.0162293 0.118501 0.460793 0.662426 0.883513 0.944652 0.872943 0.766744 0.67118 0.727699 0.808004 0.918218 0.896591 0.315051 0.0117471 0.000987609 0.000887521 0.00241755 0.00183262 0.000359645 5.56368e-05 3.01516e-05
0.00944859 0.000593913 0.00107165 0.00266055 0.00372794 0.00193125 0.00413807 0.0113408 0.0349155 0.110146 0.291282 0.331851 0.139082 0.0554301 0.0701003 0.296173 0.734606 0.94444 0.910848 0.277443 0.00922795 0.000594559 0.000455621 0.00149167 0.00109225 0.000196875 5.60984e-05 4.80906e-05
0.00507352 0.000275523 0.000539994 0.0012404 0.00167026 0.000907123 0.00134651 0.00250811 0.00548317 0.0160546 0.0314034 0.0202519 0.00710946 0.00476547 0.0257941 0.345515 0.864409 0.972271 0.914514 0.222277 0.00702414 0.000677551 0.00081091 0.00316823 0.00147929 0.000179916 0.0001064 0.000112565
0.00292058 0.000103628 0.000155214 0.00043164 0.00055421 0.000445521 0.000706801 0.00135619 0.00238334 0.00459112 0.00481277 0.00259265 0.0017335 0.00310019 0.0358525 0.398142 0.837532 0.955835 0.910301 0.251097 0.0106756 0.00237851 0.00570282 0.0182096 0.00420529 0.000430953 0.000328062 0.000238846
0.00245397 6.88836e-05 8.57856e-05 0.000317472 0.000448406 0.000410635 0.000636471 0.00091495 0.00108497 0.00147544 0.00119533 0.00078728 0.000817882 0.00187662 0.0136498 0.0978257 0.44616 0.896883 0.934119 0.462563 0.0371188 0.0131802 0.0456024 0.110553 0.0149749 0.000901543 0.000348273 0.000181563
0.00282715 7.57161e-05 8.39658e-05 0.000345957 0.00053491 0.000491778 0.000617874 0.00061476 0.000519705 0.000543909 0.000506178 0.000475592 0.000602156 0.00104218 0.00359482 0.0193106 0.17763 0.871738 0.945747 0.511685 0.0691919 0.0326107 0.0784906 0.131553 0.0151253 0.00052551 7.57515e-05 4.511e-05
0.00201524 3.60281e-05 3.78552e-05 0.000209167 0.000460444 0.000464993 0.000460912 0.000357866 0.000315771 0.000363157 0.000371015 0.000686437 0.00331539 0.0093317 0.0153979 0.0550084 0.416823 0.919385 0.911965 0.359576 0.0634861 0.0423688 0.0715726 0.0713926 0.00641544 0.000212062 2.21621e-05 1.76329e-05
0.00161208 9.10529e-06 1.08324e-05 9.51897e-05 0.000278546 0.000224858 0.000146879 0.000102071 0.000137701 0.000186758 0.00028487 0.00187649 0.027929 0.0986888 0.131262 0.400114 0.878367 0.964538 0.863024 0.243456 0.0617297 0.0473737 0.0504635 0.0291607 0.00151967 5.60959e-05 1.0055e-05 1.2932e-05
0.00122717 4.09897e-06 5.19405e-06 4.67254e-05 0.000101906 5.34804e-05 2.2892e-05 1.62595e-05 2.4803e-05 5.29494e-05 0.000231056 0.00278868 0.0275374 0.0679162 0.175724 0.581266 0.891484 0.91205 0.51851 0.0506588 0.0164983 0.0191786 0.0187986 0.00999 0.000597409 2.25479e-05 4.12656e-06 6.80881e-06
0.00197439 1.64652e-05 3.25989e-05 0.000146805 0.000154755 6.36481e-05 3.02294e-05 2.33208e-05 2.65722e-05 7.95775e-05 0.000703144 0.0039549 0.00643158 0.0111746 0.0453584 0.182121 0.318012 0.223159 0.0429153 0.00589018 0.00446754 0.00761561 0.0120444 0.00762486 0.000716774 6.00023e-05 9.50229e-06 2.10503e-05
0.012637 0.0011726 0.00173265 0.00236676 0.00180858 0.00111957 0.00101526 0.00100702 0.00097158 0.00164022 0.00596842 0.0108727 0.0081269 0.0102444 0.0293968 0.0586967 0.0525424 0.0330098 0.014835 0.00638305 0.00718518 0.011453 0.0123999 0.0102918 0.00427425 0.00155263 0.000779886 0.00207042
