0.0127448 0.000611004 0.000438768 0.00206347 0.0097883 0.00677495 0.00144607 0.000289824 0.00029661 0.000970993 0.00257301 0.00326183 0.00150672 0.000569641 0.000500663 0.000563565 0.000523218 0.000538665 0.000505552 0.000372563 0.000355738 0.000411324 0.000520437 0.000706167 0.000999163 0.00106177 0.000659636 0.00144577
0.00307708 3.4396e-05 4.77804e-05 0.000521402 0.0035498 0.00159619 0.00018924 4.02738e-05 6.34188e-05 0.000276158 0.000795324 0.000672901 0.000180725 5.92244e-05 4.42622e-05 4.87843e-05 4.84815e-05 5.40283e-05 4.58825e-05 2.80583e-05 4.07658e-05 6.68178e-05 8.0143e-05 0.000115362 0.000180477 0.000187909 4.58758e-05 7.12838e-05
0.0033382 8.94552e-05 0.000198488 0.00260423 0.00822054 0.00231018 0.000476979 0.000242858 0.000459376 0.00127506 0.00209417 0.00105462 0.000326009 0.000132424 8.77612e-05 9.55049e-05 9.99604e-05 0.000109317 7.69828e-05 5.84463e-05 0.00011762 0.000219499 0.000216023 0.000272986 0.000245023 0.000139633 3.67685e-05 5.44672e-05
0.00485696 0.000227878 0.000464462 0.00334558 0.00399473 0.000913156 0.000402991 0.000363686 0.000528342 0.000745863 0.000552412 0.000198172 8.26917e-05 5.24933e-05 5.93939e-05 8.43929e-05 0.000104478 0.000125467 9.29408e-05 7.7886e-05 0.000122728 0.000198723 0.000213626 0.000253522 0.000117616 4.21737e-05 1.39014e-05 2.70786e-05
0.00954257 0.000740553 0.00182856 0.00616878 0.00485756 0.00103505 0.000522254 0.000448904 0.000591873 0.000632005 0.000543201 0.000304977 0.000165635 0.000149992 0.000254471 0.000375502 0.000393035 0.000352605 0.000221168 0.000192154 0.000243564 0.000430486 0.000600924 0.000529645 0.000117985 2.59579e-05 8.04596e-06 1.65273e-05
0.0109901 0.000841285 0.0014283 0.00223763 0.001341 0.000289989 0.00013747 0.000139009 0.000281877 0.000629424 0.00125054 0.00206268 0.00220685 0.00205771 0.0023415 0.00165873 0.00114336 0.000531474 0.000198131 0.000192213 0.000268164 0.000453887 0.000648155 0.000420214 7.95559e-05 2.27526e-05 1.26591e-05 2.42491e-05
0.00982197 0.000471887 0.0004137 0.000357496 0.000223375 7.62124e-05 6.72338e-05 0.000131152 0.000636038 0.00345578 0.0107687 0.0449381 0.0842702 0.0489946 0.0212237 0.00619148 0.00249167 0.000629855 0.000203153 0.000242768 0.000403951 0.000626642 0.000654834 0.000416891 0.000125067 5.12547e-05 3.57875e-05 4.84057e-05
0.00872625 0.00028458 0.000131985 9.66467e-05 9.31362e-05 7.72203e-05 0.000144069 0.000627879 0.00570186 0.0493094 0.190521 0.572049 0.725622 0.452455 0.0960363 0.0128846 0.00215885 0.000357398 0.000429637 0.00120396 0.00198627 0.0021186 0.00141674 0.000836001 0.000302796 0.000104001 6.52099e-05 7.05761e-05
0.00678863 0.000143142 5.82619e-05 7.01166e-05 0.000129722 0.0002706 0.0014994 0.0094802 0.0636769 0.360268 0.733056 0.917257 0.949644 0.86973 0.443749 0.0563204 0.005183 0.00124023 0.00319536 0.012399 0.0128294 0.0072897 0.00406818 0.00247245 0.000746842 0.00017484 6.38868e-05 5.79111e-05
0.00377475 5.5422e-05 2.77585e-05 7.58929e-05 0.000261868 0.00074585 0.0045303 0.0380436 0.352542 0.864621 0.951614 0.963853 0.973311 0.975661 0.944512 0.68862 0.147857 0.0469675 0.0551266 0.0321473 0.0120172 0.00551215 0.00409185 0.00361811 0.000718997 0.000104851 2.40184e-05 3.37363e-05
0.00271058 3.45993e-05 2.22442e-05 9.93813e-05 0.000392417 0.00065013 0.00245843 0.0327401 0.55809 0.954009 0.956449 0.826671 0.769131 0.949927 0.986265 0.971575 0.8211 0.410114 0.107372 0.00733181 0.00134465 0.00125889 0.00217253 0.00262918 0.000316653 4.18348e-05 8.33122e-06 2.28837e-05
0.0024809 3.03541e-05 2.45648e-05 0.000112867 0.000419326 0.000586876 0.00178145 0.0346095 0.723577 0.956941 0.759338 0.101154 0.0385064 0.426481 0.967548 0.987351 0.959178 0.680119 0.0614822 0.00178248 0.000386791 0.000733126 0.00256298 0.00257723 0.000195286 2.83151e-05 5.81192e-06 2.03937e-05
0.00242528 3.18465e-05 2.64162e-05 9.89345e-05 0.000340487 0.000443249 0.00163983 0.0640621 0.891303 0.976491 0.531823 0.00804429 0.00437588 0.215132 0.935694 0.987436 0.972139 0.650392 0.0406274 0.00140626 0.000611102 0.00152611 0.00272934 0.00157712 0.000131121 2.51149e-05 6.48765e-06 2.17769e-05
0.0044453 8.76243e-05 5.33124e-05 0.000125294 0.000381105 0.000377655 0.00142679 0.0611399 0.887405 0.980506 0.688994 0.0386144 0.0449057 0.597392 0.951454 0.978396 0.940822 0.436362 0.0146349 0.00105537 0.00132302 0.00279859 0.00174234 0.00068115 8.97067e-05 2.65579e-05 9.5565e-06 2.44575e-05
0.00895118 0.000237556 8.76717e-05 0.0001351 0.000341956 0.000284038 0.000891369 0.0260336 0.656754 0.954828 0.878396 0.575803 0.739147 0.934453 0.952516 0.93078 0.836897 0.323593 0.0176177 0.00336947 0.00485662 0.00420894 0.0012858 0.000418954 6.50158e-05 2.48746e-05 1.06576e-05 2.32281e-05
0.00603779 0.000144277 0.000105502 0.00025884 0.000475783 0.00032071 0.000947653 0.0130187 0.323374 0.894918 0.952704 0.943938 0.963135 0.962025 0.788817 0.568263 0.606494 0.480389 0.14092 0.0411918 0.0183203 0.00282356 0.000735687 0.000336074 5.41261e-05 2.46076e-05 9.59123e-06 2.08073e-05
0.00289429 7.66513e-05 0.000134637 0.000511845 0.000698816 0.000516731 0.0017397 0.0141515 0.191708 0.770106 0.924107 0.95031 0.936691 0.771768 0.33384 0.230283 0.448487 0.745617 0.649799 0.292245 0.0426596 0.00170897 0.000553437 0.000367501 5.18934e-05 2.30609e-05 8.06661e-06 2.05654e-05
0.00242847 5.74788e-05 9.01632e-05 0.000298491 0.000457767 0.000554281 0.00311889 0.0187912 0.0937002 0.298408 0.378982 0.388046 0.442971 0.273835 0.117966 0.17614 0.527566 0.900947 0.934029 0.724813 0.0583211 0.00129267 0.000423732 0.000196176 2.92032e-05 1.42081e-05 5.1457e-06 1.68703e-05
0.00249948 4.25853e-05 3.58453e-05 0.000110191 0.000330807 0.000889503 0.00425608 0.0129584 0.0255821 0.0282661 0.0195346 0.0182314 0.0358002 0.0370592 0.0301816 0.0922414 0.441369 0.902057 0.965029 0.859044 0.0905911 0.00199733 0.000483603 0.000122491 2.06238e-05 1.06178e-05 4.80693e-06 1.62113e-05
0.00190242 2.20519e-05 1.27193e-05 5.54158e-05 0.000360026 0.00140095 0.00461733 0.00674681 0.0065986 0.00389833 0.00172656 0.00137023 0.00384461 0.00572338 0.00639688 0.0237581 0.137859 0.630742 0.918328 0.914405 0.434401 0.0381617 0.0042638 0.000405214 7.42673e-05 3.20108e-05 1.88496e-05 3.82947e-05
0.00133431 1.15071e-05 7.92219e-06 6.26186e-05 0.000648199 0.00207895 0.00311853 0.00308133 0.00288252 0.00168977 0.000769635 0.000498528 0.00102161 0.00125419 0.00110881 0.00312405 0.0178153 0.129738 0.530748 0.846494 0.836944 0.466204 0.0473141 0.00240038 0.000563428 0.000240666 0.000131592 0.000129534
0.00157956 1.38643e-05 8.07884e-06 5.97176e-05 0.000626047 0.00226998 0.00465004 0.00662906 0.00637811 0.003358 0.00164826 0.000719785 0.000563805 0.000407026 0.000487636 0.00150863 0.00367862 0.0115956 0.065504 0.486418 0.880764 0.796893 0.139587 0.00674055 0.00125509 0.000370984 0.000217685 0.000197764
0.00208452 1.85768e-05 1.1158e-05 6.72071e-05 0.000510928 0.00250128 0.00883734 0.0151351 0.0122191 0.00697932 0.0040068 0.00111907 0.000495151 0.000379609 0.000532949 0.00134286 0.00186533 0.00311356 0.0123222 0.139552 0.596761 0.53095 0.110111 0.00921731 0.00124339 0.000267862 0.000150821 0.000125275
0.00318052 3.5231e-05 2.01607e-05 9.42192e-05 0.000568379 0.0021109 0.00557728 0.00819299 0.00657721 0.00470781 0.00293513 0.000750577 0.000298607 0.000301461 0.000627916 0.0011922 0.00110449 0.0013509 0.00305821 0.0155041 0.0566958 0.0730438 0.0698198 0.0266055 0.00301815 0.000302283 9.25884e-05 5.88129e-05
0.00481564 4.38608e-05 1.52977e-05 4.62975e-05 0.000332511 0.000838594 0.00137196 0.00204553 0.00200298 0.00114572 0.000400138 0.000101146 6.00805e-05 0.000118047 0.000394769 0.000714871 0.000345359 0.000205791 0.000436729 0.00129392 0.00326355 0.0182393 0.0817679 0.0593517 0.00367755 0.000132598 2.19989e-05 2.17365e-05
0.00470978 3.34811e-05 7.43378e-06 1.43708e-05 7.39117e-05 0.00017154 0.000458164 0.00102389 0.000806175 0.000228193 4.05709e-05 1.20429e-05 1.07441e-05 2.87994e-05 9.95187e-05 0.000131471 5.27254e-05 2.47359e-05 3.5633e-05 0.000127179 0.000887818 0.0119852 0.044274 0.012023 0.000383794 1.68372e-05 3.5148e-06 9.04926e-06
0.00688545 9.69491e-05 2.81544e-05 3.63257e-05 9.00293e-05 0.000229704 0.00103111 0.00213376 0.00112199 0.000246698 4.96059e-05 2.09759e-05 2.48333e-05 5.45612e-05 0.000109848 0.000112331 5.41812e-05 3.57529e-05 4.12614e-05 0.000161648 0.00202844 0.0125897 0.0121584 0.00170858 0.000110184 1.70922e-05 7.17947e-06 3.80527e-05
0.0242141 0.00235478 0.00151781 0.00138313 0.00165476 0.00264289 0.00519639 0.0063551 0.00420122 0.00209312 0.00117799 0.000832983 0.00104819 0.00156577 0.00163212 0.00152333 0.0013843 0.00130525 0.00137735 0.00264494 0.00829525 0.0139965 0.00868207 0.00326388 0.00158063 0.0008273 0.00076451 0.00327206
