0.0127507 0.000766711 0.000422093 0.000542662 0.000959891 0.0010829 0.00140893 0.00194345 0.00228059 0.00182268 0.00138176 0.00116415 0.00111985 0.0013272 0.00133809 0.000958782 0.000905522 0.00101701 0.000880447 0.0012483 0.00330888 0.00821209 0.00995805 0.00615808 0.00222838 0.000603066 0.00033878 0.00126106
0.0038123 5.7249e-05 3.7067e-05 6.04173e-05 0.000132687 0.000163417 0.00027676 0.000416944 0.000427875 0.000237925 0.000144363 0.000136721 0.000194484 0.000331169 0.000255804 0.000145945 0.000186139 0.000237731 0.000136803 0.00016255 0.00053395 0.00131727 0.00256339 0.00192881 0.000282312 4.63628e-05 2.37136e-05 9.47213e-05
0.00508988 0.000126668 7.51761e-05 0.000146149 0.000351645 0.000419602 0.000622534 0.000869166 0.000778812 0.000379295 0.000279579 0.000419635 0.000774948 0.00119497 0.000663263 0.000376082 0.000601863 0.000587472 0.000310917 0.000299355 0.00066509 0.00172011 0.00447409 0.00349414 0.00032976 5.25937e-05 5.5388e-05 0.000178368
0.00287758 5.05159e-05 3.17969e-05 0.000127526 0.000391322 0.000541689 0.00086258 0.00110215 0.000679378 0.00028784 0.00027786 0.000420949 0.000655578 0.000870336 0.000449191 0.00027554 0.000374458 0.000368305 0.000478897 0.000909836 0.00132218 0.00224162 0.0041331 0.00265029 0.000418196 9.87445e-05 0.00012343 0.000215635
0.00174056 2.75099e-05 3.74636e-05 0.000462494 0.00149551 0.00173959 0.00337141 0.00345693 0.00153115 0.000733041 0.000806674 0.000906345 0.00115508 0.00174283 0.00117698 0.000610011 0.000603084 0.00141599 0.00542418 0.013696 0.0146235 0.0158201 0.0168581 0.00839018 0.00196239 0.000452732 0.000261708 0.00018174
0.00147628 2.38331e-05 4.56928e-05 0.000619376 0.00115338 0.000781094 0.00196941 0.00310687 0.00174016 0.0012246 0.000988485 0.000679819 0.00082591 0.00130563 0.00101505 0.000587853 0.000683254 0.00273017 0.00935623 0.0113717 0.0121483 0.0138592 0.0102703 0.00385316 0.00108465 0.000306695 0.00016242 0.000137313
0.00148169 3.00804e-05 5.71938e-05 0.000471297 0.000539241 0.000376137 0.000963344 0.00256177 0.00344521 0.0026634 0.00130597 0.000706712 0.00112107 0.00211307 0.00167124 0.00125012 0.00240767 0.007592 0.0102236 0.00854598 0.0117343 0.0109973 0.00500265 0.00162482 0.000414211 0.000142822 6.52987e-05 8.55005e-05
0.00242691 7.83746e-05 0.000185811 0.00120063 0.00115618 0.000821377 0.00131529 0.00211372 0.00402482 0.00578768 0.00528357 0.00792333 0.0198298 0.0449842 0.058116 0.0590192 0.109643 0.181004 0.142347 0.132741 0.137246 0.0473025 0.00861726 0.0017912 0.000459221 0.000119359 2.54429e-05 4.48967e-05
0.0043541 0.000251117 0.00055627 0.00279339 0.0031787 0.00142077 0.00205615 0.00237617 0.00598047 0.0340697 0.0949215 0.281121 0.542812 0.691162 0.801303 0.8181 0.856441 0.887128 0.835272 0.823706 0.686287 0.22825 0.0331664 0.00446266 0.000627722 7.68152e-05 8.99319e-06 2.55952e-05
0.0047142 0.000281663 0.000378204 0.00140405 0.00226778 0.00128844 0.00183734 0.00476454 0.0495716 0.497886 0.84993 0.921633 0.924621 0.923888 0.936127 0.898284 0.863621 0.904302 0.919779 0.943874 0.904653 0.643343 0.176944 0.0174149 0.000869447 4.15296e-05 1.18208e-05 3.9711e-05
0.00449245 0.000161312 0.000115287 0.000352883 0.000887003 0.000959545 0.00254106 0.024871 0.398891 0.908491 0.925621 0.778217 0.531052 0.553665 0.669473 0.409787 0.2403 0.373602 0.703205 0.919589 0.931792 0.825831 0.446483 0.0509039 0.00160507 7.79652e-05 5.95683e-05 0.00016722
0.00319362 6.54772e-05 3.28161e-05 0.000113989 0.000432235 0.00128525 0.0112951 0.232519 0.823101 0.901764 0.437589 0.035102 0.012763 0.037846 0.121028 0.056945 0.02839 0.0709737 0.48986 0.911832 0.957033 0.927403 0.762318 0.250597 0.0123996 0.000654617 0.000362833 0.000381868
0.00176406 1.92835e-05 1.27763e-05 6.7165e-05 0.000508003 0.00505225 0.0864011 0.733782 0.916937 0.744447 0.0836712 0.00355226 0.00410901 0.0342035 0.108938 0.0866577 0.0884299 0.286149 0.83461 0.970099 0.975921 0.95066 0.823118 0.420726 0.0611617 0.00414694 0.000821419 0.000333511
0.00159573 1.34987e-05 8.84372e-06 5.36537e-05 0.000660188 0.0102806 0.279741 0.913422 0.937067 0.722994 0.182208 0.0336433 0.0764219 0.319731 0.558471 0.684238 0.807824 0.9296 0.978845 0.979974 0.913979 0.676131 0.340499 0.126039 0.0233985 0.00230409 0.000415962 0.000190157
0.001862 1.55546e-05 1.02109e-05 6.23718e-05 0.000816618 0.0113808 0.210488 0.783875 0.820714 0.74376 0.758561 0.654256 0.694229 0.719926 0.788179 0.919463 0.965715 0.983156 0.97499 0.85102 0.265173 0.0410898 0.0145804 0.00749647 0.00210728 0.000414594 0.00015241 0.000109118
0.00323693 4.55149e-05 3.63511e-05 0.000217328 0.00264402 0.0184378 0.142426 0.419681 0.394712 0.407709 0.653107 0.608349 0.365831 0.303447 0.569458 0.890358 0.966395 0.967382 0.790401 0.138769 0.00753884 0.00134636 0.000734406 0.000552183 0.000404577 0.000202561 0.000101909 8.05787e-05
0.00580192 0.000144357 0.00013375 0.000937071 0.0104035 0.0434467 0.160317 0.222369 0.0991364 0.0476389 0.0483059 0.0265535 0.0152683 0.0516482 0.528914 0.942331 0.966266 0.887655 0.186887 0.00617477 0.000710329 0.000225976 0.000180823 0.000247695 0.000271156 0.000171007 9.88456e-05 8.04584e-05
0.00828504 0.000341212 0.000465904 0.00291325 0.0185127 0.0421234 0.0766185 0.053961 0.0126932 0.00509473 0.0043848 0.00500388 0.0168552 0.144621 0.875274 0.979441 0.946187 0.70016 0.0531906 0.00243302 0.000423967 0.000104702 8.42509e-05 0.000169497 0.000178139 0.000114851 6.1181e-05 6.50071e-05
0.00918238 0.000628703 0.0012453 0.0053203 0.012636 0.01604 0.0125309 0.00422207 0.0015795 0.00128768 0.00308699 0.0252631 0.297713 0.815292 0.972507 0.970689 0.829983 0.392259 0.0390256 0.00260336 0.000354995 7.68225e-05 5.98598e-05 0.00012494 0.000109219 7.11795e-05 3.49395e-05 5.0561e-05
0.00581533 0.000312034 0.000480816 0.00229443 0.00731748 0.0107491 0.00278988 0.000324843 0.000162511 0.000487249 0.00890665 0.280943 0.897473 0.961404 0.923335 0.639913 0.214227 0.0654365 0.0132645 0.00145726 0.00020357 7.03933e-05 8.25203e-05 0.000181455 0.000115889 6.46104e-05 4.64332e-05 6.22606e-05
0.00319347 9.35129e-05 9.0314e-05 0.000863046 0.00645252 0.00751875 0.00127806 0.000138339 0.000149013 0.00133107 0.0371993 0.687591 0.950671 0.926455 0.577255 0.0632438 0.0119677 0.00511971 0.0021762 0.000526247 9.94395e-05 6.2064e-05 0.000131939 0.000317765 0.000218063 0.000126971 0.00010449 0.000111991
0.00192188 3.08148e-05 2.45507e-05 0.000337623 0.00379653 0.00379061 0.000919155 0.00037071 0.00127907 0.0220025 0.273828 0.835073 0.935201 0.832003 0.238964 0.00958074 0.0013015 0.000466567 0.000285728 0.000128951 3.63332e-05 3.69689e-05 9.94709e-05 0.00027486 0.000339253 0.000258403 0.000208402 0.00017442
0.00143226 1.45579e-05 1.26689e-05 0.000158034 0.00133866 0.00123307 0.000885637 0.00140968 0.0111914 0.273305 0.791126 0.933914 0.904083 0.544984 0.0538173 0.00149092 0.000234312 9.79259e-05 7.37086e-05 5.18921e-05 2.66497e-05 3.45823e-05 8.28515e-05 0.000284787 0.000477066 0.000385107 0.000249262 0.000157436
0.00129615 9.437e-06 6.53731e-06 4.99143e-05 0.000278196 0.000253151 0.000286612 0.00097329 0.0263983 0.652498 0.937564 0.955748 0.733494 0.088718 0.00412846 0.000230649 7.6226e-05 5.44292e-05 4.7376e-05 3.79369e-05 3.68084e-05 7.57541e-05 0.000203189 0.000617588 0.000536231 0.000206752 8.0101e-05 6.80147e-05
0.00143571 4.27574e-06 1.73111e-06 8.90309e-06 2.98332e-05 2.01743e-05 3.48848e-05 0.00032686 0.0189497 0.604332 0.92188 0.901466 0.339849 0.00705114 0.000303757 5.12421e-05 2.80715e-05 2.72929e-05 2.50119e-05 2.28399e-05 3.41294e-05 0.000107343 0.000287778 0.000436796 0.000144096 3.71217e-05 1.14065e-05 2.29174e-05
0.00117376 2.21055e-06 7.00502e-07 2.87345e-06 4.87569e-06 3.30826e-06 1.0989e-05 0.000168574 0.00843996 0.200194 0.535173 0.489856 0.0947358 0.00333348 0.000235165 5.77255e-05 2.62519e-05 2.01177e-05 1.4553e-05 1.55984e-05 3.68973e-05 0.000100835 0.000123234 6.8453e-05 1.39314e-05 4.9543e-06 1.69262e-06 8.18186e-06
0.00196579 1.05204e-05 6.56181e-06 1.58852e-05 1.33677e-05 1.32012e-05 4.23582e-05 0.00037244 0.00483041 0.0382976 0.1079 0.123193 0.0547461 0.00689812 0.00144144 0.000494844 0.000174164 9.2752e-05 6.91905e-05 8.01968e-05 0.000175805 0.000277955 0.000158219 6.08405e-05 1.91633e-05 1.15505e-05 4.31611e-06 2.80656e-05
0.013619 0.0009465 0.00105173 0.00124465 0.000946959 0.000916502 0.00161787 0.00379241 0.00886798 0.0226069 0.0316456 0.035829 0.0281561 0.0112554 0.00719996 0.00504894 0.00298741 0.00213306 0.00178174 0.00174909 0.0024888 0.00270851 0.0016731 0.0010432 0.00101798 0.00090622 0.000631288 0.00264302
