0.00816839 0.000258947 0.000253946 0.000727201 0.00112638 0.00094555 0.00113947 0.00105795 0.000667753 0.0003956 0.0004514 0.000772246 0.00121018 0.0017553 0.00176358 0.00138516 0.00133215 0.0017139 0.00225946 0.00202279 0.00132601 0.000826798 0.000954046 0.00377706 0.016097 0.0156031 0.00335295 0.00172464
0.00186851 1.0026e-05 2.28318e-05 0.000132943 0.000179111 0.000127886 0.000156779 0.000106908 4.64939e-05 3.24409e-05 5.66413e-05 0.000141877 0.000279859 0.000372511 0.000307298 0.000249578 0.000392217 0.000845626 0.00129563 0.000649634 0.000159566 6.82045e-05 0.000122731 0.00102945 0.00674029 0.00435752 0.000359711 9.70489e-05
0.00159894 1.88481e-05 5.28169e-05 0.00034466 0.000408367 0.000229377 0.000251353 0.000148736 7.84448e-05 0.000102016 0.000250082 0.00061693 0.00126313 0.0012688 0.00083545 0.0012151 0.00301041 0.00665973 0.00550477 0.00083663 0.000116649 6.83623e-05 0.000267227 0.00333776 0.0104266 0.00302323 0.000368938 0.000104591
0.00126128 1.64809e-05 2.54089e-05 0.000131217 0.000169818 0.00010312 9.55086e-05 7.89642e-05 0.000102262 0.000268472 0.00070044 0.00109096 0.00179521 0.00192635 0.00181402 0.00447791 0.00781732 0.00600373 0.00190332 0.00018032 4.04352e-05 5.23632e-05 0.000220454 0.00165965 0.00367551 0.0013431 0.000320701 0.000110435
0.00114384 1.0553e-05 1.45317e-05 0.000105365 0.000350157 0.000308905 0.000298952 0.000465167 0.00115385 0.00335692 0.00549649 0.00534794 0.00737811 0.011219 0.0165021 0.0317549 0.0257865 0.00486548 0.000908646 0.000167075 8.28393e-05 0.000169919 0.000433767 0.00180459 0.00341582 0.00188664 0.000484737 0.000114189
0.00110318 8.67546e-06 1.0522e-05 0.000117378 0.00113404 0.00281338 0.00637331 0.0198041 0.0515279 0.0688932 0.0408922 0.0198358 0.0151602 0.0159412 0.021991 0.026118 0.011449 0.00121654 0.000208921 9.40203e-05 0.000127175 0.000280645 0.000449382 0.00119688 0.00193524 0.00106904 0.000230839 5.86944e-05
0.00110356 7.81658e-06 2.15997e-05 0.000620586 0.0141018 0.0908383 0.257646 0.488466 0.596493 0.458115 0.217885 0.0727174 0.0341029 0.0227815 0.0210217 0.0217062 0.00675486 0.000793886 0.000237502 0.000254053 0.000429689 0.000559808 0.000721389 0.0013626 0.00162059 0.000529077 8.11106e-05 3.32175e-05
0.0011868 1.18461e-05 4.16262e-05 0.00271429 0.172927 0.77794 0.88589 0.896077 0.881899 0.834907 0.762907 0.581127 0.390298 0.290058 0.223886 0.187543 0.0535613 0.00876066 0.00415952 0.00464443 0.00392667 0.00154322 0.00171178 0.00252341 0.00165919 0.000466163 0.000149564 9.58868e-05
0.00146366 1.85995e-05 6.10138e-05 0.00751632 0.447209 0.902194 0.904652 0.833758 0.824159 0.88759 0.944681 0.937977 0.904549 0.895689 0.892307 0.860764 0.646183 0.302601 0.223424 0.200261 0.0687412 0.00979427 0.00625468 0.0063732 0.00215893 0.000915879 0.000810275 0.000475085
0.00178343 3.52456e-05 0.000130886 0.012166 0.376214 0.640833 0.473501 0.254506 0.311917 0.528696 0.725439 0.730629 0.723237 0.85504 0.913876 0.940002 0.90337 0.879205 0.91976 0.932045 0.726612 0.157677 0.0441396 0.0145172 0.00222937 0.000523166 0.00040421 0.000320922
0.00239051 7.07593e-05 0.000233741 0.00674597 0.0573402 0.0711368 0.0387748 0.0213101 0.0309521 0.0402835 0.0359627 0.0330685 0.0552285 0.178017 0.292683 0.393384 0.431794 0.636585 0.903532 0.970118 0.931546 0.553919 0.125256 0.0136717 0.0012697 0.000145737 5.0032e-05 6.32617e-05
0.00372132 0.00015732 0.0006201 0.0081745 0.0143451 0.00958558 0.00709104 0.00569855 0.00624776 0.00319241 0.00166592 0.00187304 0.00398383 0.0125286 0.0194789 0.0178667 0.0127664 0.0333874 0.415928 0.911212 0.942736 0.782332 0.234435 0.0193664 0.00125395 0.000113243 3.31235e-05 4.36036e-05
0.0051473 0.000409266 0.00152729 0.0106212 0.0112947 0.00700946 0.00568649 0.00423188 0.00276145 0.000863618 0.000460978 0.000621876 0.00133282 0.00390741 0.0074849 0.00430561 0.00241827 0.0108495 0.329384 0.93775 0.96931 0.837192 0.214354 0.0168721 0.00131909 0.00015281 6.09782e-05 7.21124e-05
0.00309814 0.000144488 0.000299258 0.00156975 0.00223784 0.00232699 0.00293007 0.00216912 0.000797904 0.000213223 0.000144384 0.000199558 0.000404337 0.00187017 0.0104735 0.0120352 0.0054552 0.0280374 0.690147 0.976585 0.961293 0.528971 0.047581 0.00578729 0.000654385 0.00010865 3.84621e-05 5.37194e-05
0.00172275 2.37853e-05 2.17512e-05 0.000123273 0.000384691 0.000719547 0.00129676 0.000864969 0.000261084 8.51111e-05 7.80967e-05 0.000130508 0.000263139 0.00210715 0.0216432 0.0326159 0.0174907 0.167487 0.952365 0.990129 0.879504 0.0641138 0.00410866 0.00126983 0.000211131 4.90546e-05 1.54982e-05 2.79507e-05
0.00134862 1.13224e-05 6.98644e-06 4.19617e-05 0.000193478 0.000352569 0.000522631 0.000352847 0.000152696 9.61633e-05 0.00012963 0.000359836 0.00103998 0.00612714 0.0210252 0.0209526 0.039778 0.578782 0.985391 0.978922 0.344392 0.00249395 0.000333303 0.000274393 8.18336e-05 3.21139e-05 1.01174e-05 2.05555e-05
0.00127258 9.16205e-06 6.26876e-06 3.83456e-05 0.000195192 0.000275668 0.000296901 0.000272488 0.000245153 0.000314068 0.000473183 0.00168963 0.00793242 0.0134432 0.0131846 0.023396 0.105055 0.815417 0.976462 0.823638 0.0393375 0.000336366 0.000125406 0.000219475 7.39235e-05 2.90453e-05 1.02366e-05 2.15802e-05
0.00172992 1.59871e-05 9.08035e-06 4.57928e-05 0.000255256 0.000377015 0.000429362 0.000510218 0.000572816 0.000740838 0.00106538 0.00261603 0.00798576 0.010719 0.0218903 0.144237 0.627534 0.949343 0.954352 0.533487 0.0158423 0.000373831 0.000287208 0.000552163 0.000162355 5.02383e-05 2.22096e-05 3.60413e-05
0.00255885 3.0631e-05 1.49513e-05 6.52716e-05 0.000296096 0.000480272 0.000679491 0.000791831 0.000608751 0.000527693 0.000861602 0.00118406 0.0025794 0.00938851 0.111874 0.799926 0.959177 0.974528 0.87905 0.205408 0.0102545 0.000855451 0.00091718 0.00164147 0.0003604 9.73708e-05 5.51285e-05 6.82245e-05
0.00287671 4.52768e-05 2.9594e-05 0.000148964 0.000559764 0.000773987 0.000894573 0.000799184 0.000477344 0.000351836 0.000536507 0.000846299 0.00333687 0.032191 0.570629 0.954316 0.965093 0.921035 0.460843 0.0404919 0.00372842 0.000858299 0.00187853 0.00398989 0.000558889 9.63303e-05 4.90147e-05 6.26462e-05
0.0030805 7.258e-05 6.73038e-05 0.000353028 0.00103153 0.000933167 0.000785998 0.00054605 0.000310137 0.000251724 0.000558824 0.00198751 0.0206671 0.382642 0.943425 0.966196 0.802308 0.304969 0.0315355 0.00325002 0.000875238 0.000972613 0.00294379 0.0035657 0.000400858 4.97236e-05 1.84742e-05 3.0478e-05
0.0027989 6.23496e-05 5.74999e-05 0.000223905 0.000440015 0.000351267 0.000327411 0.000344878 0.000327592 0.000473229 0.00123423 0.00736823 0.185492 0.862602 0.963394 0.809775 0.109832 0.00818825 0.00141194 0.000495458 0.000575158 0.00154582 0.00265947 0.00157629 0.000216479 4.44654e-05 1.59404e-05 2.61233e-05
0.00224799 3.38141e-05 1.83487e-05 4.54319e-05 9.2389e-05 0.000109106 0.000164642 0.000393444 0.00100836 0.0017751 0.00311112 0.0270313 0.510338 0.950774 0.93664 0.29212 0.0101793 0.000783349 0.000314531 0.000473757 0.000939457 0.00174512 0.00153312 0.000643583 0.000154571 6.10238e-05 2.34051e-05 3.67332e-05
0.00211274 2.37969e-05 7.88307e-06 1.59264e-05 4.49323e-05 9.3643e-05 0.000236472 0.000709248 0.00225533 0.00503642 0.0125023 0.157327 0.809728 0.959705 0.856328 0.0862085 0.00285158 0.000257491 0.000149679 0.000385169 0.000951986 0.0013075 0.000525884 0.00019748 9.12804e-05 5.5648e-05 1.83375e-05 3.25643e-05
0.002428 1.14598e-05 2.6762e-06 6.47342e-06 3.28455e-05 0.000112228 0.00031242 0.000557692 0.00169245 0.00967285 0.0790801 0.6882 0.940426 0.952641 0.700326 0.0198307 0.00076792 9.72223e-05 5.41905e-05 0.00014765 0.000266222 0.000216105 8.19361e-05 4.70762e-05 2.87312e-05 2.41412e-05 8.25786e-06 1.72864e-05
0.00195921 5.36436e-06 9.82871e-07 3.09258e-06 2.68749e-05 0.000117498 0.000243566 0.00026042 0.000678042 0.00802605 0.305633 0.932707 0.955518 0.866666 0.264538 0.00293097 0.000148486 4.02936e-05 2.58158e-05 5.53774e-05 7.00698e-05 4.1111e-05 1.69945e-05 1.38911e-05 1.07257e-05 9.45615e-06 3.67171e-06 9.79768e-06
0.00282624 1.77844e-05 7.19496e-06 1.95725e-05 0.000115039 0.000354333 0.000365827 0.000253935 0.000358878 0.00546005 0.200696 0.765018 0.645148 0.192889 0.0262783 0.000804705 0.000133796 9.53272e-05 9.33141e-05 0.000150668 0.000139094 8.34346e-05 4.9161e-05 4.84556e-05 3.94898e-05 2.89777e-05 9.97564e-06 3.39893e-05
0.0165494 0.00116108 0.000923951 0.0011906 0.00224175 0.00323429 0.00356033 0.00282889 0.00283241 0.0126484 0.0729072 0.173074 0.0845256 0.0267171 0.0120939 0.00261713 0.00179313 0.00218383 0.00188369 0.00231382 0.00198603 0.00154741 0.0014349 0.00155089 0.00163634 0.00125967 0.000806126 0.0025688
