0.00629019 0.000186604 0.000160648 0.000491231 0.00149243 0.00213735 0.00186809 0.00133696 0.00143731 0.00279453 0.00527217 0.00614073 0.00322133 0.00126359 0.0010952 0.00129949 0.00152227 0.00128205 0.0010897 0.00132291 0.00128124 0.00122311 0.00099177 0.000556322 0.000376109 0.000347486 0.000488656 0.00185107
0.00233501 1.84831e-05 1.83411e-05 7.25527e-05 0.000319716 0.000416051 0.000197597 9.64261e-05 0.000104644 0.000265665 0.000723331 0.000887658 0.000296904 9.92509e-05 0.000149875 0.000354137 0.000468996 0.000283668 0.000201984 0.000185919 0.000141082 0.000114513 8.13662e-05 3.51087e-05 3.29839e-05 5.04615e-05 6.35298e-05 0.000155197
0.004752 8.52669e-05 5.49471e-05 0.000161861 0.000640511 0.000495854 0.000165191 8.89946e-05 0.000161543 0.000565375 0.00107183 0.000703581 0.00025112 0.000159152 0.000498004 0.0019873 0.00189821 0.000800897 0.000538581 0.000308275 0.000180417 0.000139415 9.7226e-05 6.67739e-05 7.15117e-05 0.000106966 0.000144537 0.000184121
0.00387523 8.37615e-05 3.3742e-05 8.42526e-05 0.000266928 0.000198613 0.000129559 0.000188567 0.000492467 0.00126486 0.00126338 0.000515111 0.000260433 0.000275714 0.00180336 0.0127095 0.00919159 0.00296654 0.00136058 0.000411185 0.000232468 0.000191558 0.000111582 7.67216e-05 6.78577e-05 6.82584e-05 5.54885e-05 7.96949e-05
0.00305569 5.5842e-05 3.0105e-05 9.85862e-05 0.000347021 0.000415537 0.000838533 0.00279205 0.00750942 0.0182413 0.0187457 0.00560671 0.00348276 0.00439766 0.0178348 0.108551 0.0667059 0.0159958 0.00530439 0.00138225 0.00091051 0.000655614 0.000234627 0.000117618 6.21961e-05 3.89118e-05 1.58292e-05 2.84294e-05
0.00281923 4.31093e-05 2.39706e-05 8.79391e-05 0.000312205 0.00044207 0.00181782 0.0192742 0.123587 0.401815 0.457941 0.14621 0.0562095 0.0281278 0.0491627 0.154271 0.0496042 0.00984622 0.00401181 0.00173879 0.00140692 0.000747401 0.000210422 8.87651e-05 3.42055e-05 2.00302e-05 8.50226e-06 2.24677e-05
0.0035745 5.78075e-05 3.2055e-05 0.000115765 0.000512284 0.000748908 0.00363163 0.0770233 0.48649 0.854272 0.870509 0.519408 0.208503 0.0470619 0.033491 0.0448901 0.010884 0.00400209 0.00296544 0.00197845 0.00124692 0.000443691 0.000132481 6.70293e-05 2.50351e-05 1.76448e-05 1.09494e-05 3.27239e-05
0.00487622 0.000106568 0.000108747 0.000421422 0.00147709 0.00183433 0.00949988 0.215369 0.728301 0.874336 0.744948 0.232185 0.0564792 0.00974206 0.00385028 0.00295921 0.00156401 0.00153352 0.00151846 0.000943138 0.000422246 0.000119739 4.87812e-05 4.15217e-05 1.86362e-05 1.56586e-05 1.79249e-05 4.68522e-05
0.00541996 0.00019966 0.000379083 0.00108897 0.00304402 0.00294318 0.0150697 0.373635 0.779869 0.60454 0.125243 0.0153501 0.00308565 0.000651627 0.000527119 0.0007542 0.00121618 0.00204345 0.00147687 0.000492547 0.000160168 4.68114e-05 2.87264e-05 4.19712e-05 2.48335e-05 2.26387e-05 2.98922e-05 4.97867e-05
0.0121746 0.000687151 0.000892005 0.000987758 0.00213036 0.0031556 0.0306727 0.585071 0.739615 0.242858 0.0241233 0.004387 0.000856252 0.000228779 0.000311081 0.000557766 0.00140576 0.00242225 0.00133727 0.000332394 8.27623e-05 2.93212e-05 3.35982e-05 9.10471e-05 7.92683e-05 6.12168e-05 4.74867e-05 4.11316e-05
0.0294277 0.00148552 0.000745837 0.000404523 0.000808084 0.00355913 0.0832015 0.781406 0.724379 0.160597 0.0396588 0.011388 0.00197662 0.000711043 0.00133787 0.00212708 0.00360976 0.00542835 0.00339348 0.000896611 0.000225716 8.13084e-05 9.50528e-05 0.000285676 0.000269569 0.000111399 4.10502e-05 2.88228e-05
0.0141219 0.000388299 0.000146555 0.000145751 0.000474421 0.00403893 0.116129 0.771078 0.683383 0.205337 0.097872 0.0579564 0.0484123 0.0651489 0.114361 0.140944 0.152043 0.161386 0.108778 0.0290892 0.0048718 0.0010067 0.000733057 0.000965665 0.000567427 0.000160467 4.33783e-05 3.42572e-05
0.00373007 5.57982e-05 3.88889e-05 0.000106506 0.000543437 0.00470612 0.0838465 0.629304 0.759478 0.398076 0.199374 0.273896 0.583756 0.79074 0.857271 0.89592 0.894275 0.889647 0.834725 0.533535 0.132114 0.0189772 0.0069293 0.00282672 0.000638415 0.000220914 7.62915e-05 7.62163e-05
0.00155159 1.32047e-05 1.45859e-05 7.20412e-05 0.000410611 0.00248815 0.030637 0.382035 0.721565 0.545477 0.321195 0.446695 0.709067 0.770125 0.822803 0.886372 0.87397 0.885838 0.864161 0.774415 0.595693 0.207237 0.0284831 0.00260375 0.000302619 9.45557e-05 3.62738e-05 6.83723e-05
0.00119948 1.09054e-05 1.09289e-05 5.81309e-05 0.000247133 0.000747795 0.00622322 0.0920652 0.264007 0.204293 0.161692 0.179792 0.171357 0.13611 0.135551 0.133371 0.0688368 0.0544049 0.0981434 0.293158 0.707291 0.630224 0.071829 0.00185005 0.000140817 3.35087e-05 1.02318e-05 3.02651e-05
0.00178349 2.22103e-05 1.53918e-05 5.07232e-05 0.000130407 0.000212644 0.000868676 0.00636836 0.0148205 0.0136437 0.0168864 0.0225567 0.0213237 0.0217182 0.0148432 0.00613488 0.00168771 0.000892868 0.00243966 0.0321527 0.686843 0.902217 0.289218 0.00801523 0.000462149 6.24099e-05 2.0153e-05 3.6622e-05
0.00302346 3.35754e-05 1.20788e-05 2.57029e-05 4.88594e-05 6.25302e-05 0.000194283 0.000608753 0.000938887 0.00160783 0.00393692 0.0112396 0.014864 0.0116284 0.00423921 0.000987967 0.000315382 0.000154414 0.000537596 0.0167416 0.604198 0.929638 0.541147 0.03026 0.00258247 0.000294182 9.27834e-05 8.64464e-05
0.00229799 1.73028e-05 5.21381e-06 1.09859e-05 2.36531e-05 3.20341e-05 6.96291e-05 0.000111023 0.000190103 0.000568661 0.00190334 0.00537206 0.00474316 0.00148643 0.000377235 0.000153143 0.000119964 0.000163705 0.000788346 0.0232156 0.600034 0.915407 0.555837 0.0463222 0.00682203 0.00083544 0.000165632 0.0001003
0.00123903 5.17897e-06 2.11669e-06 7.24918e-06 2.44458e-05 4.85826e-05 7.73772e-05 8.95335e-05 0.000291105 0.00139894 0.00373077 0.00428284 0.00152996 0.000265796 7.95766e-05 0.000102561 0.000270304 0.00122164 0.00846626 0.112366 0.699804 0.810334 0.234396 0.0186275 0.00468013 0.000850028 9.9475e-05 5.97998e-05
0.00104964 3.80614e-06 1.44256e-06 7.52542e-06 6.8907e-05 0.000281523 0.000369099 0.000298753 0.00107987 0.00613812 0.0129757 0.00733351 0.001036 0.000124008 4.6046e-05 0.000112975 0.0008677 0.00701045 0.0562319 0.308662 0.622153 0.432439 0.0446946 0.00572668 0.00180091 0.00040523 5.16864e-05 4.22849e-05
0.00115984 4.80989e-06 2.1623e-06 1.88114e-05 0.000278764 0.00144472 0.00155201 0.00115207 0.00460862 0.0291898 0.0430958 0.0150954 0.00218906 0.000316581 0.000217765 0.000707063 0.00513432 0.0404596 0.156958 0.319769 0.337453 0.0960268 0.0103902 0.00304688 0.000751616 0.000166163 4.18104e-05 4.82059e-05
0.00114681 6.99829e-06 5.67456e-06 8.89171e-05 0.00155522 0.00588584 0.0042999 0.00393501 0.0197916 0.170756 0.319241 0.170235 0.0524226 0.0187033 0.0249198 0.0650783 0.219079 0.446599 0.519122 0.355194 0.0685602 0.0060809 0.00159485 0.00138828 0.000418314 0.000118518 5.25081e-05 6.30896e-05
0.00136204 1.75519e-05 2.55273e-05 0.000414263 0.00404894 0.00665816 0.0044661 0.00562497 0.0361084 0.375355 0.771463 0.785258 0.68809 0.682238 0.785087 0.848783 0.881936 0.814497 0.49499 0.087285 0.00559894 0.000596407 0.000445285 0.00100104 0.000395458 0.000127823 6.47095e-05 7.15461e-05
0.00246002 4.94869e-05 6.51409e-05 0.000464992 0.0018068 0.00182281 0.00150584 0.0029663 0.0264008 0.309933 0.775895 0.868949 0.850479 0.853903 0.888041 0.894616 0.811541 0.448341 0.079603 0.0065157 0.000481756 0.000104561 0.00019472 0.000570349 0.000180905 6.00139e-05 3.46704e-05 5.16951e-05
0.00396686 4.43013e-05 2.40072e-05 6.87937e-05 0.000222569 0.000280423 0.000260361 0.000487292 0.00382778 0.0486068 0.189931 0.262694 0.186097 0.102756 0.117896 0.172592 0.157361 0.0372614 0.00407532 0.000410636 4.52631e-05 2.11042e-05 4.92867e-05 0.000111761 4.51945e-05 1.7031e-05 1.24488e-05 2.60475e-05
0.00291655 1.53738e-05 3.98026e-06 9.93978e-06 4.95752e-05 9.92826e-05 8.88051e-05 0.00012705 0.000731056 0.00772138 0.0338003 0.0403178 0.0120393 0.00242233 0.00281205 0.00636994 0.0102154 0.00363447 0.000486913 6.68287e-05 9.50014e-06 5.79534e-06 1.06867e-05 2.09306e-05 1.67384e-05 9.33435e-06 9.04543e-06 2.05449e-05
0.0032704 2.82349e-05 1.17402e-05 2.89034e-05 0.000156973 0.000335386 0.000194594 0.000245584 0.00121166 0.00845704 0.0363993 0.0398352 0.00825161 0.00125394 0.00160078 0.00323134 0.00501616 0.00241601 0.000666247 0.000154643 3.12968e-05 1.78722e-05 2.60866e-05 4.97545e-05 7.01239e-05 5.15291e-05 3.8024e-05 9.25963e-05
0.0171978 0.00136244 0.000991896 0.00131538 0.00308291 0.00428739 0.0026675 0.00273385 0.00556727 0.013046 0.0243561 0.0235917 0.0112375 0.00452141 0.00475086 0.00589977 0.0063424 0.00482866 0.0036567 0.00213833 0.00128007 0.00105291 0.00112327 0.00146674 0.00221257 0.00177934 0.00155965 0.00452886
