0.0129082 0.000388625 0.000135862 0.000183612 0.00040635 0.000634961 0.00109814 0.00241983 0.00429098 0.00547318 0.00509254 0.00237261 0.0010031 0.000603113 0.000982703 0.00270681 0.00497392 0.00605273 0.00503663 0.00447419 0.00305952 0.00152273 0.000803608 0.000473781 0.00041686 0.000378078 0.000335922 0.00133666
0.00317298 1.90944e-05 9.09837e-06 1.95389e-05 4.8905e-05 9.54228e-05 0.000216113 0.000462278 0.000940575 0.00118813 0.000858917 0.000299446 5.96249e-05 4.20653e-05 0.000141437 0.000596466 0.00136505 0.00110328 0.000718372 0.000688629 0.000295333 0.000111875 5.34167e-05 3.36709e-05 2.68765e-05 2.29923e-05 1.49965e-05 6.46239e-05
0.00247027 2.2533e-05 1.54206e-05 4.77383e-05 0.000147689 0.000296782 0.000630037 0.000899399 0.00124531 0.00153152 0.00113883 0.000415814 0.000143093 0.00023581 0.00113422 0.00376057 0.00477476 0.001775 0.000999567 0.000747243 0.000208598 7.93286e-05 4.11372e-05 2.97718e-05 1.65158e-05 1.19587e-05 9.77808e-06 4.63777e-05
0.00183087 1.67065e-05 7.16256e-06 2.48858e-05 0.00017127 0.000528496 0.000804571 0.000845221 0.000841151 0.000922038 0.000636995 0.000418724 0.000709982 0.0029694 0.0106978 0.0111264 0.00351358 0.000424544 0.000219613 0.000202465 8.87551e-05 6.71986e-05 4.45426e-05 3.22148e-05 1.54277e-05 1.10552e-05 1.29065e-05 4.49188e-05
0.00198873 1.71524e-05 6.53697e-06 4.5876e-05 0.000610687 0.0023442 0.00246309 0.00189669 0.00274779 0.0026946 0.00244476 0.00490143 0.0229523 0.123497 0.215164 0.0729308 0.00763183 0.000511417 0.000312206 0.000533757 0.000424098 0.000331184 0.000179711 0.000110668 4.95276e-05 3.23405e-05 3.6252e-05 7.16958e-05
0.00210511 2.35406e-05 1.4253e-05 0.000153943 0.00141283 0.00232263 0.0015503 0.0011193 0.00212348 0.00485048 0.0153547 0.127823 0.576368 0.845802 0.82736 0.39643 0.0265217 0.0012967 0.00065311 0.000748263 0.000601391 0.00029155 0.000134949 0.000113833 6.36219e-05 4.88519e-05 7.42109e-05 0.00012121
0.00233614 4.61774e-05 5.25119e-05 0.000384448 0.00124099 0.000798829 0.00057868 0.000607608 0.00170079 0.0109827 0.103835 0.671147 0.933681 0.968534 0.93478 0.646579 0.116447 0.00862434 0.0040264 0.0028416 0.00140614 0.000444306 0.000203297 0.000204163 9.8127e-05 8.05492e-05 0.000120949 0.000141757
0.00320964 8.5769e-05 0.000110402 0.000472698 0.000704119 0.000433436 0.000562884 0.00119074 0.00441261 0.0299397 0.309378 0.823533 0.936561 0.969675 0.956385 0.877375 0.681943 0.333191 0.179291 0.0826068 0.0194459 0.00235835 0.000689392 0.000343893 0.000127144 8.53422e-05 8.78182e-05 0.000103826
0.0041784 0.000113565 9.18768e-05 0.000288723 0.00056188 0.000581042 0.00140349 0.00355586 0.008865 0.0456558 0.367676 0.788871 0.904853 0.959351 0.968615 0.965505 0.962158 0.94274 0.910877 0.773136 0.293145 0.0256585 0.00336345 0.00061652 0.000148562 7.34527e-05 5.38898e-05 6.46449e-05
0.00295285 4.77284e-05 2.45113e-05 8.18517e-05 0.000239101 0.000432167 0.0018609 0.00846301 0.0293985 0.163066 0.63306 0.847151 0.935201 0.957872 0.929325 0.873737 0.856052 0.928411 0.972405 0.976683 0.891636 0.379998 0.0413532 0.00279456 0.000439485 0.00011051 4.76172e-05 4.88155e-05
0.0018017 1.46843e-05 6.00132e-06 2.7333e-05 0.000123303 0.000338693 0.00249737 0.025409 0.171863 0.626256 0.889104 0.947071 0.959533 0.912076 0.57258 0.116948 0.0852842 0.436811 0.927483 0.986045 0.969283 0.783347 0.170269 0.00720741 0.000865159 0.000140656 3.84504e-05 3.99149e-05
0.00149731 1.06088e-05 4.53071e-06 2.43964e-05 0.000124296 0.000372971 0.00400661 0.0655765 0.520834 0.88204 0.940785 0.934467 0.816629 0.377864 0.0301522 0.00205485 0.00326721 0.0574348 0.73222 0.976886 0.979477 0.889755 0.183499 0.00597882 0.000701443 0.000113103 2.45603e-05 2.97156e-05
0.00154584 1.21157e-05 6.91965e-06 3.17329e-05 0.000137433 0.000418267 0.00540017 0.136269 0.805985 0.965008 0.94873 0.721476 0.117752 0.00933941 0.000834293 0.000185728 0.00107484 0.0222929 0.330934 0.911381 0.977572 0.905783 0.13995 0.00409006 0.000475244 9.15322e-05 2.0604e-05 2.723e-05
0.00228439 2.54108e-05 1.66391e-05 6.96682e-05 0.000396453 0.00162233 0.0100081 0.169316 0.899428 0.970153 0.777723 0.0817738 0.0036116 0.000592515 0.00022984 0.000234635 0.00144827 0.0139865 0.173782 0.832015 0.974592 0.913697 0.171248 0.00922123 0.00126749 0.00018118 2.8528e-05 2.97422e-05
0.00321984 5.64239e-05 3.90564e-05 0.000194433 0.00154676 0.00540482 0.0162383 0.288047 0.955529 0.958662 0.284671 0.00346982 0.000404735 0.000268144 0.000219894 0.000342679 0.00152343 0.0147155 0.321406 0.924088 0.980105 0.949558 0.438423 0.0370992 0.0034489 0.000256994 2.61975e-05 2.87997e-05
0.00463041 0.000110744 7.26888e-05 0.000306288 0.00226245 0.00807489 0.0332787 0.58636 0.977023 0.907025 0.0483664 0.000552369 0.000161048 0.000167524 0.000181923 0.000342699 0.00232243 0.0491208 0.648478 0.953397 0.978925 0.95683 0.571409 0.0426806 0.00225467 0.000155212 1.1573e-05 2.02101e-05
0.00606913 0.000143392 8.96917e-05 0.000271266 0.00178183 0.0116616 0.0896876 0.77104 0.971607 0.76906 0.0270063 0.000800871 0.000339766 0.000283272 0.000289833 0.00110936 0.0151221 0.326214 0.890106 0.967263 0.966508 0.839704 0.139064 0.00495189 0.000354257 4.75092e-05 4.46535e-06 1.54001e-05
0.00451174 8.23685e-05 4.92714e-05 0.000199921 0.0019996 0.0178318 0.144752 0.755777 0.95411 0.833828 0.145884 0.0141982 0.00386835 0.00161571 0.00177286 0.0131758 0.212929 0.805486 0.961907 0.96549 0.8517 0.200734 0.00678763 0.000415247 4.36182e-05 1.11838e-05 2.55849e-06 1.51619e-05
0.00263905 3.33479e-05 2.33298e-05 0.000218867 0.00419829 0.0312539 0.163346 0.689181 0.953906 0.940653 0.67471 0.281683 0.0947461 0.0435426 0.075364 0.405484 0.815911 0.940969 0.962042 0.875563 0.329745 0.0206466 0.00156183 0.00019881 2.22167e-05 7.19181e-06 3.36784e-06 1.85504e-05
0.00235015 3.31726e-05 4.28143e-05 0.000773422 0.0141624 0.0452721 0.151638 0.576427 0.920197 0.961242 0.914667 0.84522 0.783722 0.788898 0.898605 0.964656 0.978672 0.973947 0.916772 0.549261 0.102284 0.0193676 0.00390017 0.000465829 4.7104e-05 1.51136e-05 1.24332e-05 3.78396e-05
0.00295233 8.03837e-05 0.000141794 0.00301978 0.0248911 0.0339264 0.0865629 0.303681 0.754554 0.920776 0.939871 0.953987 0.969514 0.974896 0.979299 0.987427 0.983132 0.95932 0.785118 0.273624 0.115102 0.0578978 0.0101159 0.00109229 0.000158726 5.12262e-05 4.59258e-05 7.39007e-05
0.00447081 0.000219098 0.000649344 0.0133298 0.0448401 0.0225833 0.0193349 0.0305086 0.173511 0.620513 0.914208 0.972869 0.982822 0.974451 0.948855 0.959283 0.947265 0.862094 0.383217 0.0759455 0.0731389 0.0638045 0.0104209 0.0017844 0.000389598 0.000104574 6.50942e-05 6.91706e-05
0.00780678 0.000698038 0.00200275 0.0222551 0.0289585 0.00537245 0.00232085 0.00192348 0.0134485 0.262569 0.883936 0.979302 0.986754 0.972595 0.901468 0.870335 0.783055 0.326588 0.0321402 0.00699252 0.0109343 0.0142635 0.00405484 0.00125135 0.000435247 0.000119115 4.66187e-05 4.57938e-05
0.00506543 0.000333514 0.000761733 0.0047197 0.00343858 0.000604008 0.000433003 0.000618029 0.00459016 0.0789213 0.623335 0.870793 0.906528 0.85523 0.507826 0.315424 0.163944 0.0277426 0.00248869 0.000856514 0.00146279 0.00154851 0.000577452 0.000340372 0.000259563 0.000166585 7.61268e-05 6.25488e-05
0.00252806 3.67444e-05 5.54324e-05 0.000247204 0.000221813 9.2603e-05 0.000109206 0.000257822 0.00118447 0.00431009 0.0209525 0.0526945 0.0784456 0.0518825 0.0144105 0.00710783 0.00413363 0.00164084 0.000440727 0.000228139 0.000199013 0.000125829 6.62504e-05 9.81778e-05 0.00014637 0.000199181 0.000139907 9.65036e-05
0.00140792 5.989e-06 3.41867e-06 1.18554e-05 2.19546e-05 2.46998e-05 4.99758e-05 0.000111109 0.000153055 0.000144302 0.00023193 0.00054316 0.00129256 0.000873849 0.000319751 0.000177938 0.00015682 0.00013025 8.62762e-05 5.29556e-05 2.01906e-05 1.15191e-05 9.94104e-06 2.37756e-05 4.36966e-05 4.78382e-05 2.3753e-05 3.24543e-05
0.00192937 1.2407e-05 8.57275e-06 2.19055e-05 5.79992e-05 0.000101274 0.000138503 0.00016693 0.000110999 7.62283e-05 0.000112777 0.000256951 0.000522929 0.000378506 0.000184856 0.000109049 0.000139117 0.000152644 0.000107132 5.94247e-05 2.67352e-05 2.01157e-05 2.20496e-05 4.26504e-05 5.29795e-05 3.42221e-05 9.17777e-06 3.26776e-05
0.0127956 0.000991697 0.000876882 0.00107498 0.00166333 0.0022201 0.00210835 0.00177779 0.0013932 0.00114668 0.00141536 0.00214576 0.00264618 0.00215435 0.00168002 0.00150202 0.00175972 0.00183164 0.00164745 0.0012967 0.00101862 0.000876273 0.000983167 0.00123432 0.00139164 0.00103214 0.000532753 0.00191336
