0.00783892 0.00018605 0.000155464 0.00037134 0.000665569 0.000537362 0.000587831 0.00130321 0.00276703 0.00291639 0.00154591 0.00132995 0.00238675 0.00316647 0.00164174 0.000639962 0.000611147 0.00126403 0.00298633 0.00443966 0.00335715 0.00170473 0.000944165 0.000687976 0.000658449 0.000613768 0.000472647 0.00138683
0.00179157 6.5609e-06 7.98249e-06 3.31723e-05 6.74975e-05 4.46822e-05 4.70131e-05 9.82881e-05 0.000189339 0.000208793 0.000151198 0.0002428 0.00105537 0.00199305 0.000504102 9.49669e-05 8.83843e-05 0.00019454 0.000621299 0.000990287 0.00051172 0.000201629 9.87987e-05 7.47074e-05 7.07231e-05 6.41039e-05 2.7495e-05 6.66062e-05
0.00155978 1.06911e-05 1.24522e-05 5.098e-05 8.36054e-05 4.12836e-05 4.12695e-05 6.45496e-05 8.97876e-05 0.000146149 0.000253351 0.0010561 0.010052 0.0221551 0.004035 0.000442426 0.000372048 0.000690316 0.00130798 0.0015432 0.000667676 0.000286843 0.000170563 0.000140443 7.42862e-05 4.26526e-05 2.05711e-05 4.49358e-05
0.00295422 5.05205e-05 4.22005e-05 9.34049e-05 0.000112497 4.12575e-05 3.15055e-05 3.48816e-05 3.51263e-05 7.84679e-05 0.000225821 0.00112203 0.0113306 0.0382468 0.0130725 0.0018517 0.00119284 0.000918187 0.000711376 0.000562179 0.000241305 0.000146379 0.000121021 9.76468e-05 4.36704e-05 2.53769e-05 1.31823e-05 2.63061e-05
0.0087161 0.000338237 0.000256047 0.000338303 0.000354755 0.000119676 8.09842e-05 8.09266e-05 7.31991e-05 0.000180998 0.000560114 0.00217874 0.0244526 0.195072 0.143881 0.0253205 0.00847819 0.00194774 0.000753369 0.0005652 0.000318785 0.000296414 0.000282435 0.000203611 8.06226e-05 3.65613e-05 1.34028e-05 2.02451e-05
0.00680252 0.000230771 0.000144438 0.000182829 0.000215689 0.000101468 8.35948e-05 9.2204e-05 0.000115302 0.000311167 0.000685458 0.00278833 0.0555907 0.591029 0.61216 0.123241 0.0130716 0.00103251 0.000415572 0.000452946 0.000316606 0.000304824 0.000218265 0.00014236 7.54863e-05 3.74204e-05 1.20272e-05 1.84674e-05
0.00356298 6.53661e-05 4.32094e-05 8.18273e-05 0.000130257 0.00010574 9.93549e-05 0.000133462 0.000243939 0.00056044 0.00101307 0.00466389 0.110689 0.807396 0.863836 0.321721 0.0171204 0.000686657 0.000321599 0.000406219 0.0002675 0.000206792 0.000139867 0.000128776 9.28065e-05 4.13754e-05 1.0069e-05 1.67532e-05
0.0034088 4.97537e-05 3.38189e-05 8.32308e-05 0.000192191 0.000191917 0.000157251 0.000186973 0.000424017 0.00080657 0.000987139 0.00507464 0.129247 0.869931 0.954339 0.640861 0.035874 0.00103809 0.000387427 0.000310928 0.000190966 0.000196346 0.000194857 0.000301348 0.00019187 4.84637e-05 1.60419e-05 2.81646e-05
0.00490045 8.27857e-05 5.67129e-05 0.000170935 0.000469185 0.000406713 0.000323102 0.000320536 0.000537142 0.000716853 0.000857049 0.00500254 0.122301 0.88144 0.973636 0.742049 0.0411011 0.00118521 0.000379431 0.000261584 0.00017817 0.000281988 0.000424669 0.000756859 0.000326437 6.21868e-05 3.63076e-05 6.02835e-05
0.00539801 0.000114392 8.84324e-05 0.000305945 0.00111349 0.000952262 0.000741782 0.00071972 0.000886034 0.000813087 0.00089304 0.00658152 0.146162 0.856047 0.953492 0.55779 0.0302632 0.00161913 0.000344204 0.000175147 0.000167002 0.000460791 0.00117593 0.00218756 0.000594946 9.20489e-05 7.65753e-05 0.000100221
0.00651856 0.000183287 0.000190012 0.000645355 0.00231718 0.00180587 0.00133184 0.00109376 0.000963679 0.000763267 0.00107899 0.0141828 0.327763 0.917697 0.942689 0.451232 0.029821 0.00178434 0.000286766 0.000144204 0.000201179 0.00099263 0.00334552 0.00456267 0.00094024 0.000154308 9.61762e-05 0.000102407
0.0111718 0.000530599 0.000621859 0.00144681 0.00358165 0.00209697 0.00156046 0.00113053 0.000725717 0.000606726 0.00132434 0.0273371 0.55256 0.956569 0.945927 0.425553 0.0235407 0.00079817 0.000122583 8.68478e-05 0.000156073 0.000854069 0.00261609 0.00238948 0.000382516 8.07882e-05 3.16818e-05 5.03776e-05
0.0124572 0.000888773 0.0012043 0.00190299 0.00268364 0.00126355 0.000974301 0.000731093 0.000530624 0.000505277 0.0014533 0.0477524 0.720527 0.969826 0.948857 0.370931 0.0115392 0.000297817 7.14185e-05 7.31382e-05 0.000113529 0.000376375 0.00062362 0.000415973 7.29049e-05 2.30738e-05 7.16887e-06 1.99863e-05
0.0138067 0.00126918 0.00274359 0.00457467 0.003403 0.0011736 0.000883054 0.000605749 0.000427973 0.000520039 0.00232004 0.065651 0.741767 0.971933 0.962486 0.470879 0.0111341 0.000300217 0.000111479 0.000101145 0.000115048 0.000230376 0.000202256 0.000109353 2.61948e-05 1.14209e-05 3.84564e-06 1.14981e-05
0.0143173 0.00187183 0.00587682 0.00899484 0.00556434 0.00164302 0.000921919 0.000499946 0.000326428 0.00051507 0.00303495 0.0435404 0.441219 0.919915 0.963666 0.67766 0.0287132 0.000712267 0.000198068 0.000130883 0.00012099 0.000171284 0.000112458 5.86991e-05 1.98656e-05 1.1593e-05 5.63181e-06 1.41523e-05
0.010336 0.000806482 0.00150047 0.00190818 0.00146763 0.000652891 0.00037192 0.000246205 0.00028659 0.000848861 0.00462934 0.0251261 0.179752 0.800523 0.9722 0.874298 0.0711898 0.00122939 0.000244605 0.000124144 0.000100604 0.000144949 9.19672e-05 5.79424e-05 4.07002e-05 4.52287e-05 4.20782e-05 5.021e-05
0.00579104 0.000143249 0.000106209 0.00017935 0.000272333 0.000195083 0.000158564 0.000162247 0.000423415 0.00292415 0.0114248 0.0255636 0.126085 0.720202 0.972911 0.939594 0.144457 0.00174592 0.000278862 0.000113086 9.22298e-05 0.00016863 0.000169418 0.000148925 0.00021164 0.000558389 0.000524578 0.000274746
0.00274909 3.24217e-05 1.62119e-05 4.75201e-05 0.00017069 0.000175446 0.000150771 0.000203645 0.00129125 0.0161755 0.0438463 0.0734136 0.157269 0.610094 0.958937 0.945193 0.259277 0.00460705 0.000544525 0.000158394 0.000135164 0.000252281 0.000267547 0.000296599 0.000739598 0.00331101 0.00309311 0.000942483
0.00214935 2.13217e-05 1.1544e-05 4.9719e-05 0.00022602 0.000277406 0.000296422 0.000505715 0.00368605 0.0449136 0.0882157 0.112409 0.238093 0.712246 0.954085 0.938246 0.374072 0.0107991 0.00127163 0.000285203 0.000258979 0.000504698 0.000470387 0.000705911 0.00161396 0.00488887 0.00406244 0.0011183
0.00252812 3.38154e-05 2.22096e-05 0.000103929 0.000470815 0.000595503 0.000511099 0.000589125 0.00263225 0.0177869 0.0297346 0.0587241 0.306929 0.857571 0.958793 0.902134 0.310314 0.0124595 0.00268478 0.00117676 0.00138526 0.00253493 0.00186861 0.00166674 0.00136126 0.00155886 0.00123646 0.000563221
0.00331155 6.1878e-05 5.72393e-05 0.000308925 0.00120926 0.000992184 0.000572144 0.000382016 0.00117151 0.00434641 0.00521912 0.0297561 0.351657 0.871036 0.92262 0.669635 0.0968177 0.00656117 0.00314686 0.0031745 0.0036941 0.0051943 0.00306043 0.00109155 0.000462359 0.000433021 0.000510281 0.000359647
0.00303289 6.13165e-05 7.29013e-05 0.000416218 0.00132863 0.000626344 0.000298185 0.000253509 0.00101353 0.00333346 0.00383983 0.0445416 0.61178 0.902792 0.808431 0.318817 0.0336231 0.00380671 0.00241486 0.00286787 0.0030166 0.00293572 0.00125577 0.000442651 0.000318403 0.000610917 0.00107033 0.00054219
0.00278341 6.1995e-05 7.25079e-05 0.000393229 0.00117417 0.000579548 0.00032308 0.000499317 0.00273944 0.00656836 0.00943301 0.168569 0.841883 0.928669 0.703679 0.166081 0.0282321 0.00497575 0.002127 0.00162485 0.0011659 0.000659923 0.000277925 0.000247199 0.000533118 0.00218845 0.0036014 0.000866298
0.0060244 0.000272727 0.000472737 0.00283996 0.00582165 0.00246535 0.00207374 0.00282554 0.00613579 0.00534584 0.0134543 0.297534 0.84461 0.904321 0.568906 0.0819721 0.0149291 0.00295881 0.00114544 0.000781292 0.00032552 0.000129195 7.62451e-05 0.00016556 0.000701625 0.00215257 0.00141984 0.000344065
0.0123009 0.000992011 0.00312657 0.0253221 0.0413351 0.0130307 0.0106487 0.00651541 0.00256394 0.00102734 0.00414355 0.129332 0.460777 0.412455 0.111539 0.00900239 0.00148106 0.000473265 0.000213077 0.000127955 4.87772e-05 2.43619e-05 2.79734e-05 0.000109868 0.000305667 0.000305953 9.16384e-05 4.67247e-05
0.00575153 0.000289567 0.00154628 0.0275618 0.0409178 0.0141251 0.0154921 0.00596923 0.000530291 0.000114096 0.000420818 0.00638082 0.0177328 0.00874519 0.00172652 0.000198704 7.27353e-05 5.40882e-05 2.74542e-05 1.48117e-05 6.06096e-06 5.2274e-06 1.49701e-05 7.59604e-05 0.000119354 5.4433e-05 1.00587e-05 1.07983e-05
0.00335342 0.000142007 0.000789845 0.00839452 0.00972905 0.00543146 0.00903842 0.0034068 0.000321833 8.36309e-05 0.000189913 0.0009025 0.00177823 0.000975907 0.000283128 8.07108e-05 6.47086e-05 6.82394e-05 4.62754e-05 2.62738e-05 1.46964e-05 2.00042e-05 6.11594e-05 0.00020171 0.000242035 9.43914e-05 1.82241e-05 3.82734e-05
0.0143158 0.00221084 0.00542697 0.0114055 0.00759121 0.00605047 0.011181 0.00707178 0.00222621 0.0010541 0.00155307 0.00292438 0.00308346 0.00227286 0.0015216 0.00117546 0.00132956 0.00148983 0.00132575 0.00105357 0.000894336 0.0011193 0.0016716 0.00257534 0.00323231 0.00190858 0.0010547 0.00295672
