0.00813893 0.000287729 0.000277298 0.00070441 0.00145062 0.00134677 0.00106696 0.000648103 0.000463565 0.000466859 0.000691563 0.00095636 0.000839796 0.000882179 0.0014377 0.00129573 0.000634189 0.00057289 0.000771206 0.00083412 0.00077648 0.00106337 0.0019608 0.00252948 0.00181816 0.00113034 0.00103723 0.00267717
0.00198526 1.48338e-05 1.98204e-05 8.6999e-05 0.000358044 0.000473119 0.000260516 0.000115073 6.90527e-05 7.80311e-05 0.000120895 0.000144325 8.22948e-05 6.01712e-05 0.000125974 9.92253e-05 6.11173e-05 7.54583e-05 7.3557e-05 6.8781e-05 9.28073e-05 0.000211877 0.000658455 0.000999621 0.000519408 0.000218065 0.000121351 0.000215897
0.00183788 2.3064e-05 2.5516e-05 0.000220937 0.00158337 0.00212396 0.000889292 0.000319231 0.000194099 0.000198396 0.000262608 0.000252796 0.000157866 0.000116909 0.000163543 0.000113052 9.94046e-05 0.000148458 0.000133913 0.000147658 0.000301797 0.00119754 0.00361965 0.00441323 0.00164543 0.000390021 0.000194366 0.000234006
0.00160076 2.34688e-05 1.57456e-05 0.000149349 0.000995314 0.000912318 0.000298886 0.000117097 9.07179e-05 0.000122827 0.000243344 0.000519541 0.000876061 0.000969117 0.000513318 0.000110985 8.55637e-05 0.000137843 0.000172899 0.000331882 0.000882599 0.00256408 0.00302522 0.00167338 0.000390974 7.48325e-05 3.78524e-05 8.62573e-05
0.00182496 2.2166e-05 1.34321e-05 9.50982e-05 0.00042846 0.000284663 0.000130317 7.9009e-05 8.38997e-05 0.000241448 0.00104825 0.00665268 0.041182 0.0576239 0.0110239 0.000583786 0.000296004 0.000638768 0.000860047 0.00202523 0.00442228 0.0048737 0.00199943 0.000560785 9.01584e-05 1.69505e-05 8.24963e-06 3.18651e-05
0.00169363 1.4417e-05 7.21148e-06 3.05595e-05 8.87762e-05 5.63756e-05 3.92174e-05 3.78628e-05 5.87813e-05 0.000241067 0.000735484 0.00894457 0.261111 0.423631 0.0425797 0.0015729 0.00118361 0.00229391 0.00207575 0.00288608 0.00427388 0.00301724 0.00102715 0.000313298 4.43624e-05 1.1313e-05 1.25629e-05 5.16413e-05
0.00149056 8.77408e-06 4.29686e-06 1.69139e-05 4.81134e-05 3.95411e-05 3.21381e-05 3.5606e-05 5.57923e-05 0.00012961 0.000323641 0.0085723 0.580984 0.782421 0.100684 0.00775588 0.00833951 0.00601395 0.00250169 0.00243584 0.00248345 0.00180626 0.00100893 0.000434162 6.40358e-05 2.61257e-05 5.68952e-05 0.000149858
0.0014675 7.62384e-06 3.09129e-06 1.21835e-05 4.53172e-05 5.18131e-05 5.23751e-05 4.68999e-05 5.4698e-05 0.000110576 0.000370749 0.019274 0.833577 0.950896 0.502093 0.119159 0.0433829 0.0045291 0.00194447 0.00268412 0.00170976 0.00103566 0.000680342 0.000330263 7.74822e-05 4.62066e-05 8.5837e-05 0.000153842
0.00151713 8.56804e-06 3.23446e-06 1.45049e-05 6.67716e-05 0.000105385 0.000104678 6.19936e-05 5.84766e-05 0.000124237 0.000758848 0.0407434 0.795319 0.958511 0.86567 0.550324 0.0775234 0.00247677 0.00170392 0.00314606 0.00131344 0.000566037 0.000345858 0.000244738 0.000114682 7.08529e-05 5.99833e-05 6.8008e-05
0.00193372 1.78658e-05 1.16404e-05 7.90671e-05 0.000404257 0.000473958 0.0002804 0.000119227 0.000129492 0.000282688 0.00136668 0.025984 0.42175 0.917855 0.964926 0.85757 0.108685 0.00292635 0.00183938 0.00184111 0.000741168 0.000394867 0.000201342 0.000188373 0.000158823 9.58857e-05 5.14979e-05 3.76706e-05
0.00276786 6.23763e-05 6.89262e-05 0.000464481 0.00214352 0.00130282 0.00055761 0.000289267 0.000332899 0.000531834 0.00135158 0.00779966 0.076738 0.755959 0.972469 0.929494 0.212479 0.00508263 0.00129957 0.000714809 0.000381889 0.000264662 0.000156037 0.000218714 0.000237272 0.000144309 7.39023e-05 3.62388e-05
0.00425007 0.000136664 0.000129385 0.000509463 0.00164516 0.0010837 0.00094725 0.00117702 0.00121168 0.000963534 0.0018703 0.00600328 0.0341009 0.613957 0.976229 0.953476 0.306868 0.00780165 0.000970091 0.000288484 0.000125276 0.000114329 0.000141368 0.000502856 0.00108356 0.000637631 0.000175521 4.00244e-05
0.00550636 0.000161342 8.90864e-05 0.000217901 0.000579483 0.000799843 0.00189621 0.00419415 0.00346723 0.00222732 0.00444218 0.0110041 0.0673487 0.777613 0.986931 0.970685 0.332767 0.00521761 0.000480923 9.75381e-05 4.14871e-05 7.99316e-05 0.000210795 0.0014493 0.00459709 0.002106 0.000335292 4.84622e-05
0.00635306 0.000190686 0.000104253 0.000302829 0.000807635 0.00161531 0.00559959 0.0105992 0.00681831 0.0041849 0.00750117 0.0142897 0.0836124 0.789254 0.982676 0.952805 0.182891 0.00157304 0.000152706 5.02234e-05 3.2072e-05 9.65146e-05 0.000376869 0.00269407 0.00780947 0.00240107 0.000219916 3.7124e-05
0.00730239 0.000283108 0.00026865 0.00109262 0.00326389 0.00844097 0.0237879 0.0270755 0.0190374 0.00948814 0.0080398 0.0119925 0.0724932 0.780415 0.980255 0.918102 0.0801865 0.000627086 9.51915e-05 6.20136e-05 6.33023e-05 0.000204431 0.000584735 0.00245549 0.00366816 0.000885077 5.70817e-05 2.24004e-05
0.00475137 0.000167647 0.000231876 0.00155899 0.00744663 0.0236912 0.0426753 0.0288083 0.023983 0.0234497 0.0276673 0.0431092 0.141138 0.797427 0.97747 0.881941 0.0427025 0.000442153 0.000171337 0.000184251 0.000190548 0.000449613 0.000712373 0.00122731 0.000702897 0.000159881 1.19472e-05 1.48801e-05
0.00277354 7.66269e-05 0.000110928 0.00142679 0.00995002 0.0182428 0.0173396 0.00770864 0.0113622 0.0573135 0.156074 0.187912 0.240082 0.795791 0.97265 0.845955 0.0378337 0.000622197 0.000353886 0.000422063 0.000364464 0.000696778 0.00113194 0.00102108 0.000214787 5.53391e-05 6.62355e-06 1.92187e-05
0.00207479 4.46821e-05 9.0136e-05 0.00172752 0.0108037 0.00978759 0.00456104 0.00159781 0.00811878 0.117677 0.237488 0.208089 0.209995 0.80008 0.978248 0.889731 0.0743581 0.00161784 0.000709588 0.000506959 0.000464027 0.00104845 0.00146829 0.000812726 0.000108269 2.72304e-05 6.75048e-06 2.95683e-05
0.00199253 4.64714e-05 0.000101388 0.00184451 0.00978023 0.0070234 0.0034654 0.00175947 0.0113921 0.0928533 0.0666699 0.0452226 0.109848 0.732923 0.969364 0.90974 0.140114 0.00355609 0.0011976 0.00057981 0.000646866 0.00207571 0.00190669 0.000734481 0.000103691 2.60917e-05 7.65958e-06 3.10047e-05
0.00204545 5.33042e-05 8.99284e-05 0.00154436 0.0165245 0.0184387 0.00582467 0.00176555 0.00429692 0.00825071 0.0033233 0.0045277 0.0400942 0.61674 0.960455 0.931451 0.23655 0.00569644 0.000972416 0.000461242 0.00108211 0.00752039 0.00740748 0.00231629 0.000235234 2.99078e-05 9.36175e-06 2.55793e-05
0.00228915 5.96602e-05 6.36995e-05 0.00143776 0.0291872 0.0336084 0.00539538 0.000709731 0.000568539 0.000385254 0.000241665 0.00110701 0.0234716 0.619123 0.963218 0.945364 0.267911 0.00363697 0.00069023 0.000644515 0.00244068 0.0226296 0.0223613 0.00471763 0.000450257 3.54548e-05 9.10926e-06 1.79623e-05
0.00326536 9.68761e-05 7.88364e-05 0.00137031 0.0192634 0.0125594 0.00171363 0.000259388 0.000154392 8.78632e-05 9.00036e-05 0.000632171 0.0277869 0.703965 0.961732 0.940154 0.230371 0.00253031 0.000517885 0.000977884 0.00586036 0.038653 0.0282187 0.00760134 0.00157612 0.000182219 4.14581e-05 3.28126e-05
0.00388463 9.12551e-05 7.66587e-05 0.00075761 0.0046075 0.00248553 0.00054985 0.000143636 0.000109625 8.72258e-05 0.000112364 0.00086582 0.0365741 0.670993 0.943223 0.877071 0.166398 0.00393114 0.00130911 0.00344802 0.012748 0.0276437 0.0141132 0.00794573 0.00438423 0.00119307 0.000293878 0.000134608
0.00320676 5.4125e-05 3.7747e-05 0.000216699 0.000907233 0.000615256 0.000252837 9.3399e-05 7.30403e-05 7.66554e-05 0.000140754 0.000869585 0.0121672 0.178545 0.589375 0.54331 0.157472 0.0246637 0.0175153 0.0297332 0.0259497 0.0118507 0.00499957 0.00470649 0.00293663 0.00135946 0.000731469 0.000388731
0.00222376 1.57987e-05 9.5814e-06 4.62618e-05 0.000198565 0.000174088 6.52819e-05 2.31046e-05 1.87899e-05 2.56742e-05 5.37469e-05 0.000167033 0.000722184 0.00521987 0.0279521 0.0556653 0.062959 0.082902 0.0915673 0.0502575 0.0134006 0.00227684 0.00113673 0.00147841 0.000916471 0.000852798 0.000929975 0.000436545
0.00210588 1.03027e-05 6.07241e-06 2.94652e-05 0.000110462 0.000100001 3.00734e-05 8.69293e-06 5.9368e-06 8.2659e-06 2.335e-05 6.35064e-05 0.000151961 0.000560686 0.00108053 0.00169288 0.00588407 0.0246633 0.0550948 0.0218688 0.00182562 0.000200406 0.000123134 0.000227811 0.000395534 0.000537323 0.000331455 0.000142373
0.00393161 5.65068e-05 5.5026e-05 0.000175126 0.000515456 0.000423602 0.000116493 2.96844e-05 2.43574e-05 3.9733e-05 9.96042e-05 0.000265007 0.000505938 0.000751685 0.000508062 0.000547045 0.00177184 0.0072821 0.0182326 0.00688941 0.000709742 0.000123362 9.75165e-05 0.000228282 0.000872989 0.000790068 0.00013763 0.000111463
0.019253 0.0021809 0.00226125 0.00302477 0.00484752 0.00410472 0.00231565 0.00119479 0.00112161 0.00145354 0.00210328 0.00311463 0.00508872 0.00516506 0.00312951 0.00310161 0.00447803 0.00777771 0.0114844 0.00668801 0.00307767 0.00165521 0.00154037 0.00225036 0.00530502 0.00408257 0.00140224 0.00274809
