0.0112029 0.000590258 0.000393915 0.000897011 0.00175998 0.00106478 0.000699298 0.000677124 0.000922425 0.00104989 0.000732152 0.000513567 0.000422396 0.000396831 0.000442555 0.000993819 0.00204752 0.00150636 0.000664809 0.000611725 0.00134894 0.00261077 0.00237046 0.00142332 0.000823284 0.000504606 0.000518423 0.00162439
0.00307809 4.02775e-05 5.23312e-05 0.000192185 0.00028624 0.00011419 6.83431e-05 7.79221e-05 0.000114293 0.000118497 8.6017e-05 5.33635e-05 3.28344e-05 2.92259e-05 5.38631e-05 0.000191637 0.000386419 0.000241869 0.000101031 0.000102599 0.000208848 0.000327844 0.00037562 0.000249118 0.00011067 7.44171e-05 4.8182e-05 9.7373e-05
0.00329587 9.77176e-05 0.000158731 0.000459145 0.000461945 0.000157095 0.000137304 0.000208993 0.000245766 0.000206602 0.00013037 6.72357e-05 3.82344e-05 4.50285e-05 0.000129028 0.0004727 0.000594837 0.000432508 0.00044884 0.000505982 0.000522537 0.000616856 0.000817012 0.000721495 0.000271673 0.000118845 7.8805e-05 9.7999e-05
0.00271596 7.31617e-05 5.40855e-05 0.000112079 0.000136509 8.17949e-05 0.000124685 0.000276086 0.000387568 0.000283742 0.000144709 5.40402e-05 3.17975e-05 5.17552e-05 0.000136618 0.000390685 0.000422015 0.000472934 0.000917191 0.0011389 0.00118763 0.00102984 0.000612998 0.000332236 0.000170124 7.7322e-05 4.55147e-05 5.83874e-05
0.00259372 4.18453e-05 1.92926e-05 6.46517e-05 0.000158852 0.000210296 0.000696836 0.00301886 0.0046744 0.00175081 0.000470201 0.000110868 6.11712e-05 0.000142941 0.000364669 0.00085863 0.00171156 0.00358747 0.00682675 0.0109012 0.0155265 0.0054983 0.00105955 0.000405654 0.000204381 8.11355e-05 3.4604e-05 3.40201e-05
0.00180257 2.15726e-05 1.57076e-05 0.000112016 0.000296265 0.000546663 0.00597152 0.0454332 0.0306091 0.0034676 0.000556565 0.000105331 5.5121e-05 0.00011918 0.000226882 0.000500131 0.00205547 0.0145245 0.0518229 0.0910304 0.0879478 0.0123574 0.00206579 0.00105028 0.000334548 9.60933e-05 3.87388e-05 3.20472e-05
0.00160471 2.53638e-05 4.54867e-05 0.000368142 0.000987958 0.00325096 0.081056 0.448446 0.158971 0.00782523 0.000955479 0.000141624 4.81981e-05 6.85909e-05 0.000116645 0.000331226 0.00236647 0.0563067 0.326253 0.369093 0.136371 0.0136254 0.00487917 0.00286389 0.000461408 7.94646e-05 3.06699e-05 2.75896e-05
0.00181751 3.46335e-05 8.07318e-05 0.000634231 0.00237789 0.014784 0.33057 0.880575 0.693309 0.0819003 0.00826428 0.000614451 0.000129841 0.000120247 0.000169014 0.000642853 0.00791134 0.264218 0.768198 0.645062 0.111977 0.00737043 0.00308014 0.00142612 0.000269712 6.24853e-05 2.0104e-05 2.04702e-05
0.00199663 4.0464e-05 5.7819e-05 0.000413362 0.00216919 0.0126114 0.18541 0.865908 0.90106 0.363584 0.034482 0.00166392 0.000366084 0.000301598 0.000420092 0.00196436 0.019273 0.43846 0.869487 0.698374 0.109386 0.00545499 0.00117554 0.00044192 0.000143247 5.42169e-05 1.49286e-05 1.88428e-05
0.00315848 9.35315e-05 0.00010145 0.000417277 0.00104081 0.00326539 0.0566466 0.796491 0.943282 0.509065 0.0322477 0.00132066 0.000530816 0.00084473 0.00142589 0.00730007 0.038677 0.466956 0.890855 0.724505 0.102478 0.00428901 0.000682826 0.000206952 7.22098e-05 3.71685e-05 1.84903e-05 2.87044e-05
0.00522609 0.000169454 0.000139091 0.000235884 0.000359491 0.00121488 0.0434977 0.861434 0.967024 0.504661 0.0187058 0.000789714 0.000470606 0.00119734 0.00199851 0.00823587 0.0438961 0.479546 0.895573 0.744808 0.1152 0.00617555 0.00114792 0.000294032 8.5438e-05 5.29296e-05 4.30789e-05 5.83809e-05
0.00342975 6.00152e-05 3.40315e-05 5.32831e-05 0.000138689 0.00113958 0.0719404 0.903739 0.964428 0.354732 0.00591177 0.000257906 0.00016471 0.000375689 0.000680411 0.00321372 0.025664 0.439228 0.902915 0.847819 0.374071 0.0474882 0.0064417 0.00087788 0.000251709 0.000125048 8.96877e-05 9.61274e-05
0.00164065 1.38196e-05 9.38959e-06 3.78336e-05 0.000194319 0.00268412 0.137273 0.916254 0.957829 0.286657 0.00416225 0.00021563 9.03436e-05 0.000134338 0.00031722 0.00220821 0.0378759 0.602503 0.936905 0.945873 0.811715 0.235371 0.0210502 0.00230995 0.000848764 0.000314143 0.000129794 9.62346e-05
0.00127619 1.21731e-05 1.49662e-05 0.000162516 0.00131123 0.0119137 0.171473 0.879875 0.959501 0.432628 0.00914771 0.000565912 0.000186697 0.000169901 0.000427452 0.00240706 0.0471013 0.668521 0.942764 0.970777 0.921436 0.405365 0.0494965 0.0104525 0.00308975 0.000421348 8.2342e-05 5.63216e-05
0.00169883 4.05907e-05 0.000105014 0.00178237 0.0083713 0.0208455 0.104506 0.705973 0.935579 0.570428 0.0297526 0.00319702 0.00164047 0.00117182 0.00313026 0.0135665 0.100548 0.723296 0.93922 0.967125 0.854394 0.251218 0.0579247 0.0219652 0.00322725 0.000192152 1.98416e-05 2.21568e-05
0.00292734 0.000143808 0.000546547 0.00570279 0.00944903 0.0115986 0.0404355 0.437003 0.898446 0.789197 0.303529 0.151521 0.15666 0.117146 0.237619 0.335208 0.497689 0.895565 0.961859 0.945719 0.581887 0.0691149 0.0230306 0.00895884 0.000547217 3.36105e-05 7.1121e-06 1.24926e-05
0.00391374 0.000209024 0.000603574 0.00292669 0.00334152 0.00541635 0.0427525 0.48932 0.900788 0.928311 0.853517 0.843995 0.904874 0.887395 0.894782 0.746929 0.602859 0.911073 0.969181 0.901114 0.25178 0.0180424 0.00890092 0.0034955 0.00022621 2.86909e-05 1.33943e-05 2.23565e-05
0.00305659 8.90154e-05 0.000129398 0.000582583 0.00183106 0.00804466 0.103663 0.630895 0.903884 0.94547 0.907355 0.883367 0.929858 0.914052 0.773055 0.35893 0.277296 0.824456 0.949621 0.768141 0.0627106 0.00393208 0.00383785 0.00384473 0.00143101 0.00052423 0.000201801 8.13797e-05
0.00190838 2.66989e-05 2.81115e-05 0.000227082 0.00182859 0.0110223 0.0705912 0.364887 0.678191 0.69689 0.501355 0.377572 0.49556 0.381708 0.111686 0.0360389 0.105613 0.809347 0.940109 0.639659 0.0476 0.00376178 0.00385156 0.00927338 0.020258 0.0184445 0.00283393 0.000290332
0.00158744 1.97545e-05 1.8853e-05 0.0001791 0.00166205 0.00533559 0.0141634 0.0669597 0.166782 0.129182 0.0556813 0.0256774 0.0350186 0.021495 0.00742473 0.0100372 0.0976692 0.831352 0.944648 0.700931 0.0937636 0.00676081 0.00305712 0.00756953 0.0311646 0.036788 0.00513128 0.000540655
0.00191764 2.61612e-05 2.98953e-05 0.000243369 0.00125687 0.00214929 0.00486443 0.0194486 0.0419024 0.0385882 0.015363 0.0053049 0.00467284 0.00269424 0.00232919 0.010405 0.116735 0.81946 0.93743 0.635831 0.0662506 0.00272895 0.000784979 0.00209637 0.00690908 0.0070173 0.00183188 0.00035602
0.00275784 4.54347e-05 4.55401e-05 0.000255938 0.00104181 0.00117481 0.00230498 0.00811679 0.0219464 0.0365396 0.0155704 0.00406702 0.00193766 0.000841136 0.00109127 0.00732734 0.117378 0.842939 0.911181 0.337321 0.014182 0.000570987 0.000250753 0.0010201 0.00185229 0.000968214 0.000240708 9.67332e-05
0.00299954 6.62482e-05 6.89031e-05 0.000451452 0.00210697 0.00166146 0.00196433 0.006932 0.0214848 0.0456342 0.0205724 0.00332073 0.0012167 0.000414743 0.000461541 0.00470704 0.125619 0.808317 0.783667 0.095831 0.00321202 0.000277804 0.000250969 0.000893933 0.000505769 0.000141663 3.61597e-05 3.5805e-05
0.00481355 0.00022425 0.000419186 0.00299356 0.00764245 0.00287511 0.00315631 0.0097416 0.0148024 0.0157418 0.00478147 0.000607799 0.000246114 0.000126666 0.000235129 0.00399975 0.102458 0.611695 0.492838 0.0395173 0.0022355 0.000350632 0.000356063 0.000545573 0.000106471 2.90928e-05 9.50562e-06 1.96874e-05
0.00865934 0.000689752 0.0022426 0.0137048 0.013111 0.00268466 0.00308057 0.00529582 0.0039384 0.00191185 0.000261793 3.10727e-05 1.8193e-05 2.69103e-05 0.000141655 0.00317178 0.0473937 0.224719 0.161357 0.0130899 0.00103885 0.000235377 0.000134116 8.43512e-05 2.06163e-05 9.27103e-06 4.551e-06 1.46728e-05
0.00650528 0.000380733 0.00258164 0.0193716 0.00813643 0.00113091 0.000925963 0.000839818 0.000617477 0.000265189 2.42398e-05 3.62529e-06 2.61131e-06 6.72353e-06 8.63371e-05 0.00170561 0.0122765 0.0284269 0.011517 0.000950717 0.000113408 3.65794e-05 1.77805e-05 1.20442e-05 6.07204e-06 4.35912e-06 5.78892e-06 2.11424e-05
0.00586702 0.000343754 0.00262687 0.0111563 0.00379909 0.000631539 0.000504646 0.000455342 0.000599192 0.000390065 4.83052e-05 1.06607e-05 8.5663e-06 2.34493e-05 0.000229392 0.00193983 0.00780929 0.00839869 0.00237319 0.000346156 9.68951e-05 4.54087e-05 2.94723e-05 2.82746e-05 2.36605e-05 2.45199e-05 3.97539e-05 0.000130699
0.0188376 0.00314029 0.0078775 0.0101216 0.00571589 0.00250838 0.00217554 0.00234449 0.00325103 0.00297708 0.00135165 0.000729352 0.000727412 0.00117721 0.00298997 0.00654986 0.00966619 0.0082752 0.00427743 0.00194782 0.00151056 0.00122296 0.00111674 0.00125473 0.0014348 0.00142627 0.00204546 0.0062457
