0.0110602 0.000323964 0.00014642 0.00023798 0.000510208 0.000958076 0.00188817 0.00211071 0.00131113 0.000978804 0.00129056 0.00212931 0.00229888 0.00161184 0.00156222 0.00208327 0.00352313 0.0057522 0.0035983 0.00142653 0.00065607 0.000474528 0.00087419 0.00194465 0.00264073 0.00202364 0.00116546 0.00182525
0.00256693 1.3526e-05 6.6568e-06 1.65719e-05 6.25251e-05 0.000158329 0.00032499 0.000362 0.000188175 0.000115974 0.00011391 0.000185574 0.000158023 0.000116916 0.000200312 0.000428883 0.00129415 0.00247063 0.00085352 0.000195647 5.12228e-05 4.19481e-05 0.000146207 0.000438671 0.000617059 0.000381686 9.09457e-05 0.000102958
0.00253465 1.82848e-05 8.65755e-06 3.18388e-05 0.000196114 0.000429637 0.000516573 0.000450939 0.000272771 0.000143588 0.000174475 0.000339767 0.000305362 0.000433453 0.00119429 0.00326767 0.00815985 0.00778489 0.00187073 0.000317931 8.25324e-05 0.000116979 0.00042319 0.001212 0.00101994 0.000301996 7.40082e-05 8.24229e-05
0.00293155 2.82117e-05 1.16215e-05 3.58357e-05 0.000177516 0.000269294 0.000277098 0.00024395 0.0001438 0.000116348 0.00038842 0.0027564 0.00700066 0.0146991 0.023083 0.0169355 0.0122049 0.00343536 0.000692547 0.000245237 0.000184982 0.000524746 0.000962691 0.000988094 0.000315706 5.73454e-05 1.81509e-05 4.26258e-05
0.00436482 5.62748e-05 3.07972e-05 8.05702e-05 0.000294204 0.000416431 0.000529722 0.000500828 0.000465903 0.000842479 0.00598451 0.110293 0.411872 0.595651 0.510936 0.119901 0.0237843 0.00310613 0.000620535 0.0007609 0.00161606 0.00424691 0.00353592 0.0011112 0.000151946 2.73312e-05 1.01619e-05 3.19783e-05
0.00687278 0.000125266 5.22247e-05 0.000103237 0.000394802 0.00058008 0.0006163 0.000557031 0.000937608 0.00371755 0.0336232 0.48394 0.870801 0.921003 0.842346 0.20615 0.0127423 0.000865699 0.0002028 0.000397611 0.0013727 0.00288901 0.00172524 0.00041388 4.65391e-05 1.3876e-05 8.6151e-06 3.00991e-05
0.0102237 0.000253138 6.87892e-05 0.000122358 0.0006182 0.00111259 0.00106827 0.00111973 0.00296916 0.0113951 0.0713422 0.646772 0.921972 0.940592 0.811915 0.124993 0.00522536 0.000300556 0.000120209 0.000275978 0.000620558 0.000902835 0.000505836 0.000153619 2.88774e-05 1.23938e-05 9.45015e-06 2.52581e-05
0.00541801 0.000110402 5.0898e-05 0.000278517 0.00224219 0.00535067 0.00827344 0.00914801 0.0133731 0.020986 0.12717 0.809223 0.941251 0.900878 0.583386 0.0600027 0.00317132 0.000239016 0.00018698 0.000418149 0.000671215 0.000646507 0.000197528 7.14038e-05 3.63464e-05 2.68933e-05 2.43896e-05 3.52157e-05
0.0025269 6.05398e-05 6.6981e-05 0.00139289 0.0105573 0.0237761 0.0552739 0.036287 0.0205042 0.0239828 0.259325 0.937964 0.97161 0.90848 0.570927 0.0848819 0.00713864 0.000834467 0.00063983 0.000819797 0.00088935 0.000502271 0.00010889 7.55273e-05 8.60418e-05 8.21327e-05 6.83229e-05 5.20485e-05
0.00167381 4.31082e-05 0.000159331 0.00652306 0.0196391 0.0277851 0.0813328 0.0501296 0.0252361 0.0345352 0.363932 0.954718 0.981707 0.962008 0.843085 0.429158 0.0898394 0.0114086 0.0036202 0.00093859 0.000377615 0.000237677 0.00013449 0.000286259 0.000343392 0.000215547 0.000149019 7.249e-05
0.00142411 4.58966e-05 0.000259483 0.00577781 0.00841398 0.0134448 0.0606076 0.0525792 0.034277 0.0493217 0.344432 0.9309 0.983167 0.980515 0.943526 0.858565 0.608087 0.113529 0.00993803 0.000578513 0.000147651 0.000245929 0.000580248 0.00168421 0.00109364 0.000448034 0.000250866 0.000101151
0.00147062 3.58948e-05 9.33405e-05 0.0011945 0.0036122 0.0166345 0.110519 0.0926936 0.041562 0.0377979 0.168261 0.766477 0.957391 0.974719 0.964484 0.963273 0.906975 0.28647 0.00694171 0.000221265 8.35735e-05 0.000263036 0.0010745 0.00262021 0.00186616 0.00121542 0.000579885 0.000150028
0.00135277 1.51616e-05 1.69983e-05 0.000387204 0.00647977 0.0409321 0.16023 0.101005 0.0234908 0.0112283 0.0405829 0.366524 0.839961 0.925726 0.940951 0.975019 0.942278 0.204937 0.00280988 0.000146748 0.000143593 0.00055716 0.00104845 0.00213404 0.00302137 0.00342996 0.00121582 0.000185305
0.00121526 1.23518e-05 1.38224e-05 0.000457234 0.00768283 0.0159696 0.0511306 0.0422885 0.0106839 0.00600427 0.0134684 0.118581 0.654399 0.853299 0.886837 0.953906 0.886383 0.118841 0.00375468 0.000825011 0.00159042 0.00303817 0.00171117 0.00238391 0.00510111 0.00532255 0.000941444 0.000119861
0.00123663 1.88182e-05 4.07327e-05 0.00105313 0.00557527 0.00630431 0.0208471 0.0210389 0.00495795 0.00324794 0.0081636 0.0848949 0.697698 0.910797 0.919906 0.949326 0.828758 0.128261 0.0128218 0.0066421 0.00960272 0.00635895 0.0023089 0.00379356 0.00698716 0.00320018 0.000392771 5.70625e-05
0.00168202 5.02963e-05 0.000208775 0.00664185 0.0247597 0.0251142 0.0295783 0.0110371 0.00461282 0.00487699 0.00955092 0.099143 0.792956 0.954334 0.929755 0.929319 0.808244 0.216583 0.0389038 0.00982894 0.00580346 0.00304485 0.00178213 0.00486872 0.00578815 0.00103496 9.48104e-05 2.72555e-05
0.00244162 0.000160203 0.000743457 0.0347632 0.168199 0.09808 0.0470437 0.014275 0.00985379 0.0107727 0.0144757 0.140538 0.83197 0.945837 0.89471 0.907301 0.88079 0.470833 0.0583663 0.00319232 0.000934941 0.000902976 0.00144309 0.00463879 0.00195787 0.000177371 1.60565e-05 1.4087e-05
0.00282592 0.000177025 0.000590205 0.018266 0.104216 0.0476239 0.0163313 0.00721019 0.00723145 0.00864053 0.0176608 0.160506 0.672256 0.825533 0.811883 0.919778 0.949191 0.640946 0.0328422 0.000689642 0.000233734 0.000544103 0.00170729 0.00458792 0.000782315 5.07557e-05 6.07433e-06 9.37741e-06
0.00252009 8.14016e-05 0.000156899 0.00229739 0.00943694 0.00477118 0.00334975 0.00291434 0.00277601 0.00488154 0.015792 0.0621017 0.198034 0.455958 0.72748 0.9489 0.967576 0.612251 0.0148088 0.000267388 0.000169685 0.00073827 0.00186717 0.00334583 0.000605922 4.75431e-05 8.8146e-06 1.5402e-05
0.00348051 9.22415e-05 8.75098e-05 0.000602781 0.0027526 0.00200789 0.00243354 0.00327423 0.00268764 0.00377811 0.00861823 0.0120142 0.0265516 0.211162 0.780861 0.970337 0.968786 0.510345 0.0071019 0.000163812 0.000157461 0.000755386 0.00182767 0.0032443 0.000669615 9.29292e-05 6.75595e-05 8.93141e-05
0.00536119 0.000142883 0.00013406 0.000697926 0.00257414 0.00237032 0.00254066 0.00319972 0.00266856 0.00190646 0.00178541 0.00128461 0.00531623 0.199121 0.868088 0.972935 0.952191 0.346904 0.00510689 0.000189767 0.000173971 0.000701969 0.00158101 0.00235502 0.000767941 0.000381656 0.000727582 0.000635944
0.00801335 0.000273218 0.000274234 0.00108246 0.00258472 0.00199735 0.00187119 0.00183206 0.00120844 0.000536842 0.000391105 0.000393696 0.00398581 0.223791 0.8674 0.965611 0.943317 0.361542 0.00616267 0.000278669 0.000208829 0.000407785 0.000547442 0.000715967 0.000311176 0.000403239 0.0015339 0.00142041
0.00913387 0.000426245 0.000524545 0.00162575 0.00308895 0.00188924 0.00157598 0.00115352 0.000722678 0.000310672 0.000189103 0.000342108 0.00485539 0.159087 0.633658 0.896865 0.942299 0.52168 0.0127156 0.0004552 0.000193732 0.000152703 9.9217e-05 0.000112337 8.48577e-05 0.000227362 0.00102022 0.000923027
0.00644251 0.000294931 0.000430812 0.00111037 0.00155948 0.00085373 0.000725803 0.000560044 0.000489377 0.000249454 0.000159913 0.000374645 0.00305921 0.0348035 0.141619 0.609199 0.923263 0.654165 0.0377855 0.00152649 0.00032658 0.000132822 4.96531e-05 4.95037e-05 5.46799e-05 0.000155983 0.000612968 0.000596694
0.00476062 9.91452e-05 9.35775e-05 0.000173996 0.0002877 0.00022051 0.000176506 0.000170355 0.000162179 9.74857e-05 6.37805e-05 0.000118111 0.00049313 0.00243637 0.0167282 0.250995 0.79043 0.544202 0.0433651 0.00211273 0.000299613 6.75399e-05 2.07199e-05 2.39591e-05 2.77287e-05 6.47501e-05 0.00024592 0.000298867
0.00353517 3.80055e-05 2.27405e-05 5.39495e-05 0.000188042 0.000323961 0.000253135 0.000153968 5.40306e-05 1.68326e-05 1.4235e-05 2.906e-05 9.47116e-05 0.000436969 0.00516414 0.0848844 0.327441 0.163005 0.0173392 0.00124099 0.00012569 2.30196e-05 7.89876e-06 1.09732e-05 1.50438e-05 2.24321e-05 4.55863e-05 7.32715e-05
0.00526062 0.000103062 7.50297e-05 0.000205715 0.0010982 0.00241964 0.00222399 0.000699442 0.000132536 3.0773e-05 3.53957e-05 8.50653e-05 0.000161651 0.000519329 0.00532 0.038888 0.0597319 0.0234114 0.00813664 0.00129589 0.000207794 6.02012e-05 3.32453e-05 5.28286e-05 6.37938e-05 5.02675e-05 3.37837e-05 8.94504e-05
0.0199655 0.0025549 0.00195231 0.00275315 0.00647452 0.00944775 0.0109402 0.00575515 0.00240657 0.00111286 0.0014622 0.00208803 0.00248581 0.00386474 0.010817 0.0251785 0.0186818 0.0101332 0.00949829 0.00473621 0.00235075 0.00162197 0.00135833 0.00157314 0.00208971 0.00166917 0.00103889 0.00308567
