0.00722948 0.000198349 0.000135138 0.000344665 0.000754188 0.000720013 0.000773617 0.0014367 0.00238462 0.00249565 0.00136242 0.000599798 0.000597401 0.000862684 0.00113212 0.000964408 0.000725685 0.000692146 0.000616009 0.00046418 0.000356878 0.000557123 0.00146741 0.00627659 0.0135466 0.00603618 0.00137891 0.00099039
0.00192565 1.23392e-05 1.72936e-05 8.21812e-05 0.000169249 0.000115626 0.00011842 0.000225833 0.000477376 0.000625307 0.000269569 0.000108947 0.000140241 0.000235306 0.000265421 0.000199045 0.00014552 9.43948e-05 5.61905e-05 2.61181e-05 3.41152e-05 0.000107936 0.000424234 0.00212678 0.00561184 0.00184468 0.000198363 6.71672e-05
0.00239145 4.07158e-05 6.81494e-05 0.000263204 0.000416558 0.000236977 0.000316442 0.000718214 0.0013387 0.0019393 0.00101724 0.000586854 0.00145694 0.00327364 0.00304982 0.00211827 0.00129321 0.000332841 9.65691e-05 4.33681e-05 9.57661e-05 0.000524298 0.00202916 0.00627902 0.00744535 0.00153102 0.000247816 7.24021e-05
0.00315354 8.19271e-05 9.5403e-05 0.00023805 0.000367111 0.000274611 0.000440219 0.000991647 0.00140775 0.00130874 0.000599036 0.000619843 0.00327918 0.01819 0.0397417 0.0366822 0.0145848 0.00142056 0.000248031 8.69975e-05 0.00020207 0.00111482 0.00199561 0.00337037 0.00220067 0.000397856 9.47198e-05 3.56738e-05
0.00457054 0.000138824 0.000151668 0.000431432 0.000868374 0.000850865 0.00108046 0.00198775 0.00227139 0.00129752 0.000785705 0.00143519 0.0119652 0.135832 0.478048 0.572281 0.259273 0.0191432 0.00196435 0.000414401 0.000658881 0.00307776 0.00330092 0.00490828 0.00262278 0.000362275 5.73283e-05 2.59605e-05
0.00417046 9.81256e-05 8.53408e-05 0.000286193 0.00072288 0.000891733 0.00152833 0.00315481 0.00207709 0.00094901 0.00105083 0.00342876 0.0301592 0.34546 0.849239 0.928355 0.76798 0.129957 0.00711866 0.000578794 0.000705055 0.00280084 0.00308383 0.00447793 0.00174204 0.000170719 3.4569e-05 3.28747e-05
0.00373538 8.38676e-05 6.88721e-05 0.000308917 0.000753326 0.00110004 0.00239191 0.00368925 0.00203555 0.00122396 0.00278835 0.0111983 0.0548006 0.420686 0.897066 0.969604 0.904413 0.214807 0.00858809 0.000657354 0.000893655 0.00385644 0.00391555 0.0035488 0.000873069 8.81878e-05 2.75237e-05 4.56768e-05
0.00423548 0.000122873 0.000107715 0.000477209 0.000859701 0.000825008 0.0014167 0.00156099 0.000996612 0.00144722 0.00746452 0.0415601 0.151471 0.606102 0.937749 0.975719 0.899678 0.172986 0.00741348 0.00108132 0.0020283 0.00859492 0.00650096 0.00309084 0.000473953 5.59259e-05 3.29236e-05 7.15298e-05
0.00474994 0.000156947 0.000127748 0.000367431 0.000539815 0.00032618 0.000400359 0.000499015 0.000504449 0.00159363 0.0110363 0.0690016 0.335695 0.833815 0.96621 0.973416 0.807758 0.0778109 0.00530288 0.00152611 0.00265481 0.00851341 0.00575034 0.00182576 0.00026778 4.99252e-05 4.74063e-05 9.6959e-05
0.00352625 8.98982e-05 7.44769e-05 0.00018555 0.000228054 0.000162577 0.000302256 0.00066974 0.000828542 0.00178789 0.00739436 0.0397388 0.391765 0.907101 0.962565 0.93195 0.493077 0.0207428 0.00186775 0.00056817 0.000933005 0.00318851 0.00228076 0.000723002 0.000111487 2.88441e-05 3.16498e-05 6.7318e-05
0.00212301 3.39987e-05 2.5853e-05 7.36028e-05 0.000118652 0.000159433 0.000547035 0.00161605 0.00161321 0.00138402 0.00374187 0.0287939 0.468098 0.943414 0.957211 0.869527 0.328827 0.0122259 0.00100052 0.000203996 0.000231826 0.000813293 0.000718917 0.00026367 5.08633e-05 1.54931e-05 1.51898e-05 3.21489e-05
0.00172285 1.96751e-05 1.00714e-05 2.91651e-05 6.79137e-05 0.000156444 0.000786488 0.00289519 0.00359467 0.00265133 0.00530954 0.043384 0.614998 0.958494 0.963424 0.907743 0.493301 0.0214731 0.00103782 0.000139073 0.000131056 0.000434038 0.000368918 0.000140731 3.76031e-05 1.601e-05 1.56135e-05 2.87294e-05
0.00164081 1.26448e-05 4.65035e-06 1.6741e-05 7.16335e-05 0.000235795 0.00129451 0.00656241 0.00967047 0.00734044 0.0172243 0.125036 0.751302 0.964084 0.972192 0.939571 0.603983 0.032441 0.00124254 0.000159018 0.000207143 0.000580392 0.000299403 0.000129162 4.8594e-05 2.67212e-05 3.12588e-05 4.34178e-05
0.00159235 1.12624e-05 4.02573e-06 1.85317e-05 0.000135568 0.000491405 0.00269103 0.0125271 0.0122156 0.00755781 0.0156092 0.11622 0.720499 0.945769 0.946411 0.859202 0.400617 0.0208756 0.00140356 0.000390645 0.000632822 0.0010379 0.000359108 0.000179127 9.36491e-05 5.6575e-05 5.28434e-05 4.99988e-05
0.00161987 1.34742e-05 8.0993e-06 5.09812e-05 0.000388252 0.00138188 0.0056572 0.0117423 0.00483481 0.00208641 0.00515791 0.069076 0.717203 0.960294 0.942082 0.672892 0.151504 0.0103308 0.00144732 0.000889919 0.00143511 0.00142512 0.000553289 0.000325874 0.000183971 0.00010297 6.74648e-05 4.42497e-05
0.00282182 4.31389e-05 3.36622e-05 0.000202195 0.00150411 0.0034473 0.00517142 0.00407806 0.00133465 0.000661325 0.00215082 0.056722 0.787757 0.97645 0.936416 0.426538 0.0382433 0.00294819 0.00097957 0.00108106 0.00120315 0.000807779 0.000425724 0.000417244 0.00039132 0.000240631 9.94281e-05 3.96263e-05
0.00525629 0.000157369 0.000123088 0.000554324 0.00262675 0.0030828 0.0028176 0.00176628 0.000725754 0.000479901 0.00188048 0.08619 0.87029 0.979977 0.915577 0.204668 0.0111779 0.00148102 0.000856564 0.000928169 0.000633314 0.000405286 0.000322678 0.000633653 0.000993272 0.00057341 0.000161347 4.30918e-05
0.00472662 0.000183564 0.000240481 0.00128042 0.00329128 0.00224956 0.00184693 0.00125035 0.000623497 0.000458396 0.00191746 0.0933003 0.869787 0.976478 0.90326 0.18555 0.0105173 0.0019513 0.00145014 0.0010791 0.000480688 0.000389323 0.000461844 0.00136513 0.00269317 0.00108422 0.00022442 5.17871e-05
0.00289397 0.000141441 0.000353044 0.00234634 0.00439487 0.00221086 0.00229874 0.00182307 0.000756912 0.000439248 0.00137158 0.0511954 0.752523 0.961756 0.912512 0.319472 0.0283923 0.00506073 0.00223767 0.000929652 0.00055217 0.000651956 0.000806876 0.00264506 0.00401729 0.00104162 0.000224271 5.74193e-05
0.00328703 0.00014327 0.000298407 0.00150525 0.00324306 0.00210967 0.00262475 0.00222595 0.000997195 0.000676032 0.00179155 0.0558388 0.720911 0.952943 0.952118 0.675793 0.113847 0.0110028 0.00220229 0.000596023 0.000445447 0.000914913 0.00176585 0.00667621 0.00526291 0.000679348 0.000122594 4.26523e-05
0.0044457 0.000144809 0.000157241 0.000672253 0.00227968 0.00251629 0.00231396 0.00174425 0.00138398 0.00124331 0.00373318 0.107364 0.751886 0.931584 0.932586 0.76074 0.186063 0.00965743 0.00171799 0.000487304 0.000436547 0.00170317 0.00399879 0.0105854 0.00385891 0.000307087 3.69853e-05 2.54164e-05
0.00545449 0.000193462 0.000138686 0.000808686 0.00719074 0.0105877 0.00361451 0.00103262 0.000778659 0.000823905 0.00594559 0.23578 0.829296 0.937556 0.925544 0.774063 0.186113 0.00830342 0.00163248 0.000638826 0.000746465 0.00258217 0.00470367 0.00598462 0.000903059 7.34415e-05 9.08302e-06 1.4748e-05
0.00776285 0.000329424 0.000198943 0.00158774 0.0176791 0.01718 0.00354958 0.000492495 0.000361693 0.000707301 0.00834839 0.402947 0.90573 0.951098 0.926031 0.743595 0.149499 0.00713539 0.0017781 0.00120754 0.00147982 0.00288977 0.00372268 0.00226308 0.000199316 2.56821e-05 4.70358e-06 1.21935e-05
0.0053085 0.000179848 0.000138892 0.0012708 0.00831235 0.00575636 0.00216094 0.000676068 0.000829851 0.00190336 0.0189753 0.455009 0.905702 0.932186 0.800778 0.43723 0.0800262 0.0101801 0.00362836 0.00265677 0.00235879 0.00200682 0.00192007 0.00113689 0.000137424 3.03573e-05 7.05635e-06 1.41006e-05
0.00252537 2.91522e-05 4.14243e-05 0.000469314 0.00195646 0.00145921 0.0010728 0.000890665 0.00146061 0.00252461 0.0127106 0.160805 0.482359 0.385605 0.146168 0.0642371 0.0440983 0.0256319 0.00761923 0.00255946 0.00116446 0.000595936 0.000529112 0.000475552 9.58102e-05 2.81746e-05 6.44832e-06 1.22312e-05
0.00154792 8.99216e-06 1.99969e-05 0.00030117 0.00103048 0.0007848 0.000568634 0.000434862 0.000449124 0.000567973 0.00215436 0.0166157 0.0315333 0.0151892 0.00708014 0.00800731 0.036723 0.0551851 0.0119771 0.00200483 0.000445503 0.000194575 0.000157269 0.000132881 2.90149e-05 7.84411e-06 2.07219e-06 7.2473e-06
0.00264771 3.96078e-05 0.000107311 0.000907221 0.00244221 0.00149685 0.000840204 0.000525034 0.00028412 0.000355366 0.00130809 0.0057711 0.00754444 0.00409063 0.00318665 0.00615559 0.0364338 0.0486572 0.0143916 0.00230162 0.000724427 0.000342048 0.000267239 0.000192134 4.25341e-05 1.42043e-05 4.37304e-06 2.40829e-05
0.0146616 0.00185257 0.00294639 0.00556818 0.00682439 0.00459614 0.00371328 0.00292769 0.00180641 0.00186246 0.0040106 0.00847505 0.0093073 0.00703244 0.00640307 0.00996321 0.0201893 0.0194141 0.0117611 0.00509874 0.00403026 0.00300775 0.00250903 0.00205222 0.0012524 0.000816306 0.000581616 0.00232168
