0.00772796 0.000251026 0.00037168 0.0015541 0.00406832 0.00288734 0.00135215 0.000647693 0.000575664 0.000738228 0.0010687 0.00110561 0.0010775 0.00105627 0.00100106 0.000858395 0.000831027 0.00098523 0.00109723 0.00132243 0.00120733 0.00119579 0.00124875 0.00183701 0.00337545 0.00284329 0.0011624 0.00142038
0.00174282 1.09539e-05 2.45124e-05 0.000175999 0.000981486 0.0010015 0.00031165 0.000101166 6.61576e-05 7.84253e-05 0.000132252 0.000121961 0.000121644 0.000114333 8.28695e-05 6.34211e-05 7.12526e-05 8.92439e-05 0.000103388 0.000111115 7.93253e-05 9.21668e-05 0.000123803 0.000275433 0.000786745 0.000657473 0.000162224 0.000129741
0.00153036 1.86119e-05 3.75694e-05 0.00034194 0.00258811 0.00349058 0.00117904 0.000341649 0.000226938 0.000252014 0.000296919 0.000237085 0.000259383 0.000249548 0.000171635 0.000126765 0.00014353 0.00013779 0.000120585 0.00010293 8.43305e-05 0.000157771 0.000322693 0.0011238 0.0022836 0.00111476 0.000441208 0.000257775
0.002922 7.09112e-05 6.51144e-05 0.000315604 0.0020884 0.00297427 0.00130524 0.000624754 0.000653755 0.000804134 0.000542462 0.000268488 0.000281338 0.000413044 0.000502414 0.000379896 0.000250638 0.000109208 6.6545e-05 5.71302e-05 8.54594e-05 0.000307071 0.000848484 0.00219877 0.00161783 0.000387172 0.000201099 0.000193257
0.00992528 0.000410549 0.000277623 0.000706211 0.00306922 0.0046888 0.0036778 0.00356881 0.00812782 0.0100091 0.00489969 0.00211162 0.00247206 0.00721684 0.0124837 0.00684038 0.00255976 0.000768661 0.00041562 0.000407313 0.000783834 0.00321971 0.00657634 0.00568681 0.00108414 0.000165771 6.38959e-05 8.55408e-05
0.0138932 0.00062471 0.000319734 0.000594433 0.00223663 0.00438847 0.00480742 0.0124737 0.109001 0.209024 0.107887 0.0948648 0.193146 0.445934 0.484118 0.223504 0.0723372 0.0307881 0.0194367 0.0118697 0.0185299 0.0283911 0.0232784 0.00841482 0.000638024 9.1727e-05 2.28516e-05 3.85814e-05
0.0109852 0.000299266 0.000131543 0.000257216 0.00152062 0.00361648 0.00697121 0.0629242 0.711002 0.909154 0.847556 0.877649 0.948932 0.973165 0.947376 0.813228 0.604727 0.544801 0.455596 0.22295 0.149338 0.0658095 0.01872 0.00489483 0.000410504 5.89557e-05 8.88202e-06 1.91872e-05
0.00444623 4.91543e-05 2.09547e-05 6.87378e-05 0.000737167 0.00245144 0.00848732 0.115141 0.864906 0.97164 0.957821 0.962976 0.971501 0.977244 0.96018 0.930055 0.918944 0.938753 0.906023 0.591076 0.128336 0.0116095 0.00239203 0.00102347 0.000154754 3.16172e-05 9.15065e-06 2.14403e-05
0.00160497 1.10679e-05 5.93477e-06 3.82438e-05 0.000488298 0.001557 0.00530178 0.0537279 0.389113 0.647728 0.666293 0.690401 0.734191 0.782871 0.865365 0.932365 0.947327 0.970556 0.941113 0.453554 0.0203864 0.000752928 0.000292174 0.000365643 0.000128695 5.3071e-05 3.72106e-05 6.92406e-05
0.00184899 1.828e-05 1.38666e-05 0.00010322 0.00104703 0.00268458 0.0071412 0.0320548 0.0450127 0.0409676 0.0531727 0.0653605 0.149793 0.304763 0.71852 0.93077 0.952721 0.963089 0.871918 0.182999 0.00373932 0.000214735 0.000141187 0.000324198 0.000299195 0.000211554 0.000243541 0.000252297
0.00457462 0.000105338 9.76054e-05 0.000667957 0.00421811 0.00949594 0.015689 0.0186749 0.010199 0.00540726 0.00922836 0.0264888 0.15742 0.573716 0.909471 0.974076 0.967364 0.953123 0.771796 0.0780385 0.00288186 0.00031018 0.000233929 0.000624681 0.000651699 0.000597842 0.000691063 0.000389706
0.00629027 0.000201567 0.000275867 0.00162333 0.00512233 0.00521446 0.00497096 0.00340821 0.00214701 0.00356024 0.0245562 0.176654 0.708162 0.943195 0.968875 0.966492 0.919736 0.844997 0.450031 0.0219397 0.00248402 0.000796466 0.000863959 0.00256695 0.00160689 0.000756013 0.000402626 0.000183838
0.00683529 0.00025016 0.000434075 0.0016003 0.002343 0.000965183 0.000623332 0.000608509 0.0021305 0.0277857 0.310629 0.825115 0.966192 0.988075 0.97917 0.946939 0.880748 0.671205 0.141093 0.0056856 0.00171558 0.00191656 0.00273492 0.00562886 0.0018061 0.000410234 9.52466e-05 5.89208e-05
0.0241919 0.00170023 0.00242383 0.0027101 0.00161909 0.000367592 0.00025413 0.000584062 0.0121646 0.36935 0.884436 0.968807 0.980537 0.988852 0.98095 0.957133 0.90845 0.533096 0.0264832 0.000801821 0.000452378 0.000676941 0.00106146 0.00161959 0.000343292 9.01342e-05 1.51532e-05 2.29955e-05
0.084941 0.0141132 0.0112609 0.00386894 0.00256574 0.000618009 0.000650077 0.00306661 0.0809341 0.856214 0.979526 0.97755 0.962252 0.974806 0.974621 0.969738 0.933507 0.410722 0.0129755 0.00072516 0.000380175 0.00026283 0.000252113 0.000344543 6.49964e-05 2.86635e-05 5.62331e-06 1.84395e-05
0.13428 0.044524 0.0395813 0.012563 0.015932 0.00558813 0.00518607 0.0161041 0.235286 0.912243 0.969641 0.92288 0.834436 0.893384 0.938139 0.972305 0.957776 0.641941 0.0888725 0.0162837 0.00499986 0.000683158 0.000339774 0.000359408 5.50688e-05 2.56198e-05 5.30902e-06 1.93123e-05
0.144764 0.0647431 0.112085 0.0518894 0.0837976 0.0358936 0.0172333 0.0268295 0.197763 0.724585 0.70251 0.307317 0.168295 0.257196 0.650877 0.931505 0.960134 0.913587 0.711595 0.424446 0.0626275 0.00206402 0.000821204 0.000793503 9.73842e-05 3.59007e-05 7.11068e-06 2.06752e-05
0.0966283 0.0251156 0.0398752 0.0174787 0.0247684 0.0114095 0.00546072 0.00948009 0.0392118 0.121066 0.0595834 0.0109018 0.00597802 0.00583582 0.0423759 0.494322 0.923416 0.982385 0.971426 0.863234 0.172232 0.00484934 0.00163994 0.00114952 0.000141241 4.49515e-05 9.13888e-06 2.21388e-05
0.0221395 0.00149505 0.001071 0.000554459 0.00102117 0.000857951 0.000617429 0.0014838 0.0066941 0.0203368 0.0178689 0.00520013 0.00147087 0.000371913 0.00148128 0.109591 0.912747 0.993423 0.982772 0.708969 0.0692643 0.00357205 0.00131917 0.000767818 0.000104136 3.73165e-05 8.09411e-06 1.98183e-05
0.00759079 0.000188384 9.48346e-05 0.000102739 0.000261954 0.00030707 0.00055598 0.00173386 0.00545416 0.0289614 0.123834 0.0815606 0.0077769 0.00109323 0.00417145 0.253417 0.970339 0.99391 0.941063 0.201552 0.00886704 0.00141585 0.00087375 0.000506508 7.39802e-05 3.16988e-05 6.34634e-06 1.68416e-05
0.00833965 0.000203477 0.000113128 0.000207323 0.000521656 0.000755205 0.00303233 0.00761508 0.0152859 0.149978 0.727885 0.727242 0.150154 0.0308418 0.182041 0.875687 0.98675 0.98798 0.793817 0.045622 0.00333007 0.00119611 0.000708465 0.000326922 5.1598e-05 2.58299e-05 4.78774e-06 1.55865e-05
0.00655001 0.000184321 0.000204842 0.000711282 0.00205417 0.00304426 0.00937356 0.0170627 0.0370918 0.447311 0.934996 0.948193 0.811312 0.706224 0.931471 0.98319 0.981511 0.948439 0.46393 0.0190835 0.00351693 0.00126824 0.000343804 0.000129855 2.62696e-05 1.62944e-05 3.64977e-06 1.52854e-05
0.00804765 0.000246677 0.000403898 0.0018172 0.00718526 0.00823076 0.0103331 0.0133942 0.0377044 0.391398 0.903575 0.954509 0.952399 0.972032 0.984192 0.976862 0.909866 0.605989 0.0716916 0.004261 0.00195264 0.000654146 0.00013707 6.13897e-05 1.51643e-05 1.12914e-05 3.23734e-06 1.62783e-05
0.0130921 0.000550876 0.000639502 0.00150276 0.00609848 0.00665772 0.00594255 0.00563927 0.0150834 0.125636 0.737575 0.933629 0.949314 0.960232 0.954845 0.915343 0.574636 0.131513 0.0102173 0.000992781 0.000641171 0.000252785 7.68862e-05 5.14162e-05 1.37668e-05 1.04367e-05 4.11249e-06 2.11717e-05
0.0160113 0.000365809 0.000230517 0.000378046 0.00124334 0.00128052 0.000863897 0.000475234 0.000865516 0.0095442 0.212709 0.612215 0.668737 0.702857 0.681186 0.520402 0.119639 0.0135701 0.00174172 0.000293801 0.000124986 6.46615e-05 3.68038e-05 2.83563e-05 7.4793e-06 6.88782e-06 4.11161e-06 2.28325e-05
0.00644625 5.35435e-05 4.00344e-05 0.000125682 0.000399603 0.000324288 0.000121335 4.2607e-05 5.88965e-05 0.000523803 0.00690229 0.0218994 0.0510936 0.0995513 0.10222 0.0504265 0.00816047 0.000957282 0.000141843 3.64028e-05 2.11193e-05 2.07062e-05 1.40936e-05 9.13975e-06 2.67508e-06 2.72922e-06 2.07723e-06 1.36574e-05
0.00356407 4.87515e-05 8.80337e-05 0.00033962 0.00079563 0.000519984 0.000143588 6.58665e-05 7.96744e-05 0.000295455 0.000921424 0.0020515 0.00908976 0.0204974 0.0150459 0.00586004 0.00211483 0.00042626 8.88595e-05 4.31677e-05 4.91812e-05 5.90017e-05 3.91889e-05 2.55973e-05 1.12642e-05 1.04925e-05 5.41437e-06 3.27738e-05
0.0150388 0.00138754 0.00214149 0.00337021 0.00421516 0.00336622 0.00187755 0.00120573 0.00162656 0.002779 0.00279836 0.00377905 0.0100947 0.0159565 0.0100655 0.00594628 0.00468797 0.00240421 0.00132479 0.00122477 0.00142823 0.00150032 0.00121263 0.00105075 0.00104836 0.000971281 0.000621093 0.00228072
