0.010343 0.000242464 0.000128611 0.000571072 0.00262605 0.00318125 0.00131152 0.00091588 0.00217521 0.00838966 0.0155748 0.00942945 0.00526954 0.00456508 0.0050945 0.00380071 0.00170553 0.00187585 0.00655119 0.00964063 0.00346123 0.00101555 0.000567163 0.000406627 0.000330516 0.000398662 0.000698463 0.00277729
0.00203502 7.81901e-06 9.82505e-06 0.000121111 0.00106426 0.00120416 0.000179325 0.000115003 0.000414713 0.00262555 0.0099596 0.00792012 0.00574579 0.00869014 0.0134882 0.00713443 0.00102148 0.000489351 0.00155698 0.00162813 0.000576042 0.000223816 6.92771e-05 3.26376e-05 2.53706e-05 2.68906e-05 4.28587e-05 0.000187078
0.00160405 1.6798e-05 4.20997e-05 0.000725754 0.0035622 0.00172394 0.000368186 0.000254429 0.00131966 0.0134317 0.0715786 0.160686 0.288537 0.509233 0.545959 0.204425 0.017049 0.00234137 0.00183621 0.00184332 0.00132552 0.000926204 0.000195348 5.14602e-05 2.85489e-05 2.33916e-05 2.9257e-05 0.000114347
0.00292312 7.60864e-05 0.000138248 0.00087846 0.00135876 0.000391282 0.000237355 0.000594511 0.00718375 0.112021 0.462996 0.800139 0.919566 0.954604 0.936512 0.64422 0.0671257 0.00481948 0.00125759 0.000859816 0.00135035 0.00153547 0.000522602 0.000173437 7.05012e-05 3.28626e-05 2.09228e-05 5.74399e-05
0.00876098 0.000409268 0.000383396 0.000715711 0.000755166 0.000286902 0.000709947 0.011108 0.210347 0.806499 0.935928 0.963849 0.966014 0.965579 0.966363 0.888469 0.353325 0.0388931 0.00811465 0.00300611 0.00368678 0.00494816 0.00243948 0.00123705 0.000369552 6.67827e-05 2.44024e-05 4.65709e-05
0.00622812 0.000208401 0.000173791 0.000304697 0.000366044 0.000269792 0.00184327 0.0512484 0.712629 0.971572 0.955675 0.831641 0.535399 0.539852 0.805245 0.896274 0.803376 0.406403 0.0679154 0.00976134 0.00796004 0.00938114 0.00459415 0.00233092 0.000482472 7.7609e-05 6.53867e-05 0.000120114
0.00293506 6.65701e-05 8.12329e-05 0.000205971 0.000356957 0.000430281 0.00252203 0.0609712 0.645606 0.904624 0.64792 0.089376 0.0275271 0.0805486 0.481284 0.914351 0.937174 0.770123 0.191877 0.0198964 0.0162618 0.0154376 0.00684874 0.00278785 0.000389919 0.000120635 0.000283722 0.000423352
0.00221644 4.03785e-05 4.89773e-05 0.000155803 0.000470516 0.000843583 0.00242198 0.0201702 0.147371 0.212958 0.0289732 0.00221429 0.00296636 0.0424463 0.55214 0.94121 0.958153 0.832643 0.19643 0.0231883 0.0150769 0.00778805 0.0026154 0.00103709 0.00018616 0.000102056 0.00023116 0.000320927
0.00238954 3.55991e-05 2.86384e-05 0.000114299 0.000441977 0.000759203 0.00110288 0.0027787 0.00754577 0.00608362 0.00143199 0.000525763 0.00341029 0.135341 0.796984 0.952738 0.940573 0.737756 0.13282 0.0142265 0.00645025 0.00210331 0.000676051 0.000382676 0.0001176 6.55459e-05 5.12851e-05 6.71393e-05
0.00184075 1.9864e-05 1.05654e-05 4.68763e-05 0.000215488 0.000248525 0.000202359 0.000338088 0.000544016 0.000448861 0.000357884 0.00110131 0.036431 0.621112 0.934102 0.956216 0.859433 0.378031 0.042768 0.0059156 0.00193639 0.00069265 0.000424177 0.000412122 0.000180595 9.03552e-05 3.28664e-05 3.41544e-05
0.00169455 1.33047e-05 7.66268e-06 4.00688e-05 0.000163363 0.000133674 6.43594e-05 8.97213e-05 0.00019577 0.00026969 0.000682721 0.0119458 0.375219 0.919385 0.976801 0.954989 0.597495 0.068137 0.00874353 0.00259471 0.00150615 0.00101831 0.000992554 0.00109082 0.000365445 0.000128554 4.53916e-05 4.16483e-05
0.00215848 1.99893e-05 1.3657e-05 6.60138e-05 0.000188928 9.79427e-05 5.85942e-05 0.000108163 0.000152586 0.000354088 0.00454125 0.167983 0.852413 0.966495 0.964934 0.836152 0.15871 0.010415 0.00334781 0.00281866 0.00387595 0.00412496 0.00275689 0.00132363 0.000333992 9.78834e-05 3.3476e-05 2.95962e-05
0.00338709 7.3573e-05 8.77513e-05 0.000291705 0.000454209 0.000156985 0.00012182 0.00018199 0.000225821 0.00109137 0.0280313 0.628492 0.946832 0.963973 0.892315 0.41751 0.0414267 0.00494637 0.00357573 0.00830387 0.0145452 0.0126839 0.00570411 0.001387 0.000393605 0.000125149 3.60945e-05 2.5489e-05
0.0170283 0.00182762 0.00455388 0.00581124 0.00189381 0.000267549 0.000291644 0.000481238 0.000584954 0.00585292 0.22019 0.893924 0.965751 0.933982 0.591588 0.0655872 0.00676085 0.00215114 0.00437816 0.0273022 0.0725379 0.0732599 0.0266443 0.00586549 0.00258199 0.000780047 0.000157754 5.0423e-05
0.0479211 0.017389 0.064319 0.0316996 0.00422063 0.000389355 0.000502398 0.000931288 0.00192073 0.0584298 0.800463 0.97855 0.968284 0.731559 0.078514 0.002325 0.00062722 0.00108144 0.00475731 0.0522569 0.227326 0.303029 0.146024 0.0513781 0.033746 0.00849621 0.000821027 9.3205e-05
0.0384589 0.01436 0.085477 0.0584222 0.00982351 0.00110496 0.000687366 0.00101608 0.00871686 0.409828 0.967398 0.985402 0.881906 0.143 0.00351626 0.000192892 0.000184314 0.000948315 0.00466637 0.0527763 0.280329 0.407843 0.199224 0.0881677 0.0666359 0.0106634 0.000614586 5.74354e-05
0.0165768 0.0027878 0.017001 0.0271052 0.0134396 0.00204442 0.000862846 0.00227562 0.0623876 0.914226 0.993719 0.976617 0.4484 0.00668588 0.0003401 0.000116558 0.00027195 0.00159111 0.00459951 0.028079 0.108735 0.111227 0.0559319 0.0438769 0.0397601 0.00484086 0.000192966 1.91599e-05
0.0109973 0.000881192 0.00266524 0.00622964 0.0126333 0.00634645 0.00312987 0.0176297 0.516026 0.983041 0.988405 0.768511 0.0228768 0.000256076 4.16321e-05 4.4048e-05 0.000219447 0.00128212 0.00208099 0.00604308 0.0129891 0.0100037 0.0122236 0.039453 0.0686803 0.00743497 0.000181714 1.13626e-05
0.0115415 0.000831771 0.00115165 0.00275976 0.0111434 0.0123116 0.0151899 0.195254 0.898835 0.983832 0.93517 0.182127 0.00360962 0.000166133 6.82022e-05 0.000127366 0.000475503 0.00155124 0.00232443 0.00468585 0.00813021 0.0127607 0.0379942 0.227449 0.33179 0.0218613 0.000308039 1.56586e-05
0.0111188 0.000728779 0.000637167 0.0012461 0.00542784 0.00926376 0.0385515 0.572967 0.953352 0.979733 0.919316 0.402038 0.0552334 0.0151426 0.0141081 0.0213024 0.0357882 0.0484691 0.0614827 0.106984 0.194797 0.402018 0.726932 0.909803 0.845814 0.120284 0.00181826 6.37413e-05
0.0125944 0.000567465 0.00046684 0.000654267 0.00192437 0.00540348 0.0464248 0.583937 0.924336 0.962075 0.967074 0.926127 0.840476 0.836149 0.837531 0.845157 0.882632 0.86526 0.856093 0.90083 0.936145 0.959437 0.959466 0.964585 0.903837 0.378367 0.0206014 0.000511687
0.00951173 0.000266417 0.000141994 0.000183189 0.000547908 0.00165281 0.0109503 0.0970855 0.447742 0.736982 0.892528 0.932262 0.965662 0.987987 0.989222 0.987961 0.986935 0.978343 0.974764 0.971729 0.938217 0.884153 0.790852 0.819048 0.727993 0.373618 0.0527351 0.0013925
0.0051216 7.88683e-05 3.05157e-05 5.35835e-05 0.000185975 0.000369985 0.00103411 0.00442717 0.0235758 0.0564952 0.11267 0.389035 0.876948 0.976602 0.975002 0.934661 0.82307 0.693529 0.657873 0.502866 0.230843 0.175244 0.253172 0.37487 0.290568 0.134372 0.0209311 0.000857395
0.00540217 8.37558e-05 2.49026e-05 4.52297e-05 0.000171026 0.000237281 0.000595 0.00271811 0.00835608 0.00846924 0.0112933 0.0480057 0.53564 0.806712 0.541212 0.162068 0.0336595 0.0229718 0.0208135 0.0108131 0.00735172 0.0152533 0.0706431 0.129315 0.0478322 0.0147516 0.0026541 0.000332419
0.010182 0.000190351 4.31871e-05 6.88515e-05 0.00025134 0.000418226 0.00125171 0.00588379 0.0117905 0.00670305 0.00802768 0.0198616 0.0748051 0.0631726 0.0102977 0.00149957 0.000814722 0.00146584 0.00149273 0.00116151 0.00173858 0.00612943 0.0223179 0.0273441 0.00506689 0.000909212 0.000276109 0.000130673
0.00961579 0.000293627 0.00020684 0.000497273 0.000774922 0.000725281 0.00184414 0.00617426 0.0114453 0.00825889 0.00786038 0.00814698 0.00452442 0.00120098 0.000196248 5.16923e-05 0.000150701 0.000626983 0.000760945 0.000827026 0.00115642 0.00234385 0.00318215 0.00221154 0.000345954 5.41988e-05 1.74878e-05 2.92321e-05
0.0092666 0.000762798 0.00259047 0.00661525 0.00394845 0.00213089 0.00281003 0.00543146 0.00791095 0.00812323 0.00772643 0.00451062 0.00168846 0.000496947 0.000134253 9.37232e-05 0.000516822 0.00194651 0.00216038 0.00190739 0.00184507 0.00172158 0.00129898 0.00073841 0.000170024 3.82475e-05 1.01864e-05 3.94509e-05
0.0276674 0.00705857 0.0191646 0.0220636 0.010984 0.007026 0.0063973 0.00762853 0.00844174 0.00808306 0.008613 0.00650287 0.00425594 0.00253914 0.00156804 0.00172036 0.00423146 0.0075527 0.00671633 0.00507515 0.00486876 0.00424727 0.00329681 0.00233063 0.00179892 0.00107149 0.000626588 0.00241235
