0.0254522 0.00162386 0.000785937 0.000800603 0.00134508 0.00104182 0.000636577 0.000602431 0.00068962 0.00110906 0.001702 0.00259507 0.00652774 0.00620185 0.00376875 0.00229727 0.00135623 0.00132257 0.00158603 0.0020495 0.00202378 0.00168756 0.00159557 0.00114996 0.000755023 0.000430266 0.000293597 0.0015444
0.0101525 0.000274182 0.000197452 0.00026299 0.000336705 0.000142355 7.12418e-05 6.91661e-05 7.90408e-05 0.000176548 0.00036479 0.000939835 0.0036249 0.00375324 0.00205747 0.00176233 0.00126747 0.00118671 0.00216829 0.00253555 0.00156831 0.00103114 0.000892231 0.000459556 0.000115521 3.66037e-05 2.03796e-05 0.000121651
0.0168299 0.00148828 0.00206178 0.00213099 0.00130466 0.000314598 0.000184358 0.000187609 0.000187281 0.000393337 0.00128064 0.00677607 0.0346628 0.0664114 0.0553581 0.064696 0.061777 0.0596907 0.125797 0.0702828 0.017241 0.00954511 0.00498288 0.00178157 0.000229105 4.17926e-05 4.11712e-05 0.000190951
0.013727 0.00145533 0.00256746 0.00252806 0.00160722 0.000327774 0.00015071 0.000153258 0.000214124 0.000650471 0.00204948 0.0211956 0.25659 0.668615 0.722898 0.690755 0.60265 0.316484 0.192365 0.0367433 0.0074501 0.00843294 0.00524953 0.00203215 0.00025635 3.43452e-05 4.75197e-05 0.000147847
0.0123901 0.00162134 0.00463579 0.00631933 0.00464789 0.000717328 0.000192492 0.000211685 0.000601929 0.00171165 0.00402199 0.0706428 0.696838 0.950218 0.945843 0.845609 0.611902 0.116682 0.0167248 0.0035171 0.00257643 0.00630417 0.00683507 0.00323869 0.000364097 4.81338e-05 5.18412e-05 8.79642e-05
0.016229 0.00328799 0.017508 0.0220742 0.00733191 0.000507129 9.5906e-05 9.95856e-05 0.000299129 0.00109356 0.00506526 0.132521 0.848358 0.953078 0.788297 0.248138 0.0566403 0.00636632 0.000635325 0.000263035 0.000649299 0.00156574 0.001828 0.0015144 0.000381588 0.000105341 7.5298e-05 7.09019e-05
0.0196062 0.00960198 0.0920626 0.0571887 0.00766356 0.000290699 6.22755e-05 7.45901e-05 0.000189577 0.00106356 0.0115042 0.299948 0.87052 0.859251 0.28466 0.0310767 0.00991651 0.00189435 0.000228591 0.000107396 0.000316093 0.000629156 0.000646423 0.00101652 0.000611885 0.000191618 8.01752e-05 5.39896e-05
0.0428177 0.0401852 0.280289 0.0979244 0.0120274 0.000589067 0.000154416 0.000201771 0.000427578 0.00298111 0.0620522 0.558334 0.805428 0.587087 0.0957459 0.0160177 0.00879989 0.00194632 0.000246089 9.24542e-05 0.000134533 0.000223054 0.000316115 0.000729678 0.000390335 8.34842e-05 3.36639e-05 3.97658e-05
0.080803 0.0483825 0.174092 0.0492501 0.0123258 0.00136583 0.000503619 0.000632191 0.00148878 0.0244535 0.492722 0.866674 0.806246 0.419163 0.0950193 0.0307045 0.0155538 0.00294713 0.000412916 0.000112734 0.00010288 0.000200479 0.000400682 0.000645373 0.000132511 2.34597e-05 1.52567e-05 4.08326e-05
0.0446701 0.00890935 0.0176669 0.00868045 0.00433155 0.00095035 0.00059353 0.00101784 0.00347652 0.102522 0.843925 0.917972 0.583036 0.114392 0.0271057 0.0126184 0.00540688 0.001203 0.000389639 0.000158612 0.000169374 0.000316128 0.000443992 0.000376252 5.23857e-05 1.15281e-05 1.07471e-05 4.55172e-05
0.01428 0.00101188 0.00161098 0.00211349 0.00166651 0.000543639 0.000458418 0.00089339 0.00543848 0.26209 0.88666 0.792999 0.181298 0.016912 0.00624012 0.00442518 0.00272314 0.00158484 0.00112869 0.000586455 0.000526388 0.000540926 0.000353636 0.000199405 3.69012e-05 1.10538e-05 1.18242e-05 5.49485e-05
0.00326654 0.000100512 0.000226146 0.00105094 0.0014131 0.000545659 0.000481948 0.00130283 0.0131567 0.50677 0.909225 0.638099 0.0625425 0.00888571 0.0110076 0.0243522 0.0314085 0.0389345 0.033678 0.00760162 0.0030137 0.0011109 0.000381124 0.00017523 2.99123e-05 1.01189e-05 1.98204e-05 9.1362e-05
0.00185959 5.8614e-05 0.000167718 0.00158301 0.0020894 0.000640308 0.00080668 0.00283106 0.0287605 0.693476 0.930027 0.558541 0.102695 0.0546132 0.130088 0.37086 0.506685 0.624971 0.505238 0.0690152 0.00979053 0.00183502 0.000584376 0.000259316 4.2299e-05 1.83267e-05 4.08006e-05 0.000130573
0.00181891 7.18067e-05 0.000268836 0.00253845 0.00247297 0.000610979 0.000724138 0.00282479 0.0385596 0.793142 0.961221 0.762161 0.434588 0.487514 0.764485 0.92103 0.926221 0.95377 0.912906 0.33204 0.0378119 0.00575567 0.00225805 0.000708636 9.48029e-05 3.62069e-05 5.05216e-05 0.000107998
0.00234333 0.000102335 0.000315553 0.00199294 0.00178358 0.000365421 0.00043987 0.00286962 0.0560652 0.819327 0.959642 0.789967 0.507184 0.603439 0.828639 0.919044 0.908152 0.957722 0.949393 0.528738 0.0696064 0.00802739 0.00241381 0.000692314 9.19362e-05 3.0742e-05 2.87153e-05 6.00727e-05
0.0041093 0.000217285 0.000416046 0.00133989 0.0010974 0.000259274 0.00036317 0.00343481 0.100684 0.844762 0.926088 0.55287 0.116643 0.0745245 0.200729 0.402955 0.452777 0.788926 0.902928 0.533542 0.0491946 0.00306384 0.000544479 0.000160584 3.29776e-05 1.57556e-05 1.30512e-05 3.40206e-05
0.00570943 0.000267482 0.000386703 0.000889125 0.000758885 0.000269292 0.000493543 0.00598966 0.183621 0.887083 0.921336 0.478041 0.0517967 0.0116337 0.0188605 0.0564672 0.0870789 0.407155 0.840173 0.598251 0.0444245 0.00121348 0.000161683 4.80283e-05 1.289e-05 8.983e-06 8.00456e-06 2.6356e-05
0.00461231 0.000173033 0.00019846 0.000525683 0.00083777 0.000535624 0.00130046 0.0145001 0.280273 0.909233 0.94471 0.755507 0.249089 0.0640314 0.0425075 0.0499575 0.0644873 0.26304 0.82599 0.715161 0.0533847 0.00113261 0.000152 4.91579e-05 1.75668e-05 1.73303e-05 1.24955e-05 2.97955e-05
0.00362057 0.000106198 0.00011535 0.000424636 0.00119603 0.00136662 0.00343183 0.0315624 0.367649 0.894038 0.957435 0.941805 0.796028 0.5054 0.271248 0.0797395 0.0522905 0.301588 0.869373 0.750247 0.0611894 0.00134111 0.00025714 0.000124417 4.50479e-05 4.86274e-05 3.09259e-05 4.83119e-05
0.00309881 8.47557e-05 0.000111871 0.000502648 0.00146891 0.00196834 0.00596987 0.0306744 0.187387 0.59126 0.789016 0.902307 0.917346 0.877718 0.613219 0.145951 0.0925556 0.437669 0.817376 0.532863 0.0498352 0.00208566 0.000325899 0.000140382 4.89097e-05 4.39649e-05 2.70214e-05 4.52864e-05
0.003488 0.000101346 0.000152032 0.000573132 0.001369 0.00191902 0.00454011 0.00827618 0.0125606 0.0250729 0.0634424 0.383961 0.849894 0.927657 0.802705 0.454357 0.400458 0.483256 0.257849 0.0479172 0.00966365 0.000972728 0.000189126 8.96092e-05 3.48694e-05 2.84618e-05 1.64598e-05 2.41985e-05
0.00307091 7.10896e-05 7.94826e-05 0.000282288 0.000777515 0.00142914 0.00332037 0.00394841 0.0022881 0.00171232 0.00355196 0.0309022 0.414074 0.79549 0.780846 0.672966 0.460408 0.163905 0.0122243 0.0017992 0.00066485 0.000113382 6.12758e-05 9.38487e-05 8.3749e-05 6.64122e-05 2.47742e-05 1.5974e-05
0.001944 2.25798e-05 1.84464e-05 0.000114001 0.000643854 0.00190946 0.00311659 0.00283495 0.00119343 0.000375846 0.000579742 0.00298415 0.0277336 0.156745 0.281546 0.250065 0.0750258 0.00758722 0.00105062 0.00031493 8.67306e-05 3.65995e-05 5.04848e-05 0.000207392 0.000543369 0.000288136 4.69173e-05 1.51623e-05
0.00138473 1.16682e-05 6.94503e-06 7.03705e-05 0.000849896 0.00285659 0.00336715 0.0017512 0.000605058 0.000157352 0.000126614 0.000372335 0.0018209 0.0108444 0.0273952 0.0147857 0.0027297 0.00036408 0.000214209 0.000194871 8.05791e-05 7.82273e-05 0.000121728 0.000638999 0.00325804 0.00145673 0.000178886 3.49168e-05
0.00153248 5.51561e-06 3.90948e-06 7.36097e-05 0.00103129 0.00204525 0.00145274 0.000446001 9.63083e-05 3.21154e-05 2.59625e-05 6.23752e-05 0.000329529 0.0018872 0.00415302 0.00151676 0.000226391 6.05032e-05 8.03279e-05 0.000150423 0.000140697 0.000117827 0.000176023 0.00145133 0.0132523 0.0105558 0.0013577 0.000152498
0.00129802 3.56796e-06 6.01736e-06 0.0001695 0.00104082 0.000755527 0.000288325 6.63749e-05 1.51568e-05 7.65816e-06 7.47162e-06 1.71098e-05 9.67676e-05 0.000413899 0.000763229 0.000299241 4.50162e-05 1.94917e-05 3.06595e-05 4.86876e-05 4.31591e-05 4.63663e-05 0.000212987 0.00526504 0.072326 0.05169 0.00470568 0.000325612
0.00176241 1.79569e-05 8.85414e-05 0.00103618 0.0017984 0.00067537 0.000288474 8.80946e-05 3.84019e-05 3.18278e-05 2.71514e-05 5.07861e-05 0.000263065 0.000730774 0.00117932 0.000531642 0.000116301 5.08255e-05 6.26085e-05 7.12878e-05 4.36571e-05 7.96154e-05 0.000751647 0.0138201 0.0893119 0.041683 0.00351946 0.000500671
0.0113738 0.00114616 0.00346882 0.00732438 0.00523289 0.00275031 0.00214441 0.00142306 0.00138364 0.00144501 0.00123561 0.00158529 0.00299709 0.00433812 0.00560401 0.00384716 0.00223749 0.00142479 0.00158868 0.00156746 0.00112203 0.00177273 0.00586778 0.0197163 0.0382529 0.0210728 0.00776773 0.00619677
