0.00699011 0.00016941 0.00010251 0.000267624 0.000677965 0.000743175 0.000647612 0.000536512 0.000610169 0.000821824 0.00132037 0.00412526 0.0098512 0.0102862 0.00536392 0.00350844 0.00414561 0.00597817 0.00663722 0.00335884 0.00193021 0.00148409 0.00114161 0.000838757 0.000766717 0.00108115 0.00135162 0.00252587
0.00188754 1.02188e-05 1.28924e-05 6.37653e-05 0.00019075 0.000171891 9.51198e-05 6.0072e-05 9.014e-05 0.000158544 0.000421376 0.00200395 0.00401521 0.00388789 0.00236687 0.00198179 0.00179967 0.0012505 0.000775187 0.000415414 0.000532906 0.000648031 0.000251065 9.78894e-05 9.23769e-05 0.000211099 0.000280881 0.000254366
0.00239634 3.61311e-05 6.19301e-05 0.000283082 0.000703271 0.000456957 0.00021748 0.000163979 0.000394942 0.00126157 0.00455493 0.0138438 0.0137568 0.0138631 0.0224542 0.0254447 0.0118801 0.0038174 0.00180646 0.00238743 0.00660205 0.00607155 0.000972098 0.000231259 0.000329202 0.00100587 0.0010932 0.000585662
0.00276186 5.78268e-05 6.18022e-05 0.000201835 0.000529064 0.00054457 0.000474308 0.000613468 0.00154489 0.00335927 0.00622527 0.00829508 0.00532856 0.00705772 0.0275057 0.0503194 0.0241818 0.0134124 0.0111644 0.0175557 0.0258692 0.0065034 0.000816855 0.000303412 0.000735656 0.00264731 0.00314807 0.00152505
0.00329816 7.03501e-05 5.68568e-05 0.000228816 0.000910684 0.00205002 0.00447823 0.00744277 0.012786 0.0142747 0.0129709 0.00998048 0.00882385 0.024831 0.12938 0.300812 0.220764 0.213238 0.260144 0.239738 0.132075 0.0192404 0.00421271 0.00234756 0.00346524 0.00787334 0.00714228 0.00228798
0.00320016 6.33154e-05 4.144e-05 0.000199753 0.000877463 0.00309305 0.0178561 0.0445002 0.0514706 0.0644098 0.0738939 0.0650671 0.0930425 0.249185 0.668505 0.863888 0.807374 0.810458 0.824106 0.759719 0.564622 0.186729 0.0402613 0.0084725 0.00473108 0.00304711 0.00145704 0.000787063
0.00361496 5.74432e-05 4.37235e-05 0.000225699 0.000981553 0.00405433 0.0372286 0.108716 0.103324 0.277557 0.572696 0.55379 0.706793 0.82787 0.941792 0.978695 0.970196 0.969524 0.956886 0.945226 0.9216 0.749201 0.209374 0.0139279 0.00239817 0.000498644 0.000126335 0.000155851
0.00252065 2.94203e-05 3.34274e-05 0.000275589 0.00135931 0.00466886 0.0229418 0.0681906 0.177993 0.709373 0.937626 0.894333 0.897724 0.865176 0.927539 0.975761 0.974111 0.97878 0.97428 0.97985 0.979422 0.937368 0.530352 0.0316701 0.00117099 7.57512e-05 2.09208e-05 4.95106e-05
0.00146478 1.64361e-05 1.9285e-05 0.000231479 0.00194585 0.00382068 0.00973297 0.0560742 0.426147 0.923161 0.967844 0.914074 0.86767 0.71141 0.687701 0.798936 0.828652 0.918928 0.959216 0.96902 0.975445 0.974473 0.846802 0.102014 0.00112571 2.84522e-05 1.09219e-05 3.33493e-05
0.00153428 2.06674e-05 2.43542e-05 0.000225978 0.00128595 0.00313478 0.0240061 0.288955 0.8541 0.970091 0.964724 0.896957 0.830653 0.525016 0.17556 0.0956379 0.20651 0.58148 0.736044 0.714932 0.849689 0.969439 0.946074 0.328716 0.00311295 4.47814e-05 1.21115e-05 2.38959e-05
0.00181641 2.69663e-05 3.40509e-05 0.000179346 0.000918416 0.00888027 0.26171 0.896962 0.969651 0.973981 0.950463 0.920396 0.816916 0.185522 0.0192783 0.00868875 0.0342731 0.155649 0.127253 0.122748 0.545025 0.961679 0.973476 0.626636 0.00933209 6.74583e-05 1.1406e-05 1.70913e-05
0.00190759 2.59072e-05 3.02578e-05 0.000178584 0.00195913 0.0632162 0.828285 0.979066 0.973383 0.957857 0.928554 0.859961 0.477813 0.0199502 0.00245327 0.00366998 0.020456 0.0531925 0.0167325 0.0216057 0.367676 0.943366 0.977019 0.744695 0.0123133 6.9768e-05 1.36265e-05 2.10204e-05
0.00203597 1.77441e-05 2.19733e-05 0.000198118 0.0047884 0.255581 0.932959 0.973339 0.951863 0.957066 0.944691 0.654083 0.0361205 0.000834274 0.000369234 0.00245024 0.0137287 0.0134485 0.00612306 0.0223674 0.447975 0.954521 0.982397 0.728448 0.0107742 0.000110824 3.75715e-05 5.33739e-05
0.00182444 1.27023e-05 1.15861e-05 0.000155613 0.0101578 0.453906 0.917701 0.927402 0.928343 0.964456 0.930098 0.305265 0.00343061 0.000144815 0.000114249 0.000616816 0.00168453 0.00134137 0.00302923 0.0538701 0.69965 0.974976 0.984077 0.717802 0.025031 0.00074463 0.000238327 0.000135539
0.00145109 7.90373e-06 6.46788e-06 0.000170241 0.0204289 0.550063 0.89784 0.93492 0.965835 0.973096 0.799004 0.0559318 0.0013356 0.000173979 0.000216752 0.000726884 0.00110526 0.00196525 0.0206165 0.420951 0.911826 0.979048 0.962434 0.575997 0.0501285 0.00334255 0.000732395 0.00018772
0.0015658 1.09261e-05 8.92487e-06 0.000279878 0.0367103 0.624439 0.901751 0.955552 0.970725 0.911279 0.226806 0.00640897 0.000905839 0.000746156 0.00478119 0.0357107 0.0693183 0.173101 0.712835 0.952878 0.97154 0.973509 0.909763 0.383683 0.037518 0.00248441 0.000432022 0.000139084
0.00199817 1.82101e-05 1.92915e-05 0.000582203 0.0518951 0.637631 0.924163 0.977562 0.972876 0.684517 0.066787 0.00763294 0.0069813 0.038327 0.372996 0.81546 0.923171 0.959547 0.981167 0.988315 0.974256 0.952767 0.801969 0.190811 0.012957 0.000959733 0.00013635 8.14178e-05
0.00191268 1.46071e-05 1.9045e-05 0.000433733 0.0201839 0.358623 0.887711 0.982016 0.978056 0.767207 0.230766 0.170793 0.429441 0.806748 0.970231 0.986195 0.986379 0.98141 0.982018 0.988404 0.973477 0.910015 0.400262 0.0221285 0.00142489 0.000194363 2.2883e-05 3.48526e-05
0.00141563 7.03793e-06 9.36874e-06 0.00015941 0.00599724 0.166117 0.846015 0.979229 0.981066 0.938088 0.833114 0.877639 0.954921 0.961143 0.965379 0.954109 0.924621 0.925977 0.944393 0.96338 0.92466 0.597051 0.0392495 0.00124738 0.000132199 3.8318e-05 5.58735e-06 1.8964e-05
0.00120859 4.96315e-06 6.27834e-06 9.54834e-05 0.00487661 0.177474 0.903168 0.985537 0.988266 0.988871 0.985707 0.983784 0.981546 0.942695 0.803431 0.716142 0.720902 0.80569 0.847075 0.786531 0.592087 0.206836 0.00982377 0.000469814 6.15521e-05 2.37451e-05 6.15567e-06 2.2428e-05
0.00139219 8.52169e-06 9.4153e-06 0.000170541 0.011318 0.365373 0.95446 0.982382 0.979475 0.989725 0.993199 0.992398 0.98713 0.958949 0.832586 0.805769 0.823504 0.802551 0.604702 0.283012 0.137256 0.0454779 0.00626849 0.000610738 6.29211e-05 2.45939e-05 1.11967e-05 3.20785e-05
0.00242927 3.14523e-05 5.37744e-05 0.000959261 0.0372964 0.459765 0.94315 0.962475 0.936699 0.966802 0.985939 0.985964 0.978889 0.972957 0.950101 0.945485 0.890714 0.64436 0.131275 0.0231555 0.0111063 0.00399416 0.00102055 0.00021683 4.08035e-05 2.78653e-05 1.514e-05 3.16579e-05
0.00516669 0.000176879 0.000303496 0.00261354 0.0299093 0.24095 0.7521 0.779536 0.691928 0.805725 0.891709 0.881832 0.859479 0.921365 0.952328 0.930202 0.680637 0.144262 0.0140523 0.00267342 0.00123925 0.000456952 0.000123451 6.76551e-05 3.6665e-05 3.32783e-05 1.53361e-05 2.62365e-05
0.00593235 0.000259189 0.000510337 0.00269179 0.0114691 0.043706 0.137978 0.12022 0.101722 0.166649 0.266794 0.311697 0.36814 0.487969 0.577858 0.401348 0.115396 0.025334 0.00579591 0.0019868 0.000689388 0.000182718 5.291e-05 5.08097e-05 4.82987e-05 4.25961e-05 1.92282e-05 2.81371e-05
0.00510362 0.000163871 0.00025037 0.00102234 0.00218679 0.00248881 0.00230569 0.00154623 0.00301874 0.00920482 0.0251815 0.0598883 0.087164 0.0473313 0.0194513 0.011002 0.0086724 0.00836232 0.00402466 0.00134507 0.000309136 6.22308e-05 2.52159e-05 3.43815e-05 4.47256e-05 4.06956e-05 2.3107e-05 3.16363e-05
0.00307514 4.48626e-05 4.24515e-05 0.000165691 0.000370536 0.000296266 0.000100211 5.72252e-05 0.000213963 0.00123369 0.010279 0.0508947 0.0401468 0.00687115 0.00118066 0.000883768 0.0016551 0.00202347 0.000805897 0.000184275 4.05289e-05 1.48703e-05 1.14137e-05 2.43093e-05 4.46873e-05 3.83152e-05 3.00854e-05 3.96703e-05
0.00387021 7.60485e-05 6.31245e-05 0.000206583 0.000459543 0.000354893 0.000100731 7.14228e-05 0.000224472 0.00128701 0.0139526 0.0567092 0.0243633 0.00336153 0.00114922 0.00111561 0.00183985 0.00129607 0.000338313 8.14399e-05 4.16423e-05 3.68006e-05 4.40314e-05 0.000101108 0.000206009 0.000169698 0.000104139 0.000168199
0.0169561 0.00206083 0.00148293 0.00193904 0.00340263 0.00322189 0.00183588 0.0016315 0.00239906 0.00557024 0.0157445 0.0268043 0.0156655 0.00584683 0.00432347 0.00432767 0.00520377 0.00410696 0.00203748 0.00114541 0.00122787 0.00137176 0.00158378 0.00239797 0.00339181 0.00265909 0.00232302 0.00591703
