0.0120517 0.000310266 0.000124281 0.000282179 0.00081725 0.00129681 0.00160793 0.00218507 0.00264393 0.00194973 0.000884886 0.000481021 0.000335567 0.000328156 0.000445064 0.000857052 0.00148758 0.00168981 0.00285434 0.00879883 0.0111597 0.00733081 0.00279142 0.000962932 0.00061747 0.000403418 0.000413034 0.00151633
0.00215753 9.09459e-06 6.10933e-06 3.49658e-05 0.000266913 0.000670424 0.000871702 0.000908096 0.000576403 0.000237291 8.08094e-05 3.68444e-05 1.87069e-05 2.59208e-05 8.1707e-05 0.000256217 0.000275809 0.000197142 0.000511652 0.00191457 0.00221814 0.00093972 0.000200199 8.0064e-05 6.40203e-05 4.66494e-05 4.88814e-05 0.000131128
0.00156195 1.29478e-05 1.61916e-05 0.000215314 0.00218594 0.00489058 0.0053131 0.00225832 0.000614038 0.000203683 0.000107454 7.74539e-05 5.83366e-05 0.00014469 0.000688509 0.00234649 0.00156367 0.00077301 0.00196775 0.00326561 0.00204789 0.000806897 0.00025324 0.000210162 0.000149335 9.1408e-05 0.000126838 0.000195768
0.00363596 7.7164e-05 0.00011237 0.00107402 0.00585728 0.00511557 0.00283812 0.000911748 0.000301064 0.000178233 0.00014153 0.000194324 0.000435009 0.00217438 0.0144227 0.0581893 0.0715519 0.0377781 0.0213146 0.00538553 0.00188533 0.00097713 0.000797593 0.00105793 0.000389924 0.000105507 8.29523e-05 0.000119896
0.0170565 0.000930073 0.00147197 0.00566149 0.0107646 0.00403314 0.00142647 0.000727143 0.000822742 0.000893963 0.00096422 0.00291897 0.0182628 0.12736 0.406335 0.717222 0.84293 0.779935 0.383504 0.037329 0.0117877 0.00884785 0.0088233 0.00976042 0.00128023 0.000130017 4.47483e-05 5.73554e-05
0.0176047 0.00123955 0.00286339 0.00830555 0.00898161 0.00239828 0.000637535 0.000424441 0.000969496 0.00216399 0.00496057 0.0430697 0.454394 0.861017 0.925121 0.946223 0.965384 0.943755 0.657801 0.115691 0.0379131 0.0226012 0.0155023 0.0078246 0.000592906 7.11392e-05 3.18633e-05 4.41068e-05
0.00774191 0.000836048 0.00365516 0.00997457 0.00874259 0.0017781 0.000604918 0.000494304 0.00158368 0.00530092 0.0166629 0.247809 0.879166 0.968344 0.966747 0.935693 0.88112 0.698201 0.247771 0.0615306 0.0387254 0.0220129 0.0111229 0.00347807 0.000284741 5.05986e-05 3.03577e-05 3.84358e-05
0.0107304 0.00160824 0.00522031 0.00559982 0.00277777 0.000536734 0.000343939 0.000628996 0.00305679 0.0202685 0.127819 0.711645 0.956062 0.944382 0.791526 0.452717 0.16375 0.0540021 0.0192989 0.0170942 0.0249271 0.0162934 0.00791494 0.00374345 0.001006 0.000258066 7.84653e-05 3.8467e-05
0.0189708 0.00276566 0.00368908 0.001483 0.000674506 0.000186075 0.000252162 0.000807296 0.00428553 0.0841244 0.580277 0.923868 0.945678 0.611397 0.0889375 0.0163791 0.00651194 0.0035613 0.00453803 0.0168525 0.033573 0.0187666 0.00865005 0.00800831 0.00538037 0.00110665 0.00015632 4.12664e-05
0.0158817 0.00162453 0.0016617 0.000954695 0.000735828 0.000329949 0.00063347 0.00271251 0.0222323 0.446355 0.918209 0.943935 0.620168 0.0346438 0.00298279 0.00150345 0.00101728 0.000950887 0.0045039 0.0281184 0.0395022 0.0221687 0.0109073 0.00906581 0.00402237 0.000486286 7.0383e-05 3.71895e-05
0.00944747 0.000614705 0.000842957 0.00104444 0.0014215 0.000931348 0.00193547 0.0107166 0.11151 0.833589 0.970156 0.877366 0.0917414 0.00179992 0.000759879 0.00144978 0.0015819 0.00256907 0.0162163 0.0538401 0.0402032 0.0243326 0.0166099 0.00663344 0.000845194 0.000102251 2.48683e-05 3.07609e-05
0.00481011 0.000176981 0.000229832 0.000485 0.000870034 0.000812186 0.00231319 0.0195616 0.220624 0.850715 0.915509 0.424823 0.00652918 0.000234593 0.000282241 0.00107695 0.00195513 0.00495325 0.0246085 0.0485586 0.0354062 0.0271934 0.018059 0.00338464 0.000284582 5.78156e-05 1.57252e-05 2.18202e-05
0.00339886 8.46764e-05 7.33112e-05 0.000204738 0.00036261 0.000440641 0.00176208 0.0229419 0.339655 0.88486 0.803039 0.0646944 0.000718197 4.71017e-05 0.000103777 0.000895407 0.00410554 0.0169528 0.0538963 0.0821952 0.0800184 0.0831673 0.0345592 0.0036846 0.000399186 8.04047e-05 1.68633e-05 1.68424e-05
0.00224102 4.32098e-05 4.33373e-05 0.000181446 0.000364076 0.000428673 0.00151689 0.0250503 0.533113 0.921506 0.543018 0.00986816 0.000208771 3.75675e-05 0.000178468 0.00457671 0.0774014 0.39481 0.543613 0.564121 0.623427 0.539492 0.157605 0.0106063 0.00137707 0.000214811 3.63991e-05 2.23478e-05
0.00205565 4.00344e-05 3.98937e-05 0.000171557 0.000457069 0.000457988 0.00148377 0.0548995 0.843218 0.959531 0.364795 0.0035615 0.000265989 0.000187194 0.00151425 0.0701588 0.614588 0.889221 0.891304 0.881951 0.916675 0.808284 0.299408 0.0270256 0.00514648 0.000827863 0.000114857 3.83678e-05
0.00269609 5.86254e-05 4.04156e-05 0.000109996 0.000285567 0.000354734 0.00194563 0.109324 0.890619 0.966819 0.510783 0.0129731 0.00207882 0.00277217 0.0374349 0.61311 0.911908 0.938926 0.9291 0.917108 0.902965 0.660272 0.158151 0.0349049 0.0182986 0.00290381 0.000201965 3.94215e-05
0.00355436 5.9489e-05 2.93801e-05 6.07107e-05 0.000131125 0.00023332 0.00172257 0.056087 0.545123 0.83334 0.619603 0.0822283 0.0201541 0.0439641 0.452939 0.926345 0.909647 0.792899 0.80022 0.833561 0.628554 0.12088 0.0181571 0.0119773 0.0153006 0.00249619 0.000130705 2.457e-05
0.00250509 3.21518e-05 1.8845e-05 5.73278e-05 0.000142445 0.000256284 0.0011104 0.0139161 0.126903 0.61224 0.824537 0.477036 0.16354 0.266206 0.832871 0.945159 0.671766 0.248378 0.342943 0.496248 0.142037 0.00846649 0.00213098 0.00250827 0.00370536 0.000821908 7.01739e-05 1.92142e-05
0.00155755 1.83705e-05 1.62652e-05 8.7326e-05 0.000283863 0.000369664 0.0010202 0.00776967 0.0828719 0.68335 0.946999 0.890023 0.579077 0.577825 0.883914 0.891713 0.348929 0.12241 0.29874 0.375411 0.0471926 0.00241459 0.00110469 0.00144051 0.00119359 0.000290404 5.13241e-05 2.08561e-05
0.00171799 1.83701e-05 1.22185e-05 5.1888e-05 0.000180724 0.000197077 0.000692143 0.00631446 0.0624459 0.594886 0.947102 0.952885 0.806466 0.754164 0.863105 0.805659 0.386156 0.305658 0.594217 0.481195 0.0581168 0.00393981 0.00138396 0.00101532 0.000656422 0.000218059 3.99499e-05 1.77577e-05
0.0021732 1.77338e-05 8.12865e-06 3.09437e-05 0.000111709 0.000159495 0.000566799 0.00325382 0.01875 0.22047 0.818595 0.942536 0.929492 0.932091 0.934702 0.89981 0.78326 0.784856 0.817849 0.557494 0.127063 0.0117054 0.00192187 0.000787072 0.000461559 0.000165851 2.44962e-05 1.37811e-05
0.00233414 2.15258e-05 1.35984e-05 7.45333e-05 0.000297807 0.000367769 0.000795269 0.00145676 0.00266883 0.0172112 0.228093 0.713214 0.922986 0.967743 0.966753 0.954889 0.884412 0.789012 0.597651 0.245021 0.0457844 0.00509817 0.00116019 0.000753179 0.00032337 8.90302e-05 1.72813e-05 1.57145e-05
0.00249041 3.76295e-05 4.28149e-05 0.000269448 0.000798646 0.000621226 0.000626455 0.000470728 0.000533852 0.00176749 0.0147382 0.120471 0.42126 0.665589 0.72313 0.643213 0.335125 0.104543 0.0333231 0.00796774 0.00178311 0.000718665 0.000541091 0.000688572 0.000294387 8.30426e-05 2.19452e-05 2.5383e-05
0.0031857 7.15095e-05 9.28128e-05 0.000374967 0.000689359 0.000424533 0.000378815 0.000251694 0.000282233 0.00065816 0.001837 0.00580652 0.0160276 0.0384892 0.0619021 0.0424601 0.0121305 0.0027274 0.000984086 0.000325609 0.00018087 0.000228303 0.000257235 0.000320004 0.000153678 5.85742e-05 2.33602e-05 3.21882e-05
0.00443311 7.0693e-05 5.67214e-05 0.000132112 0.00021199 0.00014147 0.000125181 0.000131298 0.000110566 0.000145492 0.000235709 0.000271954 0.000631481 0.00277347 0.00652478 0.0047435 0.00120869 0.000250839 9.12324e-05 5.27405e-05 6.45958e-05 8.23437e-05 7.01793e-05 6.4943e-05 4.12455e-05 2.66364e-05 1.62561e-05 2.17529e-05
0.00320214 2.66165e-05 1.40416e-05 3.33695e-05 6.1177e-05 5.83852e-05 5.36326e-05 5.83765e-05 4.63736e-05 3.30798e-05 2.44733e-05 2.23186e-05 0.000114338 0.00106777 0.00283513 0.00211483 0.000647471 0.000133419 2.80749e-05 1.57249e-05 2.65109e-05 3.75979e-05 4.62359e-05 6.52548e-05 4.62178e-05 2.15355e-05 1.04485e-05 1.11839e-05
0.00360681 4.65864e-05 3.61623e-05 8.09878e-05 0.000154911 0.000182402 0.000192782 0.000180035 0.000112282 6.41546e-05 3.65972e-05 5.09308e-05 0.000507466 0.00373663 0.00641007 0.00455748 0.00240519 0.000643776 0.000138924 6.45862e-05 8.5569e-05 0.000137446 0.000265905 0.000442782 0.000302635 9.79458e-05 2.25622e-05 2.80522e-05
0.0159882 0.00154773 0.00137154 0.00165685 0.00227891 0.00263954 0.00250861 0.00234289 0.0020718 0.00164514 0.001276 0.00163673 0.00558633 0.0138962 0.0119596 0.00960604 0.0109109 0.00652788 0.00333127 0.00214407 0.00198283 0.00230911 0.00338733 0.00406147 0.004144 0.00218993 0.00106963 0.00202547
