0.00863957 0.000933883 0.00217445 0.00390978 0.00166088 0.000376242 0.000465738 0.00101205 0.00102659 0.000690988 0.000570245 0.000596604 0.00112336 0.00344035 0.0056979 0.00411028 0.001614 0.000510437 0.000459259 0.000667855 0.000840663 0.00180683 0.00248993 0.00164002 0.00113006 0.000996569 0.00115927 0.00325481
0.00316774 0.000145324 0.000530242 0.000987041 0.000188817 2.48907e-05 4.21156e-05 0.000144007 0.000131033 7.8532e-05 5.04037e-05 5.43715e-05 0.00019409 0.000770002 0.00097073 0.000569358 0.0001575 3.77242e-05 4.04819e-05 8.04501e-05 0.000173728 0.000419756 0.000312086 0.000138547 0.000133417 0.000192404 0.000186957 0.000320431
0.00565838 0.000483745 0.000926171 0.00115858 0.00025764 4.73452e-05 8.82066e-05 0.000264952 0.00019026 0.000121789 8.67508e-05 0.000121108 0.000612207 0.00188405 0.00231559 0.00219181 0.000750922 0.000161795 0.000138554 0.00022839 0.000541401 0.000811517 0.000360475 0.000254911 0.00032637 0.000488797 0.000422366 0.000334768
0.00524191 0.000373498 0.000450706 0.000587833 0.000250815 7.55358e-05 0.000128679 0.000275979 0.000229593 0.000260223 0.000246526 0.000329599 0.000904582 0.00213642 0.00881805 0.0359898 0.0209153 0.00281461 0.000881896 0.00038888 0.00047242 0.000584932 0.000337335 0.000409518 0.000301793 0.00017077 9.29004e-05 0.000107282
0.00573271 0.000388686 0.000888845 0.00180972 0.00100267 0.000346407 0.000504136 0.000882426 0.00141793 0.00333034 0.00467018 0.0049125 0.00848292 0.0238107 0.168583 0.639114 0.463234 0.0661009 0.0100664 0.00131509 0.000889196 0.0016093 0.00172607 0.00180535 0.000374654 6.90137e-05 2.45422e-05 3.59485e-05
0.00475846 0.0003434 0.00119327 0.00301312 0.0016829 0.000565925 0.000613819 0.00126118 0.0045905 0.0313583 0.119294 0.16984 0.235015 0.437328 0.740079 0.931306 0.877296 0.346523 0.0301935 0.00203537 0.00152826 0.00330852 0.00459377 0.00349171 0.00053112 9.19571e-05 2.65282e-05 2.71149e-05
0.0041399 0.000311168 0.00100122 0.00262843 0.00139848 0.000506472 0.000904813 0.00270971 0.0154926 0.19296 0.665812 0.810594 0.860678 0.858504 0.819926 0.943401 0.943062 0.512699 0.0461088 0.00442067 0.00480888 0.00902427 0.00607007 0.00378405 0.000961966 0.000171698 4.02233e-05 2.65516e-05
0.00521986 0.000422425 0.00111507 0.0024378 0.00145185 0.000688858 0.00129295 0.00574802 0.0704482 0.524088 0.847364 0.86935 0.806685 0.674394 0.636074 0.898832 0.892998 0.342623 0.0565025 0.022355 0.0265459 0.0225419 0.00560091 0.00259086 0.00115287 0.000231912 4.88357e-05 2.53846e-05
0.00746086 0.000562931 0.000953145 0.00141745 0.00120734 0.000635404 0.00109321 0.0113996 0.206239 0.599029 0.594988 0.349762 0.122929 0.105576 0.352766 0.683787 0.431444 0.0728099 0.0327812 0.0318292 0.0285463 0.0120045 0.00231894 0.00110631 0.000738973 0.000211088 4.62997e-05 2.72098e-05
0.00648771 0.000284666 0.000192734 0.00022783 0.000411177 0.000449025 0.00128884 0.0229105 0.318938 0.518088 0.24182 0.0672916 0.0231954 0.0326276 0.185554 0.236161 0.0687308 0.02067 0.0118675 0.00793713 0.00512996 0.00253103 0.000714337 0.000544363 0.000491773 0.000182419 4.6362e-05 3.48731e-05
0.00422317 6.78213e-05 2.38302e-05 3.98623e-05 0.000140327 0.000318196 0.0015421 0.0295173 0.255487 0.340615 0.156164 0.0831452 0.0960087 0.153399 0.213497 0.0944269 0.0291774 0.0142734 0.00493292 0.00170355 0.00110331 0.000707635 0.000369652 0.000462728 0.000379606 0.000159691 5.02964e-05 4.53589e-05
0.00257206 2.12666e-05 5.70493e-06 1.36285e-05 7.1119e-05 0.000203081 0.00114957 0.0140103 0.067481 0.0943926 0.0656492 0.0842343 0.289449 0.425127 0.179536 0.0289855 0.00797302 0.00359876 0.0012462 0.000481159 0.000329953 0.000244585 0.00018528 0.00027352 0.000185626 9.32908e-05 2.99827e-05 3.78475e-05
0.00173711 9.81506e-06 3.29452e-06 1.17403e-05 5.49978e-05 0.000157396 0.000774852 0.00424194 0.0107611 0.0128715 0.0181878 0.0833941 0.465194 0.551696 0.128706 0.00751806 0.00155266 0.000872004 0.000383534 0.000214485 0.000183495 0.000158019 0.000143631 0.000208791 0.000122033 6.29365e-05 1.67658e-05 2.52506e-05
0.0015025 7.87847e-06 3.6184e-06 1.72124e-05 6.75495e-05 0.000173255 0.000671809 0.00183225 0.00235957 0.00311652 0.0101578 0.116714 0.695666 0.668476 0.079876 0.00213258 0.000501826 0.000455275 0.000257198 0.000207134 0.000177388 0.000114812 0.000110355 0.000151473 8.53338e-05 4.90106e-05 1.24558e-05 1.98051e-05
0.00142422 8.32927e-06 5.26073e-06 3.1587e-05 0.000129016 0.000328057 0.000726577 0.00113268 0.00188619 0.00449479 0.0321913 0.436956 0.851337 0.558487 0.023533 0.000538789 0.000260997 0.000470672 0.000400394 0.00046798 0.000361122 0.000161221 0.000138915 0.000192761 0.000114188 5.40362e-05 1.40468e-05 1.89795e-05
0.00134524 8.40243e-06 6.48389e-06 4.69385e-05 0.00023267 0.000620946 0.00101488 0.00123434 0.00178749 0.00825346 0.178879 0.843549 0.868302 0.245344 0.00550915 0.000282684 0.000289831 0.000822627 0.001668 0.00309943 0.00171673 0.000550352 0.000541671 0.000823521 0.000447296 0.00010934 2.05895e-05 2.16471e-05
0.00162314 1.23137e-05 9.90864e-06 8.66605e-05 0.000485321 0.000903157 0.00127092 0.000966021 0.00118066 0.0191456 0.573082 0.934482 0.751259 0.068986 0.00393192 0.000873202 0.00124563 0.00360804 0.0114351 0.0294139 0.0151425 0.00482595 0.00462228 0.00512251 0.00140607 0.000157145 1.87504e-05 2.18469e-05
0.00294974 2.74278e-05 1.8056e-05 0.000104737 0.000471823 0.000500942 0.000473428 0.000451282 0.0012005 0.0572305 0.84241 0.955309 0.648035 0.0619165 0.0131149 0.00833877 0.0107208 0.0235056 0.10571 0.336798 0.301414 0.160904 0.121265 0.0500968 0.00262979 0.000103827 8.85242e-06 1.82691e-05
0.00469782 4.81055e-05 2.77513e-05 9.28464e-05 0.000256735 0.000157389 0.000132462 0.000241562 0.00208473 0.185636 0.895669 0.907625 0.492519 0.072931 0.040607 0.0638223 0.0907891 0.15872 0.458649 0.774304 0.744367 0.529306 0.306872 0.0547778 0.00109839 4.12066e-05 4.4445e-06 1.81834e-05
0.00876731 0.000126829 6.27429e-05 0.000147345 0.000329016 0.000175426 0.000153886 0.000572068 0.0143907 0.481501 0.849709 0.689343 0.214568 0.0726558 0.145857 0.386414 0.575331 0.641532 0.693317 0.664683 0.375501 0.110815 0.0353831 0.00536377 0.000139863 1.34487e-05 3.44232e-06 1.88729e-05
0.0164222 0.000302905 0.000153786 0.000282024 0.000512666 0.000392315 0.000636383 0.0055189 0.185145 0.771638 0.757621 0.53127 0.268918 0.241243 0.516597 0.768821 0.83587 0.7297 0.453295 0.144784 0.0262212 0.00524098 0.00214923 0.000544896 3.08731e-05 8.09446e-06 3.95777e-06 1.87233e-05
0.00825832 0.000140555 0.000199685 0.000643475 0.00113558 0.00111631 0.00266 0.0301611 0.578616 0.892661 0.781558 0.77892 0.817312 0.756242 0.759566 0.693638 0.552152 0.330975 0.110724 0.0232304 0.00370652 0.000697678 0.000410629 0.000174816 2.34527e-05 1.20514e-05 7.41322e-06 2.23093e-05
0.00200937 4.6333e-05 0.000218345 0.00119254 0.00238044 0.00227472 0.00508233 0.0848367 0.810535 0.951531 0.925499 0.946275 0.934524 0.747974 0.391472 0.110948 0.0462238 0.0504385 0.0449657 0.0182641 0.00327447 0.000517261 0.000282965 0.000165546 4.16741e-05 2.22224e-05 1.20612e-05 2.54063e-05
0.00121625 2.47808e-05 0.000108958 0.000615154 0.00139542 0.00174107 0.00481023 0.0827071 0.747955 0.886673 0.819977 0.822803 0.697689 0.277889 0.0417562 0.00879651 0.0064541 0.0208574 0.059349 0.030404 0.00353941 0.000428492 0.00021382 0.000136884 3.84125e-05 1.95522e-05 1.29582e-05 3.07402e-05
0.00172313 1.483e-05 1.40735e-05 7.08469e-05 0.000233677 0.000312241 0.00118482 0.0167492 0.103542 0.0853969 0.0435253 0.052691 0.0711427 0.0333336 0.00893925 0.00457211 0.00570023 0.0240393 0.0592372 0.0153417 0.00105143 0.000116165 5.98946e-05 3.80678e-05 1.11716e-05 8.47496e-06 1.09962e-05 3.34178e-05
0.00132934 5.79592e-06 2.81378e-06 1.47524e-05 3.13399e-05 3.76641e-05 0.000334072 0.00469549 0.00694033 0.0019237 0.00069654 0.000732633 0.00224528 0.00226214 0.00133712 0.00157513 0.00236991 0.0067156 0.00804572 0.0017055 0.000238059 5.59305e-05 1.80845e-05 8.60393e-06 5.22808e-06 6.24428e-06 9.33357e-06 2.59166e-05
0.0018047 1.43393e-05 1.48045e-05 4.79333e-05 3.49382e-05 5.59168e-05 0.000735191 0.00591665 0.00394817 0.000782909 0.000323861 0.000330348 0.000947597 0.00113451 0.000812982 0.00105048 0.00185594 0.00273712 0.00204736 0.000790835 0.000451904 0.00023092 5.82605e-05 2.61911e-05 3.72333e-05 4.41048e-05 2.73511e-05 6.89415e-05
0.0118246 0.000987768 0.00137964 0.00173479 0.000852584 0.00111604 0.00476186 0.0107639 0.00678296 0.00263507 0.00191225 0.00220267 0.00344578 0.00362467 0.00360723 0.00430027 0.00494486 0.0051285 0.00348999 0.00268704 0.00420523 0.00389219 0.00164064 0.001041 0.00193585 0.00195334 0.00125479 0.00331317
