0.0188395 0.000809587 0.000246414 0.000347358 0.0013006 0.00324836 0.00330242 0.00217143 0.00213677 0.00256548 0.00264328 0.00194141 0.00156771 0.00119775 0.000811672 0.000625214 0.000912644 0.00174819 0.00333405 0.00570404 0.00395203 0.00154697 0.000665049 0.000346995 0.000409968 0.000924276 0.00161847 0.00401147
0.00489806 4.95222e-05 2.34955e-05 6.01327e-05 0.000452782 0.00113241 0.000521739 0.000199522 0.000207098 0.00030567 0.000323916 0.000238041 0.000254651 0.000289677 0.000178806 0.000135349 0.000257472 0.00051371 0.00179655 0.00352616 0.00139281 0.000257027 4.42176e-05 2.10272e-05 4.61059e-05 0.000162781 0.0002092 0.000263601
0.00525049 0.00010208 7.68561e-05 0.000403102 0.00284458 0.00244981 0.000540036 0.000153091 0.00019772 0.000426384 0.000482178 0.000537549 0.00137571 0.0028206 0.00175892 0.00147728 0.00261059 0.00527281 0.021097 0.0215835 0.00323002 0.000228386 3.32794e-05 3.50464e-05 0.000115887 0.000280684 0.000230779 0.000138404
0.00286112 4.58966e-05 3.14818e-05 0.000182381 0.000674502 0.000325746 9.94915e-05 6.32229e-05 0.000138369 0.00036131 0.000304684 0.000359299 0.00210527 0.0107388 0.0162196 0.0254918 0.0328505 0.0396927 0.0484977 0.0104397 0.000776368 4.74778e-05 1.21688e-05 2.65708e-05 0.000113079 0.000181667 8.80541e-05 5.1082e-05
0.00151241 1.71119e-05 1.21967e-05 7.62535e-05 0.00017764 0.000101569 7.58113e-05 0.000141502 0.000579944 0.00139965 0.00127614 0.00138797 0.00934185 0.132178 0.419712 0.619072 0.602306 0.430947 0.179414 0.0150208 0.00102599 9.33593e-05 3.95399e-05 0.000119869 0.00029667 0.000244218 8.01118e-05 3.68447e-05
0.00114042 9.85371e-06 8.53002e-06 6.19564e-05 0.000103092 5.95023e-05 8.55851e-05 0.000265983 0.00127539 0.00562167 0.00977847 0.0164314 0.128515 0.751319 0.949158 0.966947 0.943676 0.890026 0.676297 0.136301 0.00880545 0.000760749 0.000530756 0.00119599 0.00137325 0.000525654 0.000106867 4.031e-05
0.00127526 1.54255e-05 1.64438e-05 0.000106777 0.000156932 9.20026e-05 0.000198869 0.000681541 0.0040347 0.054391 0.178107 0.372609 0.815886 0.946349 0.95691 0.928019 0.852667 0.893198 0.922299 0.672983 0.0988497 0.0109381 0.00865986 0.00984779 0.00432083 0.000739157 0.000106382 4.20109e-05
0.00156104 2.28649e-05 2.62679e-05 0.000139715 0.000163872 8.22916e-05 0.000179915 0.000835947 0.0117658 0.381297 0.869441 0.935197 0.93468 0.78892 0.369853 0.15494 0.203504 0.733458 0.968384 0.937218 0.44628 0.0807545 0.0510643 0.0284066 0.00431473 0.000417186 7.79837e-05 4.7522e-05
0.00166873 2.48439e-05 2.35669e-05 0.00010117 0.00011621 4.66333e-05 9.94018e-05 0.000743484 0.0144179 0.539636 0.916413 0.889684 0.607966 0.0798549 0.0144631 0.012518 0.096829 0.860761 0.982067 0.93896 0.415894 0.0611495 0.0287663 0.010447 0.00138686 0.000187096 5.50017e-05 5.18563e-05
0.00168654 2.48234e-05 2.0159e-05 7.13312e-05 8.14375e-05 3.63227e-05 9.50164e-05 0.00105844 0.0190238 0.343697 0.516864 0.183318 0.0326655 0.00591909 0.00473207 0.0194968 0.471767 0.971823 0.974335 0.678874 0.0557854 0.00646979 0.00320726 0.00165978 0.000416604 0.000117322 3.75355e-05 4.10987e-05
0.00177782 2.23158e-05 1.41736e-05 4.60626e-05 5.71028e-05 4.02872e-05 0.000118948 0.00105608 0.0113469 0.0710398 0.0673499 0.0175281 0.00760361 0.0117225 0.0441241 0.346098 0.941335 0.98258 0.883988 0.163867 0.00983014 0.00171329 0.000827799 0.000699385 0.000243157 8.35747e-05 2.05021e-05 2.59357e-05
0.00184772 2.21543e-05 1.19807e-05 4.04074e-05 7.0498e-05 7.92815e-05 0.000238065 0.00100327 0.00577192 0.0241884 0.0305058 0.0284702 0.0657908 0.303566 0.777196 0.956228 0.97569 0.910752 0.295883 0.0166005 0.00356466 0.00103259 0.000643324 0.000608288 0.000135164 3.98068e-05 1.22665e-05 2.49311e-05
0.00196734 2.15125e-05 1.22666e-05 5.01363e-05 0.000111522 0.000192203 0.000715811 0.00225326 0.014614 0.0692152 0.106048 0.167808 0.495205 0.897547 0.977555 0.985139 0.954046 0.708251 0.122555 0.011793 0.00455762 0.00228037 0.00129562 0.00054585 7.2998e-05 2.3265e-05 1.10272e-05 3.46924e-05
0.00156937 1.48749e-05 1.11105e-05 6.58932e-05 0.000218525 0.000517455 0.00171695 0.00460488 0.0440236 0.177244 0.181687 0.234665 0.519661 0.800232 0.888753 0.889485 0.820256 0.747216 0.338693 0.0626284 0.0197489 0.00523611 0.00169733 0.000301045 3.53899e-05 1.87689e-05 1.39737e-05 4.92993e-05
0.00122819 1.16415e-05 1.42638e-05 0.000105249 0.000526637 0.00159665 0.00404199 0.0125244 0.110012 0.189685 0.0773528 0.0662038 0.099684 0.107136 0.105939 0.153307 0.368226 0.743826 0.745488 0.481411 0.137236 0.0120489 0.00170181 0.000197739 3.03259e-05 2.54105e-05 2.13863e-05 6.29861e-05
0.00121423 1.1608e-05 1.38426e-05 0.000125406 0.00127359 0.00785651 0.0169601 0.0382483 0.112066 0.0598843 0.0256546 0.0244748 0.0193031 0.00933105 0.00698092 0.0169483 0.146594 0.747992 0.948638 0.954482 0.740705 0.105137 0.00643654 0.000549719 9.78251e-05 4.88156e-05 3.33734e-05 7.07032e-05
0.00132274 9.05511e-06 8.74817e-06 0.000112737 0.00276255 0.0243763 0.060373 0.0843159 0.0680437 0.0283547 0.0280926 0.0355829 0.0188376 0.0067993 0.00734121 0.0193399 0.0921035 0.564072 0.93228 0.978328 0.890516 0.185089 0.0139286 0.0016956 0.00034558 8.04738e-05 3.28287e-05 5.91405e-05
0.00109408 6.65502e-06 4.7436e-06 7.20201e-05 0.0028033 0.0299047 0.142284 0.358289 0.270907 0.108111 0.0798284 0.0289194 0.00795763 0.00492227 0.009912 0.0301975 0.0564339 0.234576 0.823514 0.947668 0.691923 0.0512506 0.00636323 0.00206158 0.00048248 9.60903e-05 5.48861e-05 9.1614e-05
0.0010947 7.42482e-06 6.22904e-06 9.32966e-05 0.00309217 0.0402631 0.238527 0.750684 0.739837 0.287608 0.0585153 0.004315 0.00104836 0.00165319 0.00721883 0.0214173 0.0402434 0.331208 0.908433 0.915117 0.222789 0.00504079 0.00152508 0.00130135 0.000390236 0.000155593 0.000206867 0.000260038
0.00180267 2.75109e-05 4.71822e-05 0.000646142 0.00667178 0.0485156 0.360629 0.905029 0.8647 0.209415 0.00764029 0.000390721 0.000226644 0.000881086 0.00861987 0.0342169 0.116011 0.729514 0.968521 0.865821 0.0530058 0.00105083 0.000503587 0.000575196 0.000221078 0.000134669 0.000166341 0.00020011
0.00384224 0.000162518 0.000486087 0.00322764 0.0108465 0.0494538 0.324779 0.86927 0.810097 0.0973543 0.0020239 0.000164335 0.00034498 0.00419274 0.0381328 0.235834 0.684686 0.954941 0.971872 0.581904 0.0200369 0.00079907 0.000335433 0.000338716 0.000126874 5.45103e-05 3.84166e-05 5.28582e-05
0.00388098 0.000158556 0.00057219 0.00303565 0.00634716 0.0269769 0.190898 0.734967 0.793283 0.226783 0.0100186 0.00221822 0.0107298 0.100945 0.473447 0.869005 0.943367 0.953878 0.784089 0.076378 0.00426675 0.000509199 0.00026994 0.000272121 9.59983e-05 3.6266e-05 2.26875e-05 3.09961e-05
0.0025357 5.82306e-05 0.00011475 0.000662881 0.00208222 0.00947429 0.105017 0.67338 0.864705 0.726713 0.315161 0.211009 0.557241 0.822171 0.917182 0.956433 0.878063 0.467617 0.0703558 0.00384796 0.000957195 0.000462131 0.000236041 0.000193281 7.35154e-05 3.11632e-05 2.57042e-05 3.99236e-05
0.00209807 3.07126e-05 3.45763e-05 0.000159277 0.00073201 0.0033993 0.0385197 0.417552 0.799964 0.899698 0.921013 0.908007 0.931428 0.893933 0.765734 0.625787 0.215316 0.0258523 0.00272703 0.000491478 0.000480004 0.000500725 0.000214369 0.000139393 6.93252e-05 3.67537e-05 2.96916e-05 4.26972e-05
0.00249832 1.92454e-05 1.12996e-05 4.37282e-05 0.00021977 0.000973358 0.0111534 0.10534 0.327249 0.667776 0.844308 0.761453 0.440899 0.0745011 0.013 0.00630664 0.00219731 0.000506492 0.00020489 0.000209741 0.00026265 0.000236633 0.000106833 6.8724e-05 4.94132e-05 3.872e-05 3.61695e-05 4.39177e-05
0.00314234 1.93908e-05 5.55787e-06 1.36476e-05 6.14182e-05 0.000228192 0.00154488 0.00864923 0.0304855 0.0880588 0.117604 0.0304542 0.00358494 0.000369915 6.97923e-05 4.30974e-05 2.58054e-05 1.38026e-05 2.77766e-05 8.26865e-05 0.000108219 8.58671e-05 2.9864e-05 1.87135e-05 1.75735e-05 1.50689e-05 1.8493e-05 3.09879e-05
0.00563758 7.62923e-05 2.86557e-05 4.56971e-05 9.44941e-05 0.000229334 0.000638328 0.00197664 0.00804913 0.018525 0.0108453 0.00202014 0.000374878 0.000100372 5.25351e-05 4.15216e-05 2.48632e-05 2.07718e-05 6.75422e-05 0.000164819 0.000208429 0.000139436 5.75605e-05 3.68964e-05 3.6096e-05 2.95073e-05 2.49994e-05 6.75453e-05
0.0232649 0.00237695 0.0015208 0.00136449 0.00168139 0.00226241 0.00280198 0.00391623 0.00678865 0.0095676 0.0054318 0.00232763 0.00141643 0.00107823 0.001266 0.00139326 0.00103032 0.00102917 0.0017716 0.00243445 0.00268926 0.00195446 0.00147377 0.00119156 0.00139945 0.00116385 0.00100847 0.00302
