0.00786955 0.000533578 0.000707011 0.00167722 0.00178416 0.00115888 0.00153466 0.00316138 0.00503935 0.00294723 0.00155239 0.00108286 0.000922186 0.000775327 0.000629599 0.000931488 0.00184042 0.00147859 0.00049427 0.000262143 0.000321853 0.000390782 0.000414711 0.00042648 0.000493614 0.000852736 0.00177533 0.00615469
0.00239545 4.49875e-05 9.1578e-05 0.000275916 0.000218108 0.000143203 0.000315682 0.000935094 0.00161185 0.000680914 0.000270186 0.000169943 0.000114276 7.04635e-05 6.22465e-05 9.08807e-05 0.000166361 0.000113283 4.00527e-05 2.98239e-05 3.45205e-05 4.05489e-05 4.50032e-05 4.98266e-05 5.60135e-05 9.51573e-05 0.000252796 0.000682667
0.00352627 0.000124651 0.000179421 0.000396324 0.000364389 0.000292172 0.000924205 0.00367959 0.00457234 0.00169029 0.000814161 0.000453252 0.000209765 8.68104e-05 9.00011e-05 0.000142115 0.000172645 0.000145842 9.73754e-05 0.000102027 8.97379e-05 9.38566e-05 0.000115411 0.000156575 0.000160366 0.000167301 0.000413372 0.000557676
0.00314481 8.48392e-05 5.08538e-05 8.54884e-05 0.000134684 0.00020292 0.000960646 0.00600078 0.010437 0.00749744 0.00579806 0.00248669 0.000592855 0.000125709 9.38464e-05 0.000102911 7.55898e-05 7.6877e-05 9.35782e-05 8.53679e-05 5.81804e-05 6.61664e-05 9.84457e-05 0.000152512 0.000107264 5.67041e-05 9.47255e-05 0.000153841
0.00296586 4.17953e-05 2.10725e-05 5.29534e-05 0.000182856 0.000563434 0.00262375 0.0158132 0.0338294 0.0409113 0.0484282 0.021233 0.00399952 0.000593771 0.000368033 0.000351935 0.000267893 0.000292145 0.000254988 0.000113636 6.58537e-05 0.000101738 0.000217655 0.000382414 0.000151756 4.39659e-05 4.4699e-05 6.08289e-05
0.00209155 1.90486e-05 8.02806e-06 3.26493e-05 0.00025434 0.000994401 0.00260114 0.00786108 0.0117976 0.0134093 0.0154892 0.00982935 0.00343851 0.00125677 0.0015203 0.00203602 0.00242856 0.00285704 0.00133482 0.00021118 0.000110188 0.000295447 0.000812674 0.00146216 0.000704345 0.000152757 6.06554e-05 4.34041e-05
0.00173855 1.50205e-05 8.43919e-06 6.4941e-05 0.000580569 0.00115976 0.00149994 0.00214621 0.00236654 0.0023378 0.00315109 0.00525281 0.00643911 0.00777068 0.01477 0.0281471 0.0474785 0.0491261 0.0122833 0.000771884 0.000410908 0.0017012 0.00290049 0.0046168 0.00292615 0.000385892 8.55757e-05 4.01669e-05
0.0019102 2.18929e-05 1.7039e-05 0.000146762 0.000847575 0.000802653 0.000832217 0.00126784 0.00121339 0.00120342 0.00269712 0.0162073 0.0707086 0.11825 0.123157 0.187024 0.401296 0.359772 0.03505 0.00121135 0.00151672 0.00885055 0.00635364 0.00507957 0.00238364 0.000241184 5.23122e-05 3.62222e-05
0.00221258 3.46327e-05 3.11764e-05 0.000194933 0.000602151 0.000556964 0.000938407 0.00186037 0.00209211 0.0026301 0.00846197 0.0932049 0.366518 0.251076 0.107496 0.208714 0.715387 0.674009 0.0492443 0.00210032 0.00458556 0.0224868 0.0094814 0.00314893 0.000651629 8.70323e-05 2.26773e-05 3.28736e-05
0.00303738 6.53855e-05 7.52911e-05 0.000325711 0.000471398 0.000371014 0.000890479 0.00196864 0.00266223 0.0046754 0.0232585 0.29886 0.524995 0.134453 0.0287096 0.109481 0.822485 0.85858 0.119369 0.00607149 0.00781139 0.0143772 0.00512409 0.00154519 0.000238284 5.04224e-05 1.1225e-05 2.32554e-05
0.00372266 0.000107465 0.000133352 0.000384359 0.000510212 0.00046446 0.00112561 0.00246839 0.0036563 0.00685183 0.0478975 0.510161 0.451643 0.0387931 0.0102684 0.0778319 0.758954 0.883432 0.293395 0.0113287 0.00510325 0.00446959 0.0019499 0.000993995 0.000180514 4.73411e-05 8.43199e-06 1.84302e-05
0.0047836 0.000161384 0.000167742 0.000462481 0.00117546 0.00271642 0.00998228 0.0163439 0.0120777 0.0174299 0.138339 0.71115 0.48993 0.0374218 0.0101086 0.0764031 0.750132 0.881739 0.354483 0.0111218 0.00373522 0.00421303 0.00228182 0.00137592 0.000253182 5.07345e-05 1.06515e-05 2.18876e-05
0.00656548 0.000225024 0.000212708 0.00098727 0.00516589 0.0249281 0.0901434 0.0707892 0.0280837 0.0329345 0.233857 0.746131 0.568861 0.14637 0.0768806 0.31093 0.890004 0.877676 0.171164 0.00495127 0.00306999 0.00610401 0.00474992 0.00273281 0.00037607 5.20827e-05 1.31302e-05 2.55155e-05
0.00456558 0.000121315 0.000130394 0.00125453 0.0127164 0.0503472 0.0679841 0.0280286 0.0130432 0.034696 0.309819 0.755354 0.759825 0.689042 0.753983 0.901012 0.955221 0.731647 0.0298586 0.000906955 0.000678641 0.00197185 0.00335322 0.00297677 0.000484103 6.30049e-05 1.62683e-05 2.48412e-05
0.00259625 6.01274e-05 7.68458e-05 0.0010794 0.00845492 0.00956349 0.00558492 0.00268259 0.00481133 0.0677425 0.61007 0.886311 0.905172 0.93355 0.939835 0.95403 0.928653 0.313166 0.00551771 0.000251687 0.000200025 0.000805835 0.00168169 0.00178113 0.000386195 5.49851e-05 1.84e-05 2.39116e-05
0.00339533 9.44423e-05 0.00010929 0.000925891 0.00268869 0.00090308 0.000459669 0.00052984 0.00503777 0.176074 0.839417 0.940955 0.87421 0.815262 0.733686 0.799021 0.721851 0.104286 0.00279859 0.000332762 0.000546156 0.00213657 0.00338962 0.00302478 0.000497252 5.91107e-05 2.2872e-05 2.68016e-05
0.00519699 0.000176818 0.000181681 0.000747344 0.00089175 0.000198197 0.000157992 0.000434064 0.0059834 0.166219 0.638863 0.686522 0.376651 0.186923 0.173033 0.406628 0.594285 0.189448 0.0120801 0.0031802 0.00555411 0.00892203 0.00652532 0.00347604 0.000492349 5.91108e-05 2.23203e-05 3.05774e-05
0.00352394 9.42944e-05 0.000151298 0.000698159 0.000620715 0.000141958 0.000130595 0.000307008 0.00247572 0.0292661 0.0623484 0.0500866 0.0235005 0.0146192 0.0275148 0.206435 0.745589 0.648538 0.147059 0.0256836 0.0104833 0.00401662 0.00137032 0.00074165 0.000131164 3.06502e-05 1.78042e-05 3.74971e-05
0.00193138 5.24565e-05 0.000138676 0.000991374 0.00095748 0.00023923 0.000182759 0.000272247 0.000943996 0.00424665 0.00461032 0.00431229 0.00502079 0.00525507 0.0132706 0.192357 0.828161 0.811794 0.252679 0.0147971 0.00201617 0.000411792 0.000164453 0.000175646 5.22424e-05 2.84111e-05 2.21144e-05 4.90099e-05
0.00234016 8.57169e-05 0.000262077 0.00143303 0.00105781 0.00028469 0.000250329 0.000324226 0.000715691 0.00172439 0.00131129 0.00117432 0.00171151 0.00250758 0.0154355 0.35284 0.829894 0.636429 0.0863973 0.00242841 0.000250103 7.58073e-05 4.98526e-05 7.27712e-05 2.96709e-05 2.23868e-05 1.43357e-05 3.76843e-05
0.00352034 0.000154411 0.000315037 0.00101047 0.000745121 0.000332026 0.000386384 0.000509451 0.000905686 0.0016033 0.00143448 0.00119978 0.00119616 0.00284331 0.0346659 0.487207 0.753204 0.363601 0.025059 0.000637228 8.92483e-05 4.64262e-05 4.32146e-05 6.64788e-05 2.25455e-05 1.30839e-05 5.6532e-06 1.74538e-05
0.00378692 0.000155761 0.000217571 0.000796235 0.00121446 0.000957954 0.000852029 0.00068093 0.00111622 0.0022902 0.00352158 0.00401369 0.00391891 0.00862797 0.0590781 0.368762 0.56303 0.218725 0.0100732 0.000281297 6.59652e-05 4.9371e-05 6.44249e-05 0.00012504 3.76062e-05 1.72181e-05 4.7586e-06 1.29143e-05
0.00377097 0.000148547 0.000166543 0.000981729 0.00321462 0.00301446 0.00211987 0.00113121 0.00152178 0.00404174 0.00764327 0.0109695 0.0125141 0.0131857 0.0279792 0.127058 0.361996 0.153802 0.00571052 0.00021662 7.7282e-05 8.5349e-05 0.000124024 0.000242644 7.11781e-05 2.67638e-05 5.97414e-06 1.61336e-05
0.00473231 0.000230215 0.000212666 0.00136607 0.00620088 0.00594635 0.00458044 0.00340397 0.00670277 0.0198532 0.0205661 0.0147119 0.0121354 0.00717967 0.0067035 0.0312622 0.223839 0.17799 0.0119606 0.000752293 0.000258562 0.000208076 0.00023077 0.00026251 6.03986e-05 2.17393e-05 5.49955e-06 1.85418e-05
0.00632248 0.000219216 0.00020342 0.00151107 0.00679068 0.00610151 0.00542549 0.00738632 0.023153 0.0408408 0.0152968 0.0041944 0.00169029 0.000800628 0.00105097 0.00936701 0.115203 0.186546 0.030055 0.00222796 0.000518406 0.000215447 0.000140065 9.48057e-05 1.60539e-05 8.07296e-06 3.38077e-06 1.71756e-05
0.00465598 0.000121253 0.000175452 0.00232286 0.0101317 0.00637346 0.00306713 0.00322023 0.00923048 0.00944004 0.00216618 0.000508429 0.000161633 0.000106414 0.000261752 0.00292435 0.0359388 0.0690563 0.0155188 0.00138394 0.000374621 0.000170619 8.28767e-05 4.35721e-05 7.0134e-06 3.42135e-06 2.09654e-06 1.27779e-05
0.00468528 0.000196011 0.000622155 0.00667723 0.0167739 0.00673986 0.00167477 0.00111309 0.00238388 0.0024236 0.00104255 0.000454095 0.000186236 0.000180179 0.000488349 0.00271538 0.0135857 0.0155321 0.00437958 0.000896741 0.000592441 0.000460744 0.000286029 0.0001649 3.29589e-05 1.53606e-05 7.50304e-06 4.22991e-05
0.0200591 0.00357359 0.00586058 0.0123682 0.0169072 0.0093135 0.00391222 0.00289908 0.00382282 0.00395099 0.00324274 0.00272214 0.00222149 0.00234534 0.00398805 0.00848751 0.0120184 0.0100216 0.00558938 0.00322617 0.00361967 0.0040073 0.00344839 0.00272593 0.0015737 0.00102442 0.000755597 0.00287254
