0.0116184 0.00039796 0.000196124 0.000232159 0.000355335 0.000345896 0.000483097 0.000760896 0.00128058 0.00326325 0.0054189 0.00356809 0.00125239 0.000579744 0.000774682 0.001245 0.00112453 0.000662995 0.000567244 0.000792701 0.00155075 0.00287911 0.00268695 0.00300623 0.00456776 0.00420232 0.0019655 0.00222633
0.0027658 1.73504e-05 9.43303e-06 1.53515e-05 2.97174e-05 3.99655e-05 6.56022e-05 0.000122506 0.000261471 0.000647827 0.00090632 0.000424847 0.000117462 8.23698e-05 0.000216053 0.000468284 0.000301324 0.000105952 7.7072e-05 0.000107587 0.000251774 0.000496123 0.000397386 0.000501826 0.000672025 0.000453356 8.06417e-05 9.58601e-05
0.00226147 1.71467e-05 7.88628e-06 1.79e-05 5.8049e-05 0.000121693 0.000243804 0.000445498 0.000895762 0.00122007 0.000992321 0.00046095 0.000256244 0.000423769 0.00127656 0.00205634 0.00102505 0.000336573 0.000261792 0.000313999 0.000480279 0.000738934 0.000580616 0.000666546 0.000337248 0.000116429 2.03957e-05 4.47191e-05
0.00162265 1.14308e-05 3.5002e-06 1.04883e-05 6.22258e-05 0.000221959 0.00062536 0.000999976 0.00124738 0.000749505 0.000304098 0.000172374 0.000187196 0.000362711 0.000867474 0.00112825 0.000653208 0.000324403 0.000240098 0.000142139 0.000127819 0.000174496 0.000156079 0.000174298 5.01569e-05 1.83828e-05 4.5226e-06 2.0319e-05
0.00145466 7.76926e-06 3.40444e-06 1.88418e-05 0.000214789 0.00157524 0.00435206 0.00467204 0.00385361 0.00147789 0.000711293 0.000639771 0.000644926 0.000802711 0.00146492 0.0020639 0.00179457 0.0011506 0.00059831 0.000183539 0.000131187 0.000181064 0.000154768 0.000149734 3.48388e-05 1.38131e-05 4.04676e-06 1.8754e-05
0.00125656 6.8607e-06 4.94541e-06 6.43481e-05 0.00160764 0.0177199 0.0312177 0.0145769 0.0081838 0.00443906 0.00424819 0.00500177 0.00303763 0.00168038 0.00175607 0.0025896 0.00379236 0.00232941 0.000644447 0.000152821 0.000164855 0.000188776 0.00012048 9.94858e-05 2.03056e-05 1.05486e-05 6.71719e-06 3.1128e-05
0.00119526 1.11963e-05 1.69862e-05 0.000527026 0.0189813 0.152392 0.172414 0.0466444 0.0343085 0.0411554 0.0478798 0.042838 0.019017 0.00702525 0.0066124 0.0136866 0.0262771 0.0170058 0.00399319 0.000919776 0.000653685 0.000282528 0.000107007 0.000101888 2.53737e-05 1.57666e-05 1.45735e-05 4.28818e-05
0.00147136 2.06105e-05 4.49773e-05 0.0021421 0.0930647 0.508866 0.504043 0.24016 0.330861 0.58239 0.631321 0.526024 0.314451 0.214496 0.241375 0.423565 0.638 0.58852 0.351782 0.0720904 0.00719699 0.000349397 0.000106014 0.000186684 6.03523e-05 2.95748e-05 2.61948e-05 4.155e-05
0.00195628 3.06519e-05 7.49733e-05 0.00494426 0.175545 0.634077 0.692643 0.554994 0.748539 0.913868 0.937668 0.938116 0.923572 0.928687 0.941924 0.959885 0.967769 0.963648 0.932533 0.489297 0.0180184 0.000308986 0.000146367 0.00048943 0.000183515 5.52171e-05 3.37477e-05 3.5694e-05
0.0022308 3.94098e-05 0.000147089 0.00983259 0.242282 0.525598 0.423057 0.30366 0.56624 0.833709 0.92358 0.962045 0.968443 0.975906 0.976408 0.982233 0.977099 0.973391 0.960834 0.594461 0.0195063 0.000571957 0.00053873 0.00182512 0.000913606 0.00025919 0.000115287 6.82732e-05
0.00249292 7.46057e-05 0.000315478 0.0105619 0.124318 0.136695 0.0500358 0.0325641 0.118964 0.430415 0.683135 0.749662 0.686343 0.74936 0.890279 0.958938 0.964384 0.968771 0.943105 0.507048 0.0257084 0.0020866 0.00258241 0.00683689 0.0031685 0.00107904 0.000414338 0.000170106
0.00696384 0.000412237 0.00102695 0.00720512 0.0188441 0.00867937 0.00382788 0.0040524 0.0196512 0.0825941 0.116658 0.0582914 0.0254639 0.0545566 0.482271 0.905095 0.953581 0.972583 0.946219 0.585564 0.0399474 0.00373174 0.0038211 0.00651483 0.00170668 0.000378202 9.88139e-05 7.73534e-05
0.0182643 0.00172693 0.002 0.00319891 0.00378846 0.00163412 0.00128584 0.00268213 0.00939305 0.0197204 0.0105744 0.00175652 0.00107829 0.00626614 0.145261 0.732379 0.922348 0.97128 0.934192 0.398963 0.0183603 0.0019297 0.00235038 0.00312093 0.000494824 6.71036e-05 1.2511e-05 1.9604e-05
0.0101814 0.000616789 0.000527814 0.000876908 0.00113069 0.000885709 0.00196957 0.00663962 0.0151045 0.0138983 0.00237803 0.000310553 0.00055412 0.00782144 0.135926 0.579808 0.88998 0.958856 0.810338 0.0989755 0.00535862 0.00179971 0.00347839 0.00457997 0.000724904 7.79108e-05 2.04679e-05 2.44007e-05
0.0028298 7.12995e-05 6.81064e-05 0.000296541 0.000991698 0.00254485 0.00975626 0.0271646 0.0371349 0.0172998 0.00232035 0.000489181 0.00224436 0.0407625 0.32671 0.765355 0.929364 0.927812 0.448243 0.0251361 0.004756 0.00469533 0.00894867 0.0107237 0.00203511 0.000236493 0.000104008 7.68553e-05
0.00168597 2.54818e-05 2.95604e-05 0.000278111 0.00171194 0.00491379 0.0120419 0.0260155 0.0464871 0.0353911 0.007985 0.00387633 0.0296965 0.283522 0.702826 0.914322 0.956348 0.857339 0.160459 0.0113306 0.00644407 0.00845875 0.0119992 0.0150798 0.00363122 0.000444959 0.000189065 0.000100013
0.00183832 3.23427e-05 3.53305e-05 0.000343821 0.00148917 0.00207391 0.00251785 0.00563609 0.0266854 0.0430087 0.0234 0.0360153 0.233361 0.723924 0.91394 0.966363 0.953814 0.597785 0.0486309 0.00826558 0.00746862 0.00917406 0.0110264 0.0139314 0.00493022 0.000679053 0.000185318 7.05448e-05
0.00181893 4.30668e-05 7.69548e-05 0.000807372 0.00185948 0.00129613 0.000906688 0.00241538 0.0240348 0.0488597 0.027394 0.0643163 0.430925 0.864413 0.946927 0.956469 0.838378 0.174476 0.0185533 0.00897008 0.00859991 0.00762606 0.011046 0.0200207 0.00767494 0.000756048 0.000133418 5.03203e-05
0.00215259 6.5916e-05 0.000159671 0.00143687 0.00191696 0.000662946 0.000639928 0.00328883 0.037495 0.0566335 0.0267055 0.0770253 0.470792 0.900857 0.950305 0.874997 0.417143 0.0462309 0.0165969 0.0128808 0.00840541 0.00628469 0.0117436 0.0302056 0.00673868 0.000401303 4.93773e-05 3.34e-05
0.00193026 4.33602e-05 7.91291e-05 0.000444733 0.000502196 0.00020151 0.000304833 0.00316798 0.0491975 0.0895532 0.0412547 0.119281 0.676409 0.94951 0.960147 0.760092 0.154498 0.0248418 0.0230696 0.0144943 0.00368943 0.00405067 0.0200987 0.0508562 0.00326914 0.000104319 1.15739e-05 1.95846e-05
0.0015886 1.99167e-05 2.1317e-05 9.90386e-05 0.000140053 8.69886e-05 0.000170526 0.00233694 0.0354993 0.0665002 0.0493318 0.231807 0.87677 0.979657 0.942965 0.34048 0.028687 0.00790966 0.00855357 0.00470653 0.00102378 0.00276959 0.0363615 0.0481832 0.001062 3.30006e-05 5.02383e-06 1.71507e-05
0.00279574 4.1224e-05 2.52678e-05 6.7231e-05 9.11407e-05 6.5178e-05 0.000223495 0.00248711 0.0134515 0.0264711 0.0771534 0.545996 0.955685 0.978777 0.762845 0.0364269 0.00214822 0.000698509 0.000617314 0.000560839 0.000414786 0.00236282 0.0203251 0.0100579 0.000273811 2.24353e-05 4.81867e-06 1.74801e-05
0.00518216 0.00012306 6.74462e-05 9.94132e-05 0.000134793 0.000136341 0.000754137 0.00329497 0.00707951 0.0405222 0.268875 0.849673 0.969516 0.940795 0.277923 0.00251341 0.000206075 8.70533e-05 6.89747e-05 0.000126166 0.00034863 0.00192345 0.00471597 0.00154435 0.000122961 2.75954e-05 5.45496e-06 1.63771e-05
0.00978573 0.000400182 0.000181474 0.000213613 0.000449273 0.000580464 0.00316376 0.00783493 0.0159346 0.161495 0.630047 0.917715 0.951908 0.813744 0.0596914 0.000461455 7.23926e-05 4.30679e-05 3.11415e-05 7.29295e-05 0.000427607 0.0020374 0.00173114 0.000554521 9.48213e-05 3.0621e-05 6.1242e-06 1.66724e-05
0.0135106 0.000457436 0.000201023 0.000333011 0.00119715 0.00155441 0.00337376 0.00661513 0.0247318 0.189616 0.437667 0.784896 0.924773 0.702435 0.0264027 0.000263138 4.05547e-05 2.94019e-05 2.65151e-05 7.98505e-05 0.000422534 0.00117084 0.00070802 0.000219589 3.75324e-05 1.3977e-05 4.33735e-06 1.46553e-05
0.00765497 0.000154944 0.000126373 0.00037955 0.000952977 0.00074524 0.000803925 0.00127352 0.00361336 0.0118937 0.0359348 0.230461 0.716723 0.4663 0.0147238 0.000263531 4.18305e-05 3.1978e-05 2.32258e-05 5.42639e-05 0.000231834 0.00041609 0.000207513 7.21259e-05 1.49355e-05 6.36711e-06 3.68179e-06 1.46736e-05
0.00589937 0.000167131 0.000321638 0.000851686 0.000825234 0.000458824 0.000375798 0.000515647 0.000766181 0.00146874 0.00557905 0.0525589 0.224524 0.0971593 0.00946119 0.000767246 0.000200895 0.000142122 8.13228e-05 0.000125151 0.000353096 0.000485899 0.000329953 0.000170826 5.45792e-05 2.9793e-05 1.90518e-05 7.48272e-05
0.0186189 0.00225463 0.00365537 0.00415992 0.00311464 0.00226158 0.00228608 0.00240128 0.00292274 0.00416149 0.00773901 0.0308976 0.0486414 0.0253174 0.0113081 0.00426444 0.00294348 0.00281117 0.00177312 0.00199993 0.00291563 0.00321579 0.0030542 0.00249323 0.00179774 0.00130776 0.00123119 0.00431897
