0.00735997 0.000250616 0.000276277 0.00214443 0.0195474 0.068193 0.0392089 0.0067052 0.00167066 0.00087511 0.00122071 0.00277398 0.00404311 0.00207756 0.000692032 0.000277051 0.000326833 0.00090039 0.00291202 0.00560353 0.00311478 0.00147951 0.00151391 0.00136992 0.00100409 0.000596025 0.000430441 0.00140179
0.0025348 2.1233e-05 2.34028e-05 0.000271829 0.00621223 0.0268854 0.0109927 0.00171266 0.000412074 0.000245147 0.000447613 0.00149889 0.00316923 0.00119372 0.000161003 4.02271e-05 4.25696e-05 0.000125078 0.000514323 0.000852888 0.000292974 0.000111787 0.000137641 0.000161309 0.000143614 9.3917e-05 4.15973e-05 9.81002e-05
0.00436651 6.38538e-05 4.46295e-05 0.000371603 0.00607972 0.0161015 0.00927937 0.00345624 0.00202431 0.00256917 0.00581282 0.0222008 0.0316141 0.00497369 0.000437106 0.000118785 0.00013611 0.000328905 0.000775817 0.000725366 0.000252187 0.000125322 0.000172499 0.000386397 0.000376138 0.000182914 0.000102743 0.000154196
0.00441786 9.8038e-05 5.47921e-05 0.000288104 0.00123255 0.00122198 0.00116178 0.00110265 0.00148366 0.00327366 0.00663554 0.0144969 0.0066996 0.000513086 0.000130481 0.00014203 0.000190515 0.000314719 0.000570647 0.000495367 0.000233382 0.000164102 0.000254813 0.000657119 0.000463152 0.000133534 9.91576e-05 0.000144072
0.00526981 0.00016705 0.000130084 0.000455838 0.000831496 0.000568055 0.000788424 0.00124896 0.00230561 0.00506308 0.0118327 0.0145587 0.00229088 0.000186916 0.000182969 0.000784195 0.001165 0.00114232 0.00193794 0.00203008 0.00116417 0.000776757 0.00118681 0.00231882 0.000839141 0.000171697 0.000111442 0.000113566
0.00382999 9.48139e-05 9.08611e-05 0.000269882 0.000322677 0.000201961 0.00029421 0.000478378 0.00104802 0.00418229 0.0255384 0.0395017 0.00276786 0.000196278 0.000407978 0.00279072 0.00382916 0.00311437 0.00425056 0.00293005 0.00119141 0.000770667 0.00160884 0.00519067 0.00261097 0.000712902 0.000356993 0.000169386
0.00333375 6.83878e-05 5.95292e-05 0.000176111 0.000238698 0.000117666 0.000149291 0.000234262 0.000568052 0.00828376 0.12206 0.166554 0.0146754 0.00109973 0.00236137 0.0166579 0.0170564 0.0115759 0.0116868 0.00393814 0.00112144 0.00109023 0.00255637 0.011224 0.0090353 0.0022216 0.000662876 0.000188981
0.00427972 9.47511e-05 7.83192e-05 0.000207005 0.000318687 0.000137265 0.000150146 0.000329496 0.00126866 0.0381043 0.472032 0.426517 0.059046 0.00918541 0.0264338 0.189543 0.171283 0.0755689 0.0357544 0.00479321 0.00136778 0.00188948 0.00295229 0.00689004 0.00405629 0.000883121 0.000270912 0.000119734
0.00547682 0.000136425 9.56304e-05 0.000210102 0.000294228 0.000151968 0.00027981 0.00127011 0.00972554 0.205164 0.665542 0.370771 0.0676224 0.0296284 0.0978965 0.511846 0.55149 0.246308 0.0534139 0.00411694 0.00141378 0.00164865 0.00142411 0.00156415 0.000664334 0.000200917 0.000105723 9.68837e-05
0.00728304 0.000234619 0.000141559 0.000240845 0.000276784 0.000152728 0.000348463 0.0028011 0.0495706 0.452858 0.588647 0.11868 0.0168834 0.0143115 0.0595994 0.480918 0.711157 0.405399 0.0520184 0.00258252 0.000831842 0.00070213 0.000477955 0.000502432 0.000252352 0.000161398 0.000224146 0.00022258
0.00864196 0.000328894 0.000189132 0.000208462 0.000175937 0.00010339 0.000312471 0.00610249 0.250121 0.735979 0.433813 0.0170617 0.00174069 0.00303447 0.0230072 0.388786 0.813144 0.558884 0.0547282 0.00176549 0.000305212 0.000230452 0.000251627 0.000460042 0.000319318 0.000416443 0.00111387 0.000695367
0.00515378 0.000114784 5.59255e-05 6.76417e-05 7.34495e-05 7.72607e-05 0.000335708 0.0139527 0.675112 0.887521 0.226189 0.0023034 0.000318118 0.0012689 0.0137387 0.317374 0.857528 0.623063 0.0401636 0.00101 0.000149424 0.000101846 0.000125099 0.000280019 0.000250621 0.00033517 0.000695039 0.000488304
0.0024529 2.23551e-05 8.54388e-06 1.67033e-05 3.74603e-05 6.80047e-05 0.00035291 0.0330976 0.834766 0.85701 0.0695612 0.000532935 0.000162523 0.0010145 0.0121778 0.272114 0.811025 0.54995 0.0286355 0.000912732 0.000199104 0.000103855 0.000104756 0.000212776 0.000175205 0.000132673 0.00012837 0.000102048
0.00144305 7.53621e-06 4.20479e-06 1.62455e-05 5.43403e-05 0.00017255 0.00245644 0.27388 0.942932 0.816952 0.0351435 0.000555982 0.000457382 0.00375536 0.0272692 0.270572 0.720634 0.523735 0.0475377 0.00294032 0.000860818 0.000261473 0.000290521 0.000608555 0.000332927 0.000138256 4.10273e-05 3.04734e-05
0.00112384 7.23959e-06 6.45188e-06 3.82348e-05 0.000160176 0.00105525 0.0357221 0.76438 0.960996 0.65864 0.0406274 0.00318344 0.00493154 0.0427375 0.178282 0.536918 0.742837 0.641736 0.177511 0.0219939 0.00567989 0.000946388 0.000804256 0.00151119 0.000449148 0.000111459 1.95475e-05 2.17379e-05
0.00131659 1.13341e-05 9.1719e-06 4.98809e-05 0.00026865 0.0023843 0.0757826 0.698125 0.857324 0.41582 0.0711758 0.0281729 0.0909283 0.453471 0.672126 0.852346 0.904726 0.914023 0.790406 0.307762 0.0361922 0.00226921 0.00110259 0.00111751 0.000165096 3.73196e-05 7.52054e-06 1.83e-05
0.0016505 1.39929e-05 8.05434e-06 4.47407e-05 0.000331414 0.0022888 0.0250031 0.150576 0.251667 0.112474 0.0627359 0.0939666 0.271086 0.631727 0.709793 0.775734 0.852085 0.914406 0.886414 0.460638 0.0354766 0.00154689 0.00061241 0.000390062 3.63266e-05 1.19385e-05 3.99441e-06 1.82078e-05
0.0014873 1.2294e-05 7.74368e-06 6.69331e-05 0.000669856 0.00261957 0.00673542 0.0113585 0.0194118 0.015751 0.0131197 0.0173672 0.0365871 0.101485 0.12208 0.17036 0.342459 0.53106 0.471322 0.0917389 0.00577431 0.000568544 0.000251877 0.000158722 2.27222e-05 1.15912e-05 5.9618e-06 2.23432e-05
0.00134328 1.32392e-05 1.38659e-05 0.000194952 0.00158402 0.00292858 0.00367956 0.00391513 0.00587145 0.00529696 0.00206562 0.00091461 0.00101968 0.00187783 0.00352536 0.0149418 0.130042 0.40547 0.27437 0.0293023 0.00215395 0.000380064 0.000159207 0.000112197 3.9359e-05 2.49013e-05 1.35075e-05 3.1538e-05
0.00145881 1.73816e-05 2.53246e-05 0.000346609 0.00218269 0.00258439 0.00266507 0.00313847 0.00378465 0.00224006 0.00065326 0.00019124 0.000114874 0.000159128 0.000573025 0.00603462 0.132252 0.562916 0.265377 0.014946 0.00131265 0.000243078 8.82938e-05 8.78262e-05 6.13643e-05 4.38912e-05 3.10954e-05 4.98403e-05
0.00186754 3.29732e-05 6.64398e-05 0.000753334 0.00347724 0.00356328 0.00310554 0.00290668 0.00227537 0.00105169 0.000390101 0.000129561 7.45163e-05 0.000124955 0.00057306 0.00851029 0.22473 0.732606 0.377401 0.0145653 0.000990919 0.000143184 6.7036e-05 0.000109962 0.000124007 0.000115383 8.29366e-05 7.93783e-05
0.00489705 0.000146417 0.00027066 0.00167558 0.00643397 0.00543256 0.00385458 0.00265166 0.00134697 0.000603605 0.00031829 0.000156284 0.000128697 0.00022026 0.000591818 0.00611559 0.165703 0.787074 0.620726 0.0441338 0.0029744 0.000400899 0.000219551 0.000382323 0.000470307 0.000421469 0.000260579 0.000137868
0.0147578 0.000675479 0.000890085 0.0026929 0.00757295 0.00539265 0.00312894 0.00158442 0.000840405 0.000464584 0.000287045 0.00023704 0.000267432 0.000303603 0.00064553 0.00492523 0.0774001 0.709451 0.690996 0.0849108 0.00882209 0.00150196 0.00103122 0.00156609 0.00142828 0.0012176 0.000597114 0.00019896
0.0251008 0.00190813 0.00262103 0.00444441 0.0069368 0.00361061 0.00193482 0.00101283 0.000680008 0.000411031 0.000202621 0.000176937 0.000227894 0.000189061 0.000437669 0.00438718 0.0879014 0.807368 0.83582 0.203872 0.026412 0.00493552 0.00299323 0.00476568 0.00519646 0.00396309 0.00110764 0.000226067
0.0211825 0.00139508 0.00210489 0.00204127 0.00221596 0.00098324 0.000487897 0.000347391 0.000301878 0.000148028 6.1101e-05 4.72807e-05 4.9404e-05 4.10768e-05 0.000136619 0.00283789 0.108444 0.836587 0.866815 0.273724 0.0430381 0.00774034 0.00271687 0.00618989 0.010787 0.00616988 0.00109603 0.00016975
0.0193078 0.000707113 0.000496908 0.000304194 0.000357344 0.000278144 0.000176254 0.000126041 7.21637e-05 2.776e-05 2.18728e-05 3.11273e-05 2.83825e-05 2.67605e-05 0.000116215 0.0021733 0.0664295 0.500291 0.413703 0.0523261 0.00942804 0.0030847 0.00151328 0.00373584 0.00497644 0.00133723 0.00019907 5.84972e-05
0.0253828 0.00113587 0.000389489 0.0002196 0.00037749 0.000506668 0.000466422 0.000262024 9.49745e-05 4.92503e-05 9.83182e-05 0.000210993 0.000145472 0.00014097 0.000354653 0.00231201 0.0235156 0.0861162 0.0344593 0.00567245 0.0026256 0.00187748 0.00206554 0.00343512 0.00203884 0.000386897 6.86425e-05 7.67023e-05
0.0413552 0.00642257 0.00254656 0.00166624 0.00259206 0.00334487 0.00388449 0.00297251 0.00144542 0.00119406 0.00237043 0.00360443 0.0026445 0.00216992 0.00338159 0.00735467 0.0148061 0.0202455 0.0108469 0.00520925 0.00519418 0.00489615 0.00562693 0.00684639 0.00476435 0.00206594 0.00123501 0.00299851
