0.00986338 0.000253474 9.91945e-05 0.000151563 0.000346115 0.000552946 0.000818202 0.00119944 0.00108291 0.000640669 0.000404468 0.000453147 0.000667924 0.000868164 0.00104334 0.00176851 0.00281645 0.0030716 0.00253446 0.00156207 0.000935393 0.0010037 0.00180097 0.00323208 0.00445043 0.00281245 0.00109449 0.00177911
0.00237502 1.08338e-05 3.68128e-06 7.5637e-06 2.57547e-05 6.38039e-05 0.000124737 0.000153632 9.25358e-05 4.26612e-05 4.8278e-05 0.000105759 0.000278443 0.000505088 0.000852706 0.00175717 0.00252086 0.00208217 0.0015409 0.000693997 0.00020224 0.0001618 0.000225415 0.000289095 0.000437413 0.000269453 5.87724e-05 0.000105426
0.00191227 9.32383e-06 3.11436e-06 8.16607e-06 3.25944e-05 9.87671e-05 0.000190577 0.000151306 0.00010006 0.00010356 0.000351629 0.00163738 0.00522392 0.0112808 0.0197025 0.0284428 0.0247261 0.015406 0.0100122 0.00279203 0.00060531 0.000356373 0.000337505 0.000342976 0.000278979 0.000159362 4.19775e-05 9.20113e-05
0.00152431 8.60591e-06 2.89989e-06 1.12964e-05 7.07211e-05 0.000214887 0.000248085 0.000184613 0.000260177 0.000622944 0.00286352 0.010464 0.0284913 0.0355067 0.030578 0.0224743 0.00929996 0.00405466 0.00162254 0.000411948 0.000269224 0.000354438 0.00027183 0.00020885 0.000116118 5.4199e-05 2.09655e-05 5.88578e-05
0.00193529 1.64817e-05 8.1433e-06 5.96649e-05 0.000650275 0.00162339 0.0013092 0.00139639 0.00472104 0.0186795 0.0555608 0.117134 0.164171 0.0630899 0.0144129 0.0056221 0.00176504 0.000556359 0.00016113 0.000100454 0.000395022 0.00153848 0.00161439 0.0011923 0.000369472 6.82092e-05 1.86014e-05 3.40065e-05
0.00264328 3.61955e-05 2.43536e-05 0.000177912 0.00125336 0.00208215 0.0022389 0.00468065 0.0187839 0.0853029 0.304534 0.397456 0.179272 0.0149424 0.00228 0.000945953 0.00029274 9.08763e-05 2.60681e-05 3.78839e-05 0.000405848 0.00327856 0.0105394 0.016524 0.00310673 0.000171571 3.70952e-05 3.50657e-05
0.0035372 7.35307e-05 6.50803e-05 0.000320159 0.00123535 0.00184628 0.00336988 0.00970127 0.0224674 0.128712 0.670061 0.740259 0.18743 0.00583736 0.000879756 0.000400143 0.000133249 4.92829e-05 2.32605e-05 5.61572e-05 0.000525897 0.00652486 0.0821223 0.257132 0.0505466 0.00110467 0.000127536 6.07801e-05
0.00307558 6.85477e-05 7.64545e-05 0.000463452 0.00184964 0.00354506 0.00855745 0.0178892 0.0136451 0.0888939 0.854228 0.930647 0.353185 0.00935566 0.0011131 0.000317472 0.000132353 9.33265e-05 0.00010668 0.000363504 0.00105489 0.0124113 0.416572 0.8211 0.377337 0.00979683 0.000881622 0.000188991
0.00260892 7.73932e-05 9.39404e-05 0.00091655 0.00484704 0.0113316 0.0207279 0.0118299 0.0039522 0.0382215 0.860358 0.964157 0.480976 0.0113155 0.00153509 0.000492701 0.000235717 0.000314067 0.000719843 0.00143899 0.00169018 0.0186894 0.544254 0.917181 0.658177 0.0376017 0.00453368 0.000566929
0.00298696 0.000119075 0.000191497 0.00248378 0.0109612 0.0145455 0.0117242 0.00332317 0.00170792 0.0387079 0.888516 0.964602 0.453772 0.0119202 0.00218113 0.00109052 0.000490528 0.000485762 0.00118277 0.00256852 0.00455456 0.0862422 0.797175 0.934232 0.535775 0.0132616 0.0015175 0.000351603
0.00373519 0.000197012 0.000357757 0.00370037 0.00988507 0.00529925 0.00276354 0.00132618 0.00259133 0.148342 0.929224 0.921489 0.250685 0.00985833 0.0035292 0.00202946 0.000753448 0.000430659 0.000794141 0.00362932 0.0230281 0.512361 0.947074 0.901756 0.132589 0.00089157 9.02213e-05 6.97448e-05
0.00352764 0.000167132 0.000364196 0.0040174 0.0108297 0.00534553 0.00230862 0.00318132 0.0352733 0.655104 0.954029 0.839571 0.152752 0.0122698 0.00657063 0.00266499 0.000664965 0.000366062 0.000614906 0.00411068 0.0672777 0.78244 0.950271 0.689975 0.0138981 9.95404e-05 1.11422e-05 2.2945e-05
0.00321547 0.000129715 0.000279327 0.00335334 0.0142904 0.00679916 0.00537554 0.0400787 0.505374 0.943651 0.958175 0.634372 0.0812621 0.011731 0.00498439 0.00134004 0.000364469 0.000250557 0.000501108 0.00415042 0.0690542 0.808512 0.951111 0.513866 0.00360111 3.80334e-05 6.80144e-06 2.40333e-05
0.0039681 0.000137863 0.000210343 0.00117252 0.00346209 0.00237809 0.00929639 0.277397 0.909173 0.972746 0.86057 0.176218 0.0160009 0.00264873 0.00063351 0.000196429 0.000159859 0.000275166 0.000629284 0.00367557 0.0683972 0.82571 0.957494 0.487532 0.00250366 2.73248e-05 7.34505e-06 2.7398e-05
0.0040374 9.76149e-05 0.000130645 0.000324955 0.000612211 0.00132086 0.0233924 0.747279 0.971703 0.941746 0.447921 0.0277906 0.00396809 0.000878495 0.00021696 0.000145803 0.000298987 0.00077106 0.0017666 0.00547264 0.0648189 0.84981 0.973628 0.483918 0.00210541 1.91298e-05 5.85556e-06 1.93793e-05
0.00597325 0.000174151 0.000207813 0.000439627 0.00108009 0.00605505 0.174948 0.917455 0.958336 0.770226 0.117364 0.01157 0.00408746 0.00180079 0.00119982 0.00210253 0.00649499 0.00886545 0.00944408 0.0162136 0.101092 0.871528 0.978154 0.536318 0.00390447 3.38756e-05 7.48728e-06 1.6782e-05
0.0117256 0.000538638 0.000635195 0.0014325 0.00658256 0.0566125 0.583926 0.949527 0.932007 0.634862 0.17973 0.0579668 0.0308371 0.0250593 0.0461046 0.110563 0.250713 0.217316 0.128705 0.141946 0.339603 0.90958 0.949786 0.350214 0.00400958 5.07733e-05 1.22275e-05 2.03209e-05
0.0127291 0.000570183 0.000499004 0.00107174 0.00872921 0.104135 0.659502 0.936261 0.928383 0.859839 0.812691 0.771323 0.699664 0.696447 0.806405 0.856541 0.887583 0.828438 0.702041 0.71419 0.785402 0.929777 0.821047 0.100807 0.00213252 5.389e-05 1.48573e-05 2.15943e-05
0.00885397 0.000197666 0.000124909 0.000363002 0.00475345 0.0838172 0.493091 0.760563 0.788522 0.86339 0.936021 0.957137 0.950943 0.952509 0.958865 0.930043 0.899055 0.809277 0.712746 0.870942 0.935623 0.941253 0.634657 0.0368178 0.00154728 7.96312e-05 1.80241e-05 2.07151e-05
0.00645534 9.97938e-05 4.8072e-05 0.000174853 0.0034027 0.0367698 0.105425 0.143391 0.203734 0.410385 0.672956 0.688485 0.609071 0.636829 0.615685 0.402907 0.210766 0.133568 0.287893 0.811536 0.937807 0.925984 0.440438 0.0201532 0.00137522 0.000104263 1.96266e-05 1.77409e-05
0.00489224 7.0167e-05 3.73026e-05 0.000190034 0.0026786 0.00727731 0.00756093 0.00914031 0.0166393 0.0414468 0.0485566 0.0240402 0.0208975 0.0308319 0.039828 0.0194471 0.00983438 0.0167198 0.108461 0.634086 0.76029 0.487901 0.0852094 0.00698949 0.00119253 0.000173392 2.83772e-05 1.93246e-05
0.00414131 6.53697e-05 4.63462e-05 0.00025716 0.00180592 0.0018455 0.0017654 0.00337264 0.0073249 0.0124629 0.00414868 0.00134231 0.00255288 0.00630565 0.0113978 0.00685376 0.00463694 0.00684803 0.021565 0.0881014 0.0774922 0.0299901 0.00921084 0.00403714 0.00300807 0.00076168 9.59248e-05 3.11566e-05
0.00346098 8.07267e-05 8.58708e-05 0.000538795 0.00199576 0.00167462 0.00224984 0.00599807 0.0123605 0.0116223 0.00266859 0.00127608 0.00369471 0.010297 0.0137132 0.00906498 0.00708566 0.00342356 0.00271076 0.00398966 0.00398926 0.00335188 0.00267281 0.00588608 0.00832346 0.00182679 0.000227413 4.75746e-05
0.0047004 0.000185275 0.000338878 0.00239019 0.0055207 0.00312261 0.00309691 0.00440795 0.0074613 0.00681247 0.00248476 0.00199119 0.00337566 0.00825759 0.0199551 0.021885 0.011545 0.00239063 0.00141278 0.00172692 0.00119373 0.000765385 0.00124425 0.00567141 0.00512527 0.000850364 0.000104371 3.9183e-05
0.00793664 0.0004166 0.000870138 0.00574263 0.00977798 0.00286745 0.00160208 0.00137219 0.00187748 0.0023797 0.00158409 0.00130663 0.00120672 0.0052431 0.0531998 0.0901165 0.0189387 0.00270574 0.00232858 0.0019487 0.000636028 0.000289138 0.000512278 0.0019629 0.000824416 0.000141538 1.48393e-05 1.8674e-05
0.00510502 0.000242413 0.000889481 0.00999183 0.0145997 0.0039472 0.00192594 0.00134933 0.000969405 0.000734168 0.000495669 0.000415903 0.000523063 0.00390535 0.0506716 0.0732475 0.0177808 0.0041115 0.0031507 0.00132466 0.000227039 9.59532e-05 0.000189093 0.00043185 8.48603e-05 1.61626e-05 1.87654e-06 7.20274e-06
0.00485641 0.00027386 0.00144569 0.0109487 0.0144341 0.00682294 0.0055936 0.00348744 0.00160943 0.000815548 0.00037982 0.000344974 0.000683787 0.00325108 0.0109219 0.0124644 0.012009 0.00633141 0.00378859 0.00140589 0.000272222 0.000129334 0.000322318 0.000483623 7.61165e-05 1.96096e-05 3.41625e-06 2.2268e-05
0.0181733 0.00314167 0.00699781 0.0134483 0.0121356 0.00877249 0.0104555 0.00862296 0.00536591 0.00362184 0.00289591 0.0028744 0.00437912 0.00825974 0.00893966 0.00941994 0.0124305 0.0101606 0.00805832 0.00518382 0.00231043 0.00149918 0.00251441 0.00293701 0.0014294 0.000806911 0.00052158 0.00240183
