0.00976039 0.000346828 0.000197008 0.000554608 0.00211835 0.00165916 0.00056512 0.000420692 0.000629039 0.000751909 0.00112157 0.00182615 0.00402846 0.00492985 0.00173245 0.000685093 0.000366666 0.000479659 0.00133113 0.00195231 0.00163164 0.00163282 0.00156377 0.0010527 0.000681878 0.000588563 0.000961073 0.00329381
0.00313727 2.7569e-05 1.89916e-05 7.57105e-05 0.000334804 0.000168425 5.3184e-05 6.73391e-05 0.000134161 0.00023101 0.000704997 0.00357043 0.0251237 0.0285127 0.00378761 0.000690515 0.000185099 0.000131838 0.000268872 0.000285388 0.000258261 0.000304714 0.000231583 0.000128535 6.5151e-05 6.56636e-05 9.50414e-05 0.000241243
0.00459335 7.27664e-05 6.06321e-05 0.000180842 0.00042603 0.000196744 0.000133753 0.000324629 0.00118677 0.00248912 0.00944314 0.149856 0.633033 0.520084 0.125321 0.0186951 0.00382569 0.000978715 0.00058806 0.000495478 0.000465341 0.000602399 0.000385285 0.000232242 0.000113279 9.47695e-05 0.000125948 0.000156907
0.00622508 0.000165734 0.000139514 0.000286012 0.000404258 0.000186649 0.000230709 0.000643647 0.00228142 0.00653276 0.0421843 0.611091 0.889416 0.769936 0.56028 0.302797 0.136023 0.0214491 0.00313771 0.00111081 0.000534328 0.000361301 0.000204698 0.000173068 0.000132537 0.000103736 7.90659e-05 6.16913e-05
0.00894533 0.000390427 0.000459872 0.000819621 0.00101349 0.000502962 0.00078854 0.00170908 0.00425055 0.0164166 0.153433 0.859834 0.939454 0.833986 0.756965 0.713264 0.569387 0.149331 0.0196312 0.00374021 0.00127633 0.000676641 0.000486541 0.000616232 0.000431288 0.000182699 6.58115e-05 3.06307e-05
0.00619502 0.000248859 0.000316445 0.000616744 0.00079278 0.000652039 0.00177885 0.00456126 0.0074149 0.0257062 0.395574 0.909325 0.845678 0.377707 0.126481 0.0769486 0.0332165 0.00902212 0.00327847 0.0012549 0.000665421 0.000670365 0.000973897 0.00174082 0.00143199 0.000398915 7.31342e-05 2.44492e-05
0.00506318 0.000192442 0.000238527 0.000524887 0.000894704 0.00141226 0.00628783 0.0176731 0.0277225 0.150717 0.842111 0.943451 0.480469 0.0224922 0.00343694 0.00131931 0.00067683 0.000585913 0.000621614 0.000621818 0.000748451 0.00169665 0.00360368 0.00573232 0.00398718 0.000683524 8.70715e-05 2.83353e-05
0.00533489 0.000200424 0.00022089 0.000501011 0.00123189 0.00291807 0.0112293 0.0436289 0.166519 0.6383 0.911181 0.74627 0.0459587 0.00125894 0.000288448 0.000207673 0.000463745 0.00129472 0.00145158 0.00157221 0.00288712 0.00831158 0.0140763 0.0116482 0.004913 0.00070006 0.000116301 4.95728e-05
0.00622938 0.000185059 0.000168816 0.000424398 0.00166009 0.00442205 0.0121874 0.0909571 0.544182 0.887296 0.850694 0.206959 0.00594353 0.000420752 0.000166111 0.000407277 0.00327531 0.011701 0.0094034 0.00692232 0.0141552 0.0385577 0.035104 0.0114606 0.00286196 0.000536962 0.000153396 9.35344e-05
0.00531321 0.000115021 9.02063e-05 0.000328153 0.00253745 0.00745854 0.0132103 0.121182 0.770166 0.924785 0.59449 0.0355732 0.00250037 0.000447385 0.000256886 0.000854767 0.00534171 0.0164383 0.016509 0.0184809 0.0590611 0.127284 0.0559328 0.00793583 0.00138347 0.000311534 0.00015135 0.000128601
0.00389857 7.52801e-05 6.5268e-05 0.000377253 0.00270629 0.00514122 0.0095364 0.11756 0.80103 0.917479 0.386274 0.0125951 0.00140498 0.000340222 0.00023371 0.000490207 0.0021626 0.0115106 0.0257767 0.0610033 0.176129 0.234938 0.0664749 0.00670345 0.00112471 0.000255141 0.000137693 0.000129818
0.00500852 0.000164709 0.000250627 0.00135199 0.00373929 0.00305044 0.00492412 0.0719658 0.791299 0.938786 0.502046 0.0211919 0.00125403 0.000137229 0.000109162 0.000561061 0.00591196 0.0755684 0.322238 0.573199 0.65895 0.534453 0.152292 0.0162529 0.00217211 0.00029054 0.000139762 0.000131757
0.00748027 0.000520319 0.00105817 0.00278021 0.00278159 0.00133941 0.00320904 0.0672498 0.794127 0.950807 0.677621 0.0342681 0.000844827 5.72254e-05 9.80784e-05 0.00241591 0.0686556 0.632093 0.895341 0.921815 0.882947 0.76608 0.384113 0.0512478 0.00444129 0.000366231 0.000122928 9.57911e-05
0.00510582 0.000263831 0.000395993 0.00081098 0.000938298 0.000922312 0.00317161 0.0542704 0.736644 0.951208 0.787408 0.0610994 0.00110599 0.000106646 0.000359442 0.0168485 0.496195 0.92584 0.933843 0.868158 0.805033 0.823748 0.623409 0.0957976 0.00575056 0.000367331 6.8901e-05 4.24702e-05
0.00248197 5.73812e-05 5.15135e-05 0.000171003 0.000494104 0.00123033 0.00405916 0.0431299 0.6542 0.939858 0.776994 0.0675608 0.00218968 0.000411845 0.00223978 0.184298 0.899916 0.920363 0.562943 0.194082 0.228801 0.588549 0.60448 0.117206 0.0064518 0.000263942 3.08154e-05 1.8514e-05
0.00188082 3.30889e-05 2.81527e-05 0.000180573 0.00114439 0.00311868 0.00563697 0.0398748 0.58889 0.932535 0.79467 0.106897 0.00512723 0.00236925 0.0380463 0.799922 0.967321 0.69364 0.0368225 0.0063799 0.0250709 0.284403 0.564998 0.182125 0.010745 0.000334675 3.40035e-05 1.93342e-05
0.00247305 5.75139e-05 5.65523e-05 0.000476181 0.00303224 0.00451464 0.00479916 0.0303261 0.55072 0.930987 0.881161 0.424799 0.0711469 0.0736132 0.571884 0.96798 0.942315 0.179528 0.00689086 0.0050062 0.0501657 0.565347 0.775508 0.356243 0.0267513 0.000707343 8.12958e-05 4.01961e-05
0.00238136 5.84126e-05 7.07531e-05 0.000553148 0.00184255 0.00155572 0.00234569 0.0213365 0.437087 0.919677 0.958872 0.913661 0.712531 0.732945 0.924963 0.958421 0.623392 0.0406171 0.0141939 0.0732252 0.604357 0.911058 0.843277 0.340391 0.0332934 0.00134659 0.000156885 6.01056e-05
0.0019721 3.76446e-05 4.52783e-05 0.000293481 0.000626102 0.000541511 0.00138219 0.0139799 0.194722 0.74242 0.935965 0.939763 0.882843 0.923026 0.964142 0.917836 0.407627 0.105958 0.208693 0.735229 0.928585 0.85357 0.373004 0.0531801 0.0109306 0.00123418 0.000185918 8.84702e-05
0.00155788 2.20697e-05 2.51009e-05 0.000155165 0.000299448 0.000313287 0.00109989 0.00617599 0.0390512 0.202695 0.439143 0.483158 0.655349 0.913398 0.970441 0.959916 0.840291 0.793761 0.916512 0.95024 0.83158 0.252328 0.0194121 0.00342777 0.00231005 0.00125387 0.000748893 0.000363067
0.00126317 1.73665e-05 1.97005e-05 0.00013961 0.000334986 0.000417801 0.000809732 0.00147351 0.00542708 0.019845 0.0384515 0.0812067 0.350198 0.854545 0.950075 0.948727 0.939481 0.946871 0.946752 0.879337 0.338693 0.0203864 0.00288387 0.00151481 0.00178831 0.00364343 0.00490743 0.00130238
0.00162411 2.73204e-05 2.55605e-05 0.000172965 0.000547769 0.000544814 0.000509019 0.000413651 0.000823917 0.00249275 0.00780217 0.030564 0.150818 0.468174 0.641794 0.584288 0.561374 0.589263 0.626015 0.594521 0.121182 0.00925583 0.00244908 0.00178784 0.00243169 0.00433049 0.0028136 0.000658611
0.00237565 4.91379e-05 3.60243e-05 0.000208109 0.000722082 0.000527176 0.000254318 0.000154885 0.000237992 0.000748558 0.00333367 0.0110527 0.0225055 0.0335598 0.039274 0.0280227 0.0307288 0.0822108 0.274435 0.369519 0.0758156 0.0108738 0.0041381 0.00301165 0.00261433 0.00145875 0.000386882 0.000107266
0.00254959 5.33863e-05 3.45947e-05 0.000160353 0.000345381 0.000160643 9.09954e-05 7.92531e-05 9.77617e-05 0.000192895 0.000604921 0.00150688 0.00318939 0.00500737 0.00279502 0.00145791 0.0034618 0.0190397 0.0964807 0.114933 0.0289867 0.0102434 0.00475056 0.0031856 0.00185746 0.000518618 7.90118e-05 2.95738e-05
0.00230422 1.69382e-05 1.01716e-05 3.73642e-05 5.74507e-05 2.77173e-05 2.41813e-05 2.91802e-05 2.48851e-05 2.85878e-05 5.01157e-05 0.000152071 0.000699038 0.00132242 0.000562294 0.000347635 0.00126435 0.00663663 0.0185845 0.0142091 0.00907407 0.00776596 0.00263112 0.00124416 0.000540116 0.000128507 2.09999e-05 1.56127e-05
0.00141733 4.43948e-06 2.72823e-06 1.09996e-05 1.44186e-05 9.09884e-06 1.09784e-05 1.44994e-05 1.2411e-05 1.1572e-05 1.01261e-05 1.97153e-05 9.74221e-05 0.000188438 0.000140741 0.000171 0.00051372 0.00136424 0.001464 0.000953475 0.00164687 0.0023763 0.00080031 0.000365987 0.000136262 3.10861e-05 5.31112e-06 7.56505e-06
0.00194396 1.3287e-05 1.61051e-05 5.33969e-05 6.06586e-05 4.50945e-05 5.0557e-05 6.45411e-05 6.01124e-05 5.18037e-05 3.69865e-05 4.82499e-05 0.00012084 0.000218877 0.000279892 0.000404345 0.000628211 0.000764793 0.000480702 0.000408847 0.0011842 0.00185557 0.00076114 0.000394753 0.000183586 6.25974e-05 1.06392e-05 2.44486e-05
0.0117208 0.000973343 0.00139329 0.00196646 0.0017909 0.00164804 0.0015942 0.00173238 0.00183172 0.00160987 0.00139627 0.00167328 0.0020856 0.00246931 0.00305584 0.00341548 0.00389634 0.00373863 0.00237249 0.00227104 0.00448953 0.00553247 0.00334298 0.00273715 0.00275309 0.00173503 0.000836286 0.00225001
