0.0140488 0.000472705 0.000165672 0.000267453 0.00106808 0.00261017 0.00196723 0.000784523 0.000728378 0.00148331 0.00282585 0.00714404 0.0227655 0.0348547 0.0155253 0.0041677 0.00121665 0.000524999 0.000418603 0.000414475 0.000561417 0.00173711 0.00498134 0.00890605 0.00681645 0.00245485 0.00126274 0.00202686
0.00419802 3.12692e-05 7.49053e-06 1.57537e-05 0.000164239 0.000557218 0.000255669 9.17904e-05 0.000129228 0.000329609 0.000437503 0.00108685 0.00757897 0.0138945 0.00499493 0.000873071 0.00011882 4.45328e-05 3.21478e-05 3.65058e-05 8.93249e-05 0.000451007 0.00157306 0.00259636 0.00151046 0.000344393 8.8323e-05 8.52104e-05
0.0045247 3.43868e-05 8.83829e-06 3.35545e-05 0.000557464 0.00157388 0.0005345 0.000268 0.000622111 0.00122015 0.00165809 0.00499086 0.0256807 0.0357688 0.0123349 0.00189318 0.000236666 9.894e-05 7.54113e-05 0.000121176 0.000442236 0.00171201 0.00361965 0.00562067 0.00279256 0.000434142 0.000107332 6.30619e-05
0.00273266 2.01151e-05 8.94415e-06 5.90165e-05 0.000614334 0.00102592 0.000633844 0.000491319 0.000824699 0.00215027 0.00843031 0.046116 0.0770625 0.0319906 0.00684925 0.000962568 0.000334483 0.000213829 0.000152143 0.000213852 0.000572415 0.00173456 0.00324525 0.0105802 0.011188 0.00158978 0.000229014 5.86913e-05
0.00207381 2.74342e-05 3.51665e-05 0.000288083 0.00149866 0.00242573 0.00327987 0.00222008 0.00276829 0.0197805 0.223796 0.66951 0.516656 0.106385 0.0197244 0.00364302 0.0020292 0.0012002 0.000603574 0.000568359 0.00105731 0.00388872 0.00882535 0.0548537 0.0910771 0.00947831 0.000670536 8.04285e-05
0.00414005 0.000116451 0.000199606 0.00121314 0.00458737 0.0062088 0.00628705 0.00251758 0.00340049 0.0637503 0.708523 0.94811 0.83561 0.392851 0.151378 0.0283746 0.00828012 0.00159183 0.0005168 0.000435937 0.000634946 0.0028377 0.0112493 0.0771538 0.0749741 0.00522791 0.000530803 0.000105772
0.0149549 0.000965176 0.000841864 0.00293223 0.0122034 0.0101582 0.00495632 0.00152973 0.00344526 0.101095 0.795404 0.965613 0.904729 0.711302 0.499969 0.0843062 0.00814282 0.000687134 0.000189592 0.00021267 0.000453071 0.00261504 0.0139146 0.0476759 0.0125132 0.0011032 0.000199132 0.000101092
0.0115072 0.000860238 0.000956051 0.00522584 0.0234282 0.0148368 0.00589138 0.0019271 0.00364881 0.0602893 0.678434 0.965478 0.9567 0.861627 0.45713 0.0292961 0.00165021 0.000174273 6.92488e-05 0.00011158 0.000402631 0.00223898 0.0100013 0.0153902 0.00194791 0.000315453 4.68728e-05 4.53847e-05
0.00468033 0.000293527 0.000586077 0.00423429 0.0158709 0.0107003 0.00427039 0.00122962 0.00173023 0.0190662 0.375754 0.935025 0.974478 0.916171 0.315737 0.00916897 0.000720205 0.000123883 6.41313e-05 0.000143436 0.000489039 0.00217079 0.00636188 0.00530569 0.000691536 0.000138301 1.42005e-05 1.96889e-05
0.00390852 0.000154631 0.000231691 0.00142112 0.00626183 0.00549129 0.00178422 0.000524184 0.000969904 0.00926668 0.15853 0.812503 0.970042 0.955837 0.534456 0.033335 0.00257938 0.000364346 0.000272227 0.000642194 0.00119351 0.00271551 0.00311844 0.00150734 0.000321311 8.82815e-05 1.22086e-05 1.87013e-05
0.0037828 8.68668e-05 6.10181e-05 0.000407943 0.00247129 0.00230009 0.000700608 0.000371246 0.00105875 0.00628994 0.0550715 0.541294 0.956018 0.977935 0.862963 0.212865 0.0142266 0.00190235 0.00172761 0.00270773 0.00236467 0.00226743 0.00143498 0.000841901 0.000291962 0.000103936 2.03917e-05 2.80011e-05
0.00257025 4.23669e-05 2.53071e-05 0.000195387 0.000873123 0.000659374 0.000386513 0.000445817 0.00148468 0.00433691 0.00979075 0.0815106 0.722308 0.944106 0.895669 0.424676 0.0285339 0.00394414 0.00327871 0.00207233 0.00135526 0.00131622 0.000774556 0.000647037 0.000241686 7.0891e-05 2.06583e-05 3.23332e-05
0.00214099 3.02892e-05 3.30281e-05 0.000217763 0.000535084 0.000332474 0.000380141 0.000807611 0.00139338 0.00144775 0.00183863 0.0085041 0.179843 0.760458 0.851183 0.607362 0.107863 0.0132322 0.0037123 0.000792057 0.000412469 0.000567839 0.000533336 0.000533015 0.000155748 3.66627e-05 1.64243e-05 2.80949e-05
0.00169963 1.7486e-05 1.81907e-05 8.70192e-05 0.000161921 0.000119643 0.000236806 0.000709646 0.000954793 0.000677241 0.000646493 0.00238329 0.048882 0.601751 0.916769 0.900374 0.612959 0.115258 0.00614062 0.000321691 0.000143095 0.000255365 0.000389561 0.000649194 0.000252245 6.51828e-05 3.44346e-05 3.5913e-05
0.00142852 1.02682e-05 5.80844e-06 2.21064e-05 6.48416e-05 8.51167e-05 0.000257433 0.000813225 0.000640864 0.000406009 0.000616445 0.00225251 0.0441712 0.674568 0.963267 0.981565 0.906228 0.265564 0.00823473 0.00022239 0.000126827 0.000366592 0.000521815 0.00104108 0.000627854 0.0001791 7.95418e-05 5.33374e-05
0.0036566 4.8244e-05 1.9699e-05 3.6488e-05 7.78118e-05 0.000100434 0.000388532 0.0011027 0.000652072 0.000327425 0.000617949 0.00234522 0.0357572 0.677427 0.967298 0.98639 0.930446 0.292654 0.00841952 0.000342009 0.000328435 0.000795013 0.000982557 0.00135353 0.000433625 0.000101404 4.09823e-05 4.40125e-05
0.0097286 0.000240851 9.59873e-05 8.06765e-05 0.000138435 0.000209363 0.000676693 0.00147638 0.000895296 0.000376321 0.000429575 0.00104264 0.0130752 0.49478 0.956407 0.981944 0.920225 0.388064 0.0244968 0.00188074 0.00154483 0.00156987 0.00111173 0.000833129 0.000141668 3.61538e-05 1.44968e-05 2.84282e-05
0.00993425 0.000271211 8.72698e-05 8.13447e-05 0.000302416 0.000918641 0.00216436 0.00244423 0.00128887 0.000480658 0.000476971 0.000697129 0.00430168 0.187163 0.880316 0.968981 0.940978 0.761696 0.240676 0.0283435 0.00699408 0.00148677 0.000604679 0.000325079 4.94539e-05 2.18901e-05 1.18636e-05 2.73336e-05
0.00697818 0.000172404 6.06914e-05 0.000131761 0.000894272 0.00331094 0.00470143 0.00239638 0.000955482 0.000351018 0.000274482 0.000239705 0.00122331 0.0772453 0.806147 0.964341 0.972195 0.943906 0.697505 0.154766 0.0138137 0.000909591 0.000286285 0.000179197 4.02427e-05 2.71206e-05 1.9187e-05 3.41272e-05
0.00753935 0.000236086 0.000101031 0.000369765 0.00375649 0.00916255 0.00524185 0.00144349 0.000577884 0.000248 0.000159494 0.000132 0.000939376 0.056345 0.685879 0.92715 0.953129 0.948756 0.867686 0.447629 0.0380308 0.00171626 0.000334982 0.000184345 9.45731e-05 7.1253e-05 3.34027e-05 3.55821e-05
0.0116194 0.000560717 0.000270841 0.00111416 0.0083552 0.00976212 0.00313055 0.00071456 0.000416449 0.000236656 0.000111928 0.000139381 0.0010586 0.0241439 0.193877 0.407409 0.636618 0.8482 0.885308 0.677761 0.115555 0.00423286 0.000657892 0.000390826 0.000253628 0.000149867 4.22935e-05 3.07503e-05
0.00966412 0.000549743 0.00057987 0.00315179 0.0104734 0.00463103 0.000946981 0.000215099 0.000153298 0.000126061 8.36348e-05 0.000131795 0.0007133 0.00491945 0.0104705 0.0239121 0.189783 0.717367 0.899831 0.780896 0.182827 0.0108921 0.00275213 0.00165963 0.000398909 0.000102099 2.95628e-05 2.52916e-05
0.00525229 0.000356405 0.000827613 0.00416738 0.00579795 0.00114761 0.000267029 9.5808e-05 7.61969e-05 0.000102777 0.000101341 0.000143198 0.000390738 0.000830855 0.00144221 0.0122011 0.267917 0.858526 0.936583 0.688855 0.0939585 0.0104825 0.00591901 0.0025674 0.000239848 4.24249e-05 1.87945e-05 2.30901e-05
0.00413494 0.000227042 0.000571183 0.00223587 0.00184025 0.000336392 0.000130474 9.93656e-05 0.00012084 0.000203249 0.00019184 0.000161134 0.000391339 0.000911347 0.00270296 0.037279 0.433502 0.805722 0.686712 0.139873 0.01191 0.00294267 0.0016782 0.000742169 0.000172572 6.41117e-05 3.3972e-05 2.8667e-05
0.00461913 0.000120967 0.00013304 0.000463107 0.000439503 0.000121311 8.28353e-05 0.000101036 0.000152139 0.000195164 0.00014776 0.000119731 0.000330538 0.00124113 0.00482081 0.0241847 0.062227 0.055008 0.0126589 0.00154801 0.000620209 0.000435868 0.000164805 0.000160561 0.000243629 0.000194377 8.21923e-05 4.36204e-05
0.00333146 5.16366e-05 5.10109e-05 0.00022962 0.000198176 6.30566e-05 5.08934e-05 6.63939e-05 0.000115132 0.000127494 6.47467e-05 5.30318e-05 0.000159138 0.00056002 0.00179904 0.00318535 0.00179769 0.000680134 0.000137707 3.65615e-05 7.01163e-05 0.000105235 4.88017e-05 9.21872e-05 0.000246298 0.000165712 7.48566e-05 5.32406e-05
0.00470497 0.000130088 0.000263037 0.000867995 0.000522943 0.000173426 0.000129674 0.000158264 0.000329041 0.000364157 0.000159707 0.000111108 0.000237425 0.000623661 0.00114441 0.00127823 0.000863888 0.000423249 0.000124962 6.82018e-05 0.0001534 0.000214821 0.000163036 0.000264685 0.000392504 0.000214955 0.000108966 0.00015339
0.018055 0.00275742 0.00445472 0.00553342 0.00371019 0.0022121 0.00178559 0.00193923 0.00322006 0.00322734 0.00207276 0.00167208 0.0021306 0.00297247 0.00321101 0.00316565 0.00328946 0.00280738 0.00173107 0.00155318 0.00261365 0.00298833 0.00260231 0.00295273 0.00332194 0.0021903 0.00195655 0.00476521
