0.00868465 0.000360072 0.000288167 0.00125787 0.00478658 0.00461074 0.00328532 0.00256002 0.00225885 0.00203888 0.00163996 0.00228778 0.00385656 0.00289495 0.00116577 0.000531918 0.000556167 0.000765623 0.00109299 0.00131882 0.00109359 0.000818563 0.000692145 0.000592865 0.000450417 0.000357295 0.000380546 0.0014677
0.0029529 4.38826e-05 7.40984e-05 0.000572718 0.00141294 0.000494642 0.000274839 0.000280887 0.000299167 0.000386666 0.000384781 0.000616487 0.000900541 0.000418401 0.000135389 7.31414e-05 7.95559e-05 0.000104889 0.000196114 0.000287058 0.000206425 0.000128197 9.8793e-05 7.02537e-05 3.90612e-05 2.60726e-05 1.86185e-05 7.43391e-05
0.00458063 0.000171449 0.000345554 0.00123793 0.00093286 0.00015174 0.000144033 0.00041518 0.000947451 0.00218513 0.0028101 0.00267118 0.00177144 0.000643964 0.00028946 0.000225171 0.000216956 0.000245672 0.000529367 0.000944898 0.00062356 0.000337502 0.000203732 0.000112402 3.69819e-05 1.95052e-05 1.47424e-05 5.83484e-05
0.00553256 0.000275864 0.000491906 0.000839254 0.000239148 3.82137e-05 5.10983e-05 0.000178713 0.000724627 0.00188193 0.00192958 0.00112485 0.000502484 0.000259202 0.00019876 0.000148794 0.000102366 0.000118042 0.000316137 0.000670793 0.000470776 0.000223923 0.000129826 6.08886e-05 1.61044e-05 9.50957e-06 9.33162e-06 4.18442e-05
0.00593505 0.00029494 0.000574432 0.00095949 0.00049319 0.000139842 0.000206855 0.000687399 0.00209884 0.00356133 0.00275006 0.00167988 0.00108139 0.000789113 0.000558216 0.000283981 0.000190042 0.000318885 0.0010196 0.00216744 0.00172772 0.000630883 0.000291886 9.4586e-05 1.91841e-05 1.11017e-05 1.2377e-05 3.87483e-05
0.00293599 7.40991e-05 8.83077e-05 0.000235056 0.000526131 0.000900095 0.00327986 0.0119466 0.0204107 0.0210457 0.017787 0.0172192 0.0175151 0.0104546 0.00360045 0.000947605 0.000570866 0.00104815 0.00268186 0.00415274 0.00303015 0.000872731 0.000284888 7.27606e-05 1.99024e-05 1.38833e-05 1.85567e-05 4.30787e-05
0.00190268 1.57864e-05 1.6265e-05 0.0001364 0.00163411 0.0211377 0.138535 0.289002 0.362337 0.340979 0.326997 0.338428 0.331829 0.169074 0.0469383 0.0106808 0.00775776 0.0133941 0.0185022 0.0210512 0.0122085 0.00341008 0.00082502 0.000187335 5.22058e-05 2.76064e-05 2.59381e-05 3.79999e-05
0.00117398 6.33949e-06 7.96357e-06 0.000206026 0.0133119 0.392509 0.866122 0.910246 0.901263 0.9145 0.928952 0.927911 0.907015 0.812495 0.628767 0.463538 0.541487 0.665916 0.616494 0.581794 0.408421 0.154545 0.0318659 0.00415601 0.000699047 0.000129326 5.84404e-05 4.73342e-05
0.00135418 8.69177e-06 1.7035e-05 0.000767423 0.0543224 0.744503 0.961482 0.943342 0.900048 0.932561 0.964892 0.96367 0.94291 0.923116 0.935744 0.954566 0.978695 0.983237 0.965164 0.960548 0.937174 0.843431 0.530773 0.106014 0.0139264 0.000935055 0.000178189 8.2082e-05
0.00295744 3.821e-05 8.90927e-05 0.00272205 0.113679 0.635969 0.794337 0.523215 0.34507 0.485769 0.689863 0.659727 0.519422 0.502732 0.664769 0.798238 0.881701 0.924803 0.920126 0.968508 0.980786 0.971314 0.921468 0.668026 0.182885 0.00685932 0.000413888 9.69196e-05
0.00738353 0.000193237 0.000285115 0.00312502 0.0447521 0.11547 0.0581702 0.0136235 0.0153479 0.0459987 0.118862 0.119591 0.0709367 0.0439635 0.0230661 0.0154661 0.0275576 0.159134 0.653822 0.933716 0.956445 0.912907 0.78209 0.53205 0.136095 0.00431684 0.000211814 5.48714e-05
0.0120785 0.000531636 0.000777239 0.00424821 0.0139635 0.00927259 0.00220758 0.000846558 0.00286548 0.0150484 0.0415569 0.0388587 0.0186698 0.00568192 0.000730723 0.000202516 0.000886378 0.0303146 0.652726 0.904601 0.70672 0.209837 0.0568338 0.0366055 0.00795581 0.000562949 4.22768e-05 2.23462e-05
0.0133916 0.00113686 0.00188752 0.00554789 0.00631584 0.00169667 0.000570209 0.000596402 0.00479846 0.0416408 0.0963668 0.089664 0.0384384 0.00551617 0.000608441 0.000283564 0.00371396 0.287163 0.925261 0.901749 0.31732 0.0200105 0.00533931 0.00504918 0.00097844 0.000115193 1.48154e-05 1.64058e-05
0.00665926 0.000402579 0.000668748 0.00157631 0.00132965 0.000391879 0.000247991 0.000695194 0.0122823 0.220337 0.516209 0.590614 0.374288 0.0814167 0.0194981 0.0239855 0.320373 0.928111 0.96682 0.749709 0.0761923 0.00526949 0.00186729 0.00125225 0.000305088 5.44056e-05 1.02307e-05 1.77139e-05
0.00303012 0.000106786 0.000141948 0.000321735 0.000368049 0.000177464 0.000270499 0.00155621 0.0364903 0.575469 0.904028 0.951018 0.901221 0.749545 0.631703 0.748098 0.957311 0.981176 0.934322 0.591658 0.0952759 0.0145401 0.00420388 0.00119237 0.000258202 4.96657e-05 1.1181e-05 1.98143e-05
0.00307626 7.70125e-05 5.91076e-05 0.000114431 0.000175736 0.000130221 0.000282592 0.00203819 0.0634217 0.714789 0.945184 0.98028 0.977693 0.972988 0.97532 0.975832 0.985732 0.978006 0.927522 0.858625 0.668088 0.32695 0.0850176 0.0108978 0.00104081 0.000105436 2.6937e-05 3.4247e-05
0.00391134 6.38285e-05 2.68219e-05 4.93837e-05 7.85684e-05 7.29244e-05 0.000173539 0.00118684 0.0361469 0.452809 0.752197 0.878044 0.952366 0.982528 0.989678 0.987626 0.977344 0.951272 0.909937 0.892003 0.806285 0.615284 0.287601 0.0340064 0.00236196 0.000192903 4.90538e-05 5.41928e-05
0.00259021 2.60326e-05 1.11884e-05 3.1508e-05 6.90459e-05 9.40195e-05 0.000319583 0.0019944 0.0300761 0.16246 0.278647 0.453692 0.859403 0.96365 0.977489 0.958067 0.828517 0.671605 0.400379 0.2339 0.196378 0.199762 0.0875214 0.0121461 0.000797767 8.19404e-05 3.86691e-05 6.02969e-05
0.00173637 1.28217e-05 9.61969e-06 4.2543e-05 0.000131372 0.000288623 0.00108616 0.00572172 0.046107 0.10346 0.162952 0.469705 0.888596 0.954433 0.889547 0.477786 0.0770356 0.0168193 0.00682285 0.00466214 0.0081677 0.0166734 0.00764536 0.00166852 0.00017249 3.0784e-05 2.83073e-05 5.959e-05
0.00144959 1.05894e-05 9.4025e-06 5.94228e-05 0.000372122 0.00134581 0.00428332 0.0189873 0.120482 0.250942 0.379644 0.751226 0.937781 0.888166 0.267756 0.0121523 0.00144954 0.000394028 0.000278797 0.000428994 0.00135405 0.00274174 0.00125988 0.000413676 6.80399e-05 2.34644e-05 3.70872e-05 7.67957e-05
0.00142349 1.20031e-05 1.00184e-05 0.000106577 0.00162081 0.00617596 0.0138532 0.0577241 0.291329 0.601219 0.754769 0.928188 0.942735 0.527863 0.0179407 0.000517786 0.000131409 9.89907e-05 0.00011773 0.00029717 0.000809839 0.00107386 0.00053556 0.000239476 7.22074e-05 3.90349e-05 6.73216e-05 9.1299e-05
0.00144243 1.43644e-05 1.09545e-05 0.000121861 0.00140322 0.00317676 0.00778199 0.0523968 0.274601 0.671949 0.894025 0.947591 0.746957 0.0603543 0.00250807 0.000214577 7.15269e-05 7.01949e-05 0.000124308 0.000337302 0.000562112 0.000526959 0.000242879 0.000125704 6.70076e-05 4.68912e-05 4.63358e-05 5.20791e-05
0.00154491 1.48132e-05 9.88694e-06 7.21751e-05 0.000296608 0.000489061 0.002306 0.0239982 0.148939 0.650924 0.92998 0.891988 0.211025 0.00493144 0.000960356 0.000332727 0.000134735 0.000131031 0.000170501 0.000284456 0.00035593 0.000236879 0.000104806 6.85287e-05 4.39076e-05 3.10903e-05 1.84477e-05 1.78895e-05
0.00145096 1.40397e-05 1.20772e-05 9.53889e-05 0.000207075 0.000234625 0.00119014 0.0173104 0.223893 0.762064 0.903706 0.619391 0.0268974 0.000972321 0.000425395 0.000249704 0.000159658 0.000184124 0.000160695 0.000174818 0.000172056 0.000116951 7.36e-05 7.79546e-05 8.45546e-05 6.04829e-05 1.80991e-05 9.75517e-06
0.00140113 1.1019e-05 8.39666e-06 6.17625e-05 0.00018226 0.000178176 0.000875401 0.0396737 0.659706 0.927873 0.850698 0.143026 0.00404496 0.000318548 0.000109192 6.97711e-05 5.44833e-05 5.41555e-05 4.27159e-05 4.08355e-05 4.31857e-05 5.04795e-05 5.14057e-05 8.03731e-05 0.000140332 0.000111258 2.73699e-05 1.15892e-05
0.00168934 1.14344e-05 7.14119e-06 3.03004e-05 6.51703e-05 9.35742e-05 0.00169563 0.183342 0.894125 0.947499 0.66428 0.040366 0.00309911 0.000540917 0.000121152 4.63952e-05 2.05778e-05 1.25286e-05 1.04907e-05 1.23864e-05 1.5555e-05 2.43212e-05 2.66786e-05 5.10107e-05 0.000195632 0.000206848 5.19746e-05 2.00655e-05
0.00385047 6.16102e-05 4.20579e-05 8.5124e-05 7.30994e-05 0.000141017 0.00362341 0.213656 0.703993 0.650245 0.250772 0.0235407 0.00847306 0.00366068 0.000828956 0.000210506 6.77782e-05 3.62382e-05 3.51902e-05 4.92241e-05 6.43286e-05 8.88138e-05 8.15665e-05 0.000149976 0.000796226 0.000892177 0.000202166 0.000104424
0.017649 0.00208173 0.00215217 0.00219269 0.00164365 0.00263234 0.0150437 0.104018 0.156951 0.117881 0.0578136 0.0199902 0.0191287 0.0150213 0.00693203 0.00348102 0.00192367 0.00134637 0.0013571 0.00158833 0.00195218 0.00217611 0.00166467 0.00228186 0.00701075 0.0069307 0.00366476 0.00454457
