0.0106664 0.00066883 0.000511833 0.000607634 0.000759866 0.000505066 0.000590336 0.000726459 0.000877747 0.00226036 0.00686732 0.0102307 0.00404563 0.00114952 0.000638312 0.000420927 0.000570052 0.00199059 0.00714782 0.0286844 0.0219886 0.00415675 0.00136648 0.000809018 0.00108666 0.00154238 0.00118888 0.00178047
0.00348984 5.50786e-05 4.72224e-05 5.82269e-05 7.40202e-05 5.61908e-05 7.86523e-05 8.83904e-05 0.000102412 0.000276246 0.00110614 0.00158882 0.000391586 0.000102314 4.57174e-05 2.97073e-05 6.11679e-05 0.00034709 0.00171622 0.00627271 0.00296644 0.000399919 9.90702e-05 8.80527e-05 0.000168559 0.000288974 9.79836e-05 8.52387e-05
0.00512042 9.65115e-05 5.88363e-05 7.49637e-05 0.000116589 0.000121227 0.000145906 0.000114365 0.000137401 0.000270124 0.000691831 0.000990486 0.000366941 0.000141923 6.99652e-05 5.93096e-05 0.000152013 0.000630766 0.00175602 0.00285513 0.000992928 0.000178297 8.39596e-05 0.000168398 0.00028895 0.000269255 7.63362e-05 5.58687e-05
0.00261263 3.00926e-05 1.3846e-05 3.09907e-05 0.00010332 0.000162458 0.000153633 7.93759e-05 7.10435e-05 0.000102527 0.000184773 0.000292549 0.000185046 0.000102683 7.14306e-05 5.92742e-05 0.000100344 0.000196107 0.000249395 0.000276374 8.9039e-05 2.68513e-05 3.16523e-05 8.52462e-05 0.000119975 9.73395e-05 3.02613e-05 3.1288e-05
0.0013955 1.23688e-05 9.47639e-06 6.22531e-05 0.000426314 0.000737567 0.000408977 0.000125646 7.67649e-05 0.000116851 0.000328464 0.000745977 0.000599265 0.000348283 0.00019498 0.000108747 0.000119123 0.000158459 0.000257097 0.000321334 9.34589e-05 4.00044e-05 7.57008e-05 0.000225985 0.00024184 0.000116223 2.79471e-05 2.41763e-05
0.00184285 2.24927e-05 1.74001e-05 0.000133534 0.00109206 0.00128926 0.000325054 5.68493e-05 3.53781e-05 7.95798e-05 0.000336209 0.00116932 0.00165463 0.0013258 0.000506873 0.000162407 0.000114214 0.000149245 0.000534309 0.000956123 0.000358058 0.000224559 0.000427094 0.00114426 0.00072965 0.000152028 2.94215e-05 2.1599e-05
0.00385593 7.81735e-05 5.34886e-05 0.000391021 0.00261765 0.00235538 0.000517526 7.33228e-05 5.65851e-05 0.000147263 0.00054543 0.00264809 0.00655341 0.00748038 0.00362937 0.00125402 0.000941191 0.00154076 0.0045186 0.00631475 0.00334663 0.0022392 0.00254258 0.0034128 0.00111084 0.00013985 2.7183e-05 1.77552e-05
0.00336826 9.15899e-05 0.000142191 0.0023438 0.0159396 0.013114 0.00278594 0.00039973 0.000359498 0.000706765 0.00246575 0.013597 0.0471453 0.11025 0.124702 0.117684 0.12382 0.101515 0.0459545 0.0115015 0.00742753 0.00619182 0.00602976 0.0084118 0.00208168 0.000207612 4.0224e-05 1.89704e-05
0.00223913 0.000115073 0.000597348 0.0177537 0.110838 0.0809141 0.0177278 0.00459715 0.00493615 0.00602326 0.0185506 0.0616519 0.147816 0.411326 0.547632 0.737079 0.858826 0.695617 0.176025 0.0147382 0.00774399 0.00804746 0.0056109 0.00915787 0.00363082 0.000395543 5.57937e-05 2.48677e-05
0.00411132 0.0003239 0.00180938 0.047237 0.316167 0.500485 0.361334 0.228049 0.20038 0.100725 0.129624 0.125636 0.146193 0.35055 0.358087 0.629938 0.920898 0.91962 0.558123 0.0614787 0.0135632 0.00416757 0.0018178 0.00243131 0.000945134 0.000139847 2.36812e-05 2.37585e-05
0.0102702 0.00073168 0.00152362 0.0253667 0.274136 0.76446 0.874378 0.89037 0.8352 0.428281 0.279775 0.138369 0.0782662 0.104016 0.0572892 0.132219 0.648812 0.922664 0.838381 0.174797 0.0133737 0.00101618 0.000389691 0.000550835 0.000177673 4.67078e-05 1.25901e-05 2.26976e-05
0.00748538 0.00034317 0.00046894 0.00865455 0.150179 0.646167 0.854276 0.872858 0.734976 0.250453 0.122188 0.0711208 0.033112 0.0240035 0.00998243 0.0189656 0.23988 0.877138 0.894442 0.234424 0.00820218 0.000456598 0.000225112 0.000398168 0.000170592 5.66015e-05 1.82278e-05 2.57621e-05
0.00276975 7.76919e-05 0.000157698 0.00446918 0.0603146 0.262399 0.303038 0.139694 0.050829 0.0128368 0.0147299 0.0247694 0.0168546 0.00931559 0.00595399 0.0111961 0.121943 0.828429 0.899778 0.214036 0.0054416 0.000489115 0.000412513 0.000936338 0.000403008 8.34632e-05 2.55814e-05 2.56816e-05
0.00252105 6.66745e-05 0.0002087 0.00598685 0.0509275 0.119358 0.0597684 0.0107449 0.00278712 0.00106998 0.00351084 0.0112562 0.00760113 0.00396306 0.00299335 0.00803854 0.0976853 0.801647 0.882223 0.185147 0.00730213 0.00127094 0.00132941 0.00248791 0.000733497 9.59239e-05 3.17861e-05 3.13637e-05
0.00412655 0.000216526 0.000925192 0.0198175 0.110637 0.167539 0.0818099 0.00953001 0.00194995 0.00101294 0.00222785 0.00454925 0.00234737 0.00137414 0.00207668 0.00883112 0.155345 0.87663 0.894342 0.203124 0.0129972 0.00321487 0.00266685 0.00290331 0.000672287 9.3748e-05 3.062e-05 3.91296e-05
0.0109429 0.000998119 0.00290497 0.0207715 0.0605326 0.0601331 0.024133 0.00398882 0.00210867 0.0024264 0.0030125 0.00364936 0.00163873 0.000900839 0.0013609 0.00690783 0.203054 0.913296 0.899335 0.225898 0.0160365 0.00276851 0.0019102 0.00186798 0.000358922 5.93391e-05 1.766e-05 3.46505e-05
0.0200366 0.00167443 0.00231208 0.00576647 0.0107919 0.00582296 0.00206871 0.00135286 0.00262546 0.00498617 0.0043323 0.00328691 0.00178205 0.000827605 0.000900349 0.00841031 0.327292 0.933049 0.851243 0.138459 0.0110604 0.00160289 0.00112432 0.00111153 0.000166457 3.39745e-05 9.39957e-06 2.75399e-05
0.0109847 0.000506634 0.000587634 0.00151489 0.00190732 0.000689496 0.00041998 0.000775325 0.00202684 0.00225837 0.00136757 0.00109727 0.00105007 0.000966101 0.00159129 0.0298123 0.669867 0.956959 0.808715 0.0905395 0.00749278 0.00127468 0.001002 0.000914509 9.66128e-05 1.92058e-05 7.74943e-06 2.95328e-05
0.00348857 0.000118784 0.000186125 0.000675508 0.000887331 0.000359242 0.000378792 0.000727098 0.000758786 0.000364938 0.000271391 0.000326011 0.000508736 0.00110887 0.00336403 0.0934871 0.819762 0.9491 0.712594 0.054519 0.00533645 0.00127659 0.00105008 0.000687879 6.65521e-05 1.45104e-05 1.0955e-05 4.09004e-05
0.00373038 0.000134919 0.00016248 0.000455695 0.000712354 0.000349 0.000532794 0.000907638 0.000461657 0.000189344 0.000162804 0.000201415 0.000420652 0.00140308 0.00615022 0.148678 0.844657 0.92685 0.492004 0.0176207 0.00201856 0.000754486 0.000628128 0.000373502 5.09158e-05 1.82478e-05 2.52929e-05 6.12209e-05
0.00967488 0.000400628 0.000245374 0.000613899 0.00109679 0.00062624 0.000890526 0.00102626 0.000422568 0.000252667 0.00026563 0.000293328 0.000513497 0.00134948 0.00609884 0.157781 0.882538 0.941454 0.426091 0.00926825 0.000994053 0.000398948 0.000284421 0.000205021 5.72433e-05 3.52302e-05 4.76744e-05 6.73836e-05
0.00699533 0.000269587 0.000339969 0.00146579 0.00184821 0.00070186 0.000771308 0.00055133 0.000284394 0.000307838 0.000255057 0.000204014 0.000332405 0.000715082 0.00348407 0.126833 0.897532 0.948755 0.422495 0.00777157 0.000732673 0.000285228 0.000144778 0.000138266 9.48834e-05 9.51637e-05 7.99956e-05 6.39989e-05
0.00301204 0.00013398 0.000653001 0.0034957 0.00218202 0.000475742 0.000353713 0.000243322 0.000249779 0.000403909 0.000161205 7.79787e-05 0.000187083 0.00063206 0.00461514 0.223607 0.92673 0.923762 0.264372 0.00442771 0.000479268 0.000202144 0.000112566 0.000167969 0.000184905 0.000174635 9.28462e-05 5.23008e-05
0.002411 0.000148086 0.00154975 0.00928603 0.004919 0.00113678 0.000436705 0.00022081 0.000437139 0.00112521 0.00038515 0.000151276 0.000265533 0.00114008 0.0229525 0.60456 0.937104 0.770601 0.0638823 0.000930947 0.000145339 0.000100656 7.57504e-05 0.000141738 0.000170692 0.000122298 3.54663e-05 2.78851e-05
0.00249605 0.000218651 0.00232921 0.019206 0.0131322 0.0018613 0.000402773 0.00018239 0.000429004 0.00208243 0.00129287 0.000395432 0.000678631 0.00688619 0.141913 0.860675 0.916707 0.261787 0.00562549 0.000111967 2.3321e-05 2.51005e-05 2.72189e-05 5.41871e-05 4.30739e-05 2.69421e-05 7.14215e-06 1.38025e-05
0.00353959 0.000274196 0.00169879 0.0110508 0.00711815 0.000781807 0.000134056 0.000119518 0.000554261 0.00323946 0.00240614 0.000824096 0.00259051 0.046442 0.513554 0.939652 0.859404 0.0562725 0.000845235 3.12783e-05 1.10116e-05 1.57145e-05 1.60687e-05 2.14483e-05 1.08084e-05 6.56279e-06 2.09932e-06 8.67372e-06
0.00690272 0.000461204 0.00125603 0.00314768 0.00190338 0.000445543 0.000185463 0.000327523 0.00207515 0.00608858 0.00239861 0.00124348 0.00557644 0.0829164 0.485597 0.812974 0.635586 0.0326213 0.00118678 0.000138296 7.91829e-05 0.000100037 7.11963e-05 6.28277e-05 3.14647e-05 2.04754e-05 7.0042e-06 3.82162e-05
0.022873 0.00448845 0.00433999 0.00413484 0.00378225 0.00250139 0.00211715 0.00321845 0.00790599 0.0110891 0.0058845 0.00461569 0.0130868 0.0582323 0.127242 0.230253 0.183687 0.0320484 0.0071217 0.00289151 0.0024842 0.00255124 0.00174615 0.00151487 0.00137015 0.00110364 0.000815098 0.0032974
