0.00765221 0.000320279 0.000313164 0.000998215 0.00333593 0.00404257 0.00224852 0.000899019 0.00046405 0.000385988 0.000679002 0.00117302 0.00153657 0.00148122 0.000890551 0.000543856 0.00060553 0.00115809 0.00178808 0.00285875 0.00278388 0.00161706 0.000998753 0.000860325 0.00113128 0.00111638 0.00089555 0.00165859
0.00314902 4.16697e-05 3.40093e-05 0.000108477 0.000644451 0.000846877 0.000287493 9.5617e-05 4.7154e-05 4.47981e-05 0.000130848 0.000359546 0.000911508 0.00117426 0.000307196 7.83978e-05 9.81051e-05 0.000303202 0.00105035 0.00275012 0.00121741 0.000238705 0.000108246 0.000138564 0.000267764 0.000281149 0.000165657 0.00012545
0.00739407 0.000182864 9.72426e-05 0.000214932 0.00110934 0.00141408 0.000489804 0.000195045 0.000180121 0.000248561 0.00079036 0.00376156 0.0126549 0.0111045 0.00179731 0.000286942 0.000409043 0.00319495 0.0169246 0.0244556 0.00454847 0.000446622 0.000257669 0.000590048 0.00080282 0.000564081 0.000358025 0.000157663
0.00756951 0.000230057 7.98551e-05 0.000145873 0.000496109 0.000752642 0.000649208 0.000458745 0.00053915 0.000884028 0.00315355 0.0201755 0.078598 0.0471563 0.00540184 0.000793458 0.00109413 0.00758975 0.0215629 0.0105867 0.00130034 0.000197892 0.000226577 0.000682341 0.000732981 0.000386233 0.000168403 8.18176e-05
0.00772548 0.000234488 0.000117735 0.000220065 0.000722661 0.00176463 0.0039071 0.00416014 0.00509509 0.0127204 0.0434296 0.14435 0.269813 0.105155 0.0112621 0.00213339 0.00286773 0.0102275 0.0180362 0.00686437 0.00127797 0.000506885 0.000743668 0.00171905 0.00108214 0.000348037 6.89229e-05 3.34788e-05
0.00461498 8.18366e-05 3.74279e-05 8.22017e-05 0.000378934 0.00181307 0.00821199 0.0156547 0.0257148 0.101819 0.270839 0.258317 0.14025 0.0218304 0.00317955 0.00156017 0.00256928 0.00621049 0.0095981 0.00507103 0.00154156 0.000851665 0.000924018 0.000805964 0.000382731 0.000134763 2.8793e-05 2.10275e-05
0.00332781 2.45957e-05 9.81717e-06 3.62406e-05 0.000306509 0.00180938 0.00989871 0.0312052 0.071829 0.332686 0.57191 0.22938 0.0405542 0.00462587 0.00131644 0.00169162 0.00385571 0.00925934 0.0162967 0.0167285 0.00691673 0.00240269 0.00120726 0.000409812 0.00019093 0.000101864 3.0662e-05 3.29791e-05
0.00193272 8.39262e-06 3.58939e-06 2.31146e-05 0.000315227 0.00109183 0.00325931 0.0194567 0.155927 0.645088 0.63337 0.129644 0.0136299 0.0020588 0.00123663 0.0029808 0.00756261 0.0256172 0.092356 0.186255 0.142579 0.0318135 0.00403776 0.000499317 0.000240882 0.000169375 0.000107162 0.000121749
0.00142244 8.22279e-06 4.90659e-06 3.33979e-05 0.000370975 0.000593546 0.00116014 0.019758 0.395898 0.826338 0.469361 0.0338631 0.00626193 0.00202823 0.00293926 0.0129431 0.0411787 0.183116 0.513464 0.721403 0.685353 0.319362 0.03677 0.00199167 0.000585035 0.000423271 0.000292774 0.000249126
0.006571 0.00017012 0.000172341 0.00053834 0.00198933 0.0011102 0.00120845 0.0268818 0.615735 0.877713 0.341557 0.0140061 0.00249671 0.00181716 0.00668429 0.0654466 0.381609 0.794402 0.872184 0.881953 0.906961 0.816177 0.228279 0.00701552 0.000829585 0.000238677 9.7886e-05 0.000110006
0.0451718 0.00560149 0.00609256 0.00566254 0.00747346 0.00189692 0.00199445 0.0607936 0.721717 0.832294 0.189654 0.00435714 0.00109484 0.00241713 0.012406 0.214334 0.820803 0.906149 0.790121 0.70685 0.872876 0.89732 0.297158 0.00455549 0.000372213 6.33319e-05 1.5054e-05 3.12802e-05
0.0373732 0.00469575 0.00695697 0.00636034 0.00653316 0.00244823 0.00543262 0.178819 0.789071 0.666483 0.060405 0.00106868 0.000484333 0.00484051 0.0686773 0.679911 0.941031 0.810533 0.255453 0.232389 0.739846 0.843142 0.173527 0.00215725 0.000173069 3.34144e-05 8.91217e-06 2.62806e-05
0.00890527 0.000483692 0.000966678 0.00156311 0.00199687 0.00233236 0.0172283 0.506057 0.893882 0.471419 0.0176889 0.000450814 0.000385864 0.0135151 0.323012 0.885202 0.898375 0.313341 0.0426511 0.150245 0.791194 0.813184 0.0974887 0.00163165 0.000160089 4.16159e-05 1.60656e-05 4.95859e-05
0.00411162 0.000135161 0.000295922 0.000703445 0.000769407 0.00157896 0.0333887 0.719763 0.894562 0.231562 0.00564734 0.000379186 0.000989904 0.0580176 0.741063 0.935384 0.715289 0.0796676 0.0245211 0.284578 0.901432 0.786862 0.0694759 0.00183268 0.000155357 3.53843e-05 1.33821e-05 5.19534e-05
0.00406054 0.000131563 0.000180048 0.000346258 0.000513877 0.00159581 0.0354872 0.655754 0.805334 0.110687 0.00401485 0.000685235 0.00289678 0.194675 0.924982 0.948646 0.404724 0.0264999 0.0285844 0.534606 0.920639 0.583779 0.0330198 0.00109964 7.11242e-05 1.90028e-05 6.91399e-06 3.36617e-05
0.00261219 5.22465e-05 4.59696e-05 0.000116354 0.000419722 0.00281176 0.0621905 0.75088 0.89243 0.33758 0.0304265 0.00672579 0.0179847 0.3491 0.921063 0.840739 0.0661312 0.00564063 0.0338428 0.630641 0.861699 0.353191 0.0168878 0.000601198 3.61153e-05 1.29977e-05 4.55037e-06 2.16088e-05
0.00210483 1.80713e-05 1.45516e-05 7.51603e-05 0.000665509 0.00777381 0.12836 0.804295 0.934113 0.716484 0.185002 0.0352868 0.0496017 0.405972 0.85952 0.548578 0.0298161 0.00993791 0.103704 0.709614 0.72525 0.137106 0.00611338 0.000332663 2.59187e-05 9.54147e-06 3.26411e-06 1.63878e-05
0.00165865 1.35851e-05 1.36935e-05 0.000116834 0.00156688 0.01813 0.158838 0.741748 0.898451 0.695482 0.167064 0.0269665 0.0340855 0.286858 0.706627 0.410357 0.0829389 0.0950362 0.4758 0.706899 0.337955 0.0252975 0.00212101 0.000290152 3.01055e-05 1.00297e-05 7.06145e-06 2.49547e-05
0.00160393 2.03034e-05 2.95327e-05 0.000310067 0.00260948 0.0166524 0.101656 0.443934 0.710826 0.514258 0.145048 0.0463716 0.110741 0.556755 0.722298 0.579389 0.447442 0.665186 0.807684 0.35595 0.0381318 0.00395563 0.000962076 0.000342011 5.72189e-05 2.46377e-05 3.11824e-05 7.26739e-05
0.0028341 6.67445e-05 8.51641e-05 0.000459377 0.00192943 0.00681166 0.0279377 0.122991 0.455044 0.605851 0.559135 0.519583 0.785018 0.942791 0.907391 0.899061 0.938507 0.938877 0.672302 0.037865 0.00305927 0.000849095 0.000508361 0.000418853 0.000195227 0.000138154 0.000164446 0.000170836
0.00518705 0.000135552 0.000122771 0.000271023 0.00075591 0.00204644 0.00792632 0.0679057 0.565713 0.896493 0.955713 0.967286 0.974239 0.964145 0.86111 0.906779 0.972316 0.947371 0.346507 0.00555242 0.00113273 0.00073191 0.000427789 0.000690179 0.000762776 0.000628605 0.000441805 0.000209562
0.00345709 4.99983e-05 3.00002e-05 8.17681e-05 0.00064616 0.00289442 0.00748818 0.0456951 0.519409 0.867046 0.911497 0.890768 0.812913 0.646379 0.331362 0.505112 0.866398 0.815895 0.129246 0.00339321 0.00113777 0.000796144 0.000344433 0.000547013 0.0004984 0.00025863 0.000157905 0.000103025
0.00182421 1.1908e-05 6.42985e-06 5.16709e-05 0.00116817 0.00506027 0.00516385 0.00969527 0.0673467 0.158148 0.115674 0.060643 0.0356597 0.0210517 0.0198052 0.0758666 0.234306 0.146963 0.0177516 0.00156479 0.00067362 0.000479433 0.000276621 0.000309718 0.000145751 6.18124e-05 4.60573e-05 4.45855e-05
0.00132046 6.15353e-06 2.98429e-06 2.9139e-05 0.000569509 0.00139526 0.000990153 0.00155619 0.00469504 0.00615406 0.00362055 0.00213303 0.00241596 0.00196273 0.00262573 0.010389 0.022199 0.0120862 0.00266812 0.000452108 0.00024741 0.000202899 0.000157311 0.00021673 0.000175404 0.000115082 4.49697e-05 2.66611e-05
0.0013809 3.73883e-06 1.34244e-06 8.98619e-06 8.40287e-05 0.000171012 0.00017975 0.000436609 0.00107245 0.000964802 0.00057612 0.000553273 0.000733867 0.000617177 0.000992966 0.00331962 0.00563379 0.00195893 0.000445575 0.000115075 6.06806e-05 5.0493e-05 5.5329e-05 0.00015006 0.000254454 0.000155238 3.50362e-05 1.65449e-05
0.0013909 3.15581e-06 9.17212e-07 4.22072e-06 1.72522e-05 3.10536e-05 7.42504e-05 0.000191626 0.000191751 0.000128135 0.000174223 0.000324056 0.000215221 0.000127145 0.000360684 0.00143452 0.00116191 0.000271886 0.000117704 6.5418e-05 3.68249e-05 3.32017e-05 3.55088e-05 7.39991e-05 0.000123959 4.72299e-05 8.73826e-06 7.97593e-06
0.00270551 1.83552e-05 9.07684e-06 2.21158e-05 4.6885e-05 9.04089e-05 0.000270168 0.000404328 0.000182166 0.000149604 0.000476605 0.000937785 0.000277008 0.000171752 0.000777207 0.00209287 0.000929469 0.000292706 0.000235252 0.000233285 0.000181762 0.000154102 0.000129028 0.000150044 0.000150257 5.76894e-05 1.11815e-05 2.38602e-05
0.0167707 0.0012692 0.00124963 0.00152262 0.00140401 0.00176594 0.00356666 0.00408544 0.00190974 0.00188535 0.0051387 0.00688733 0.00232898 0.00175408 0.00470416 0.00723478 0.00366406 0.00221031 0.00255976 0.00297735 0.00303903 0.00254751 0.00199842 0.00200158 0.0022375 0.0013797 0.000762283 0.00211812
