0.00987899 0.000398158 0.00031399 0.000475856 0.000525453 0.000360196 0.000383941 0.00035484 0.00049649 0.000986782 0.00200234 0.00461576 0.00611349 0.00414882 0.00143685 0.000777976 0.00213766 0.00498034 0.00571571 0.0032823 0.0027008 0.00560582 0.00741759 0.00422974 0.00123557 0.000510495 0.000767465 0.00284335
0.00248301 1.89684e-05 1.70908e-05 3.28773e-05 3.80513e-05 2.97858e-05 2.84771e-05 2.68297e-05 5.17804e-05 0.000163003 0.000289627 0.000506477 0.000586106 0.000321287 7.61848e-05 5.03486e-05 0.000294967 0.00108057 0.00112329 0.000562704 0.000603972 0.00129664 0.001665 0.000671157 8.87029e-05 3.94453e-05 4.36754e-05 0.00013922
0.00222555 1.89124e-05 1.10735e-05 2.46912e-05 4.16837e-05 3.90324e-05 3.22256e-05 3.48888e-05 0.000128635 0.000481263 0.000746875 0.000845656 0.00079538 0.000469863 0.000173261 0.000206715 0.00154638 0.00760848 0.00639386 0.00274876 0.0026958 0.0027322 0.0015645 0.000538792 6.48148e-05 2.48861e-05 2.24885e-05 5.88453e-05
0.00144482 9.01379e-06 3.05895e-06 8.35189e-06 2.38163e-05 3.28327e-05 3.34265e-05 4.30798e-05 0.000196243 0.00136888 0.00396052 0.00806878 0.0133597 0.0188498 0.0239535 0.0437661 0.184291 0.408345 0.24893 0.0496974 0.00825376 0.000882006 0.000247782 0.000122906 2.54629e-05 1.39947e-05 8.83683e-06 2.60291e-05
0.00113864 5.19924e-06 2.5531e-06 1.2849e-05 4.62284e-05 7.57953e-05 0.000114874 0.000161452 0.00124909 0.0293298 0.164735 0.380959 0.673383 0.862402 0.946278 0.962476 0.974436 0.983731 0.9313 0.457617 0.0345039 0.000737658 0.000173025 0.000169479 3.91499e-05 2.09419e-05 9.64911e-06 2.40834e-05
0.00107428 5.66943e-06 3.87664e-06 3.21949e-05 0.000149758 0.000211907 0.000276237 0.000392789 0.00514706 0.25156 0.825539 0.934071 0.964987 0.978112 0.987405 0.981314 0.97113 0.988551 0.979562 0.716417 0.039923 0.000542916 0.000119465 9.92833e-05 2.16773e-05 1.523e-05 1.1036e-05 2.82095e-05
0.00128092 1.16541e-05 1.12192e-05 0.000107416 0.000469461 0.000418603 0.000516212 0.000923746 0.0129574 0.543388 0.935915 0.949632 0.930436 0.903342 0.865741 0.709217 0.657607 0.938243 0.985087 0.850281 0.0302492 0.000268621 8.37769e-05 8.04945e-05 2.00942e-05 1.73891e-05 1.66488e-05 2.90956e-05
0.00216798 3.16986e-05 3.34817e-05 0.000215391 0.000762771 0.000616426 0.000907374 0.00241538 0.0412694 0.577709 0.812081 0.679542 0.478677 0.339544 0.15894 0.0670112 0.10836 0.676169 0.972001 0.849894 0.0201892 0.000238529 0.00010345 0.000181614 0.000125746 0.000111882 5.98067e-05 3.43709e-05
0.00366157 8.17079e-05 7.89752e-05 0.000268241 0.000704162 0.000685261 0.000951808 0.00318102 0.0363018 0.159406 0.122596 0.0686251 0.0478181 0.0302695 0.0206761 0.015524 0.0496203 0.617567 0.971593 0.865062 0.0317481 0.000612342 0.000282761 0.00094293 0.00168396 0.000879908 0.000163819 3.42628e-05
0.00707009 0.000228671 0.000160165 0.000308359 0.00086928 0.00126556 0.00192592 0.00474929 0.0121647 0.0115352 0.00736982 0.00728141 0.00684631 0.00594983 0.0127312 0.0211713 0.0600967 0.626224 0.973775 0.898427 0.0653632 0.00192543 0.00100843 0.00367386 0.00571339 0.00138377 0.00014796 3.00178e-05
0.0125313 0.000504688 0.000266829 0.000405686 0.00142638 0.00275001 0.00383708 0.00521114 0.00390086 0.00256795 0.00405093 0.00447574 0.00328079 0.00552647 0.0187792 0.0286103 0.0625202 0.649077 0.977611 0.892533 0.0851283 0.00347022 0.00208 0.00496425 0.00353634 0.000687849 0.000106036 3.19576e-05
0.013831 0.000478101 0.000141019 0.000164338 0.000616604 0.00146155 0.00298213 0.00398098 0.00240036 0.00198552 0.00334251 0.00337605 0.00568883 0.0339246 0.0812705 0.071361 0.122203 0.76286 0.979006 0.814422 0.0578387 0.00278608 0.00211137 0.00649335 0.004217 0.000848094 0.000146613 3.88691e-05
0.0101235 0.00018845 3.8885e-05 4.16637e-05 0.000176022 0.000686159 0.00256888 0.00448337 0.0036954 0.00272457 0.00233401 0.00356943 0.0211957 0.166862 0.236791 0.229174 0.425331 0.907285 0.969489 0.505377 0.0156963 0.00151485 0.00193025 0.00875692 0.00714944 0.00110432 0.000148957 4.22366e-05
0.00633255 8.95605e-05 2.19841e-05 3.69986e-05 0.000174715 0.000751102 0.00263143 0.00416526 0.00508209 0.00397848 0.00140692 0.00204971 0.0141391 0.0636207 0.157167 0.442366 0.845756 0.974119 0.957624 0.260644 0.00687074 0.000930395 0.00107011 0.00359183 0.00282734 0.000480191 9.07703e-05 4.55554e-05
0.00395303 5.65236e-05 2.29691e-05 6.46783e-05 0.000398588 0.00158923 0.00303197 0.00363806 0.00462771 0.00320392 0.00108682 0.00130122 0.00617338 0.0201579 0.0988579 0.708197 0.96364 0.982942 0.90503 0.0888926 0.00319927 0.000534192 0.000412059 0.000821093 0.000601817 0.000166827 5.75857e-05 5.69421e-05
0.00230281 2.52315e-05 1.60368e-05 0.000101075 0.00105639 0.00572691 0.00783572 0.00722914 0.00694589 0.00466008 0.00412009 0.0100306 0.0373045 0.0968348 0.407797 0.899865 0.974095 0.95141 0.493453 0.0100511 0.000585305 0.000167242 0.000154226 0.000301669 0.000287135 0.000138143 8.946e-05 0.000103896
0.00174381 1.29359e-05 1.09675e-05 0.000199119 0.00453682 0.0305524 0.0678604 0.054571 0.029361 0.0284696 0.0657694 0.263167 0.562318 0.768723 0.938023 0.975269 0.957565 0.723644 0.0947524 0.00335531 0.000375102 0.000177773 0.000262911 0.00059072 0.000540781 0.000265403 0.000174577 0.000165925
0.00136972 9.61276e-06 1.37823e-05 0.000371555 0.00786522 0.0538345 0.201057 0.309543 0.251897 0.342263 0.638941 0.852842 0.948371 0.972709 0.982858 0.978575 0.920139 0.673856 0.212646 0.0318993 0.00601482 0.00193867 0.00168012 0.00156224 0.000564419 0.000127392 6.62336e-05 0.000109406
0.00174399 1.69656e-05 3.19099e-05 0.00050831 0.00657242 0.0330135 0.178621 0.520114 0.698145 0.813566 0.915164 0.954359 0.980562 0.988622 0.98267 0.967761 0.9458 0.914009 0.827663 0.54319 0.162041 0.0422022 0.0172918 0.00379367 0.000359977 4.24728e-05 1.53868e-05 4.55377e-05
0.00571644 0.000117771 0.000155193 0.000707058 0.00464218 0.0220798 0.240326 0.77618 0.924543 0.950268 0.966227 0.972963 0.981361 0.977042 0.913252 0.818765 0.86103 0.930055 0.939593 0.911847 0.789628 0.640022 0.321935 0.0327422 0.00101143 5.33537e-05 1.90653e-05 4.21758e-05
0.0166476 0.000530515 0.000401041 0.000539225 0.00352398 0.0378269 0.531482 0.949742 0.981844 0.983717 0.971788 0.956027 0.897925 0.499318 0.0924151 0.03679 0.0861255 0.305652 0.595258 0.823755 0.900016 0.922973 0.699411 0.0957036 0.00348609 0.000175321 7.39783e-05 0.000101066
0.0257553 0.00102435 0.000607513 0.000609255 0.00505886 0.0614786 0.672742 0.957264 0.973949 0.962365 0.815517 0.514486 0.114142 0.00645689 0.000829915 0.000566703 0.00245864 0.0106617 0.052498 0.264082 0.64672 0.887099 0.750271 0.240336 0.017393 0.000910461 0.000268626 0.000173126
0.0188083 0.000843391 0.000586802 0.000690179 0.00452564 0.0356364 0.296041 0.672174 0.708722 0.500987 0.123847 0.0213264 0.00259053 0.000359092 0.000197821 0.000334629 0.00100715 0.00219777 0.00848579 0.0559126 0.198461 0.500633 0.463337 0.173028 0.0205054 0.00140262 0.000296023 0.000134754
0.00839016 0.000274916 0.000246206 0.000469 0.00233959 0.00767647 0.0159361 0.0241983 0.0252779 0.0141977 0.00559963 0.00195714 0.000595126 0.00028745 0.000519061 0.00101187 0.00132442 0.00126677 0.00202591 0.00762241 0.016027 0.0303328 0.0239059 0.00797799 0.00129897 0.000197075 6.39267e-05 6.52417e-05
0.00493302 7.77932e-05 5.31364e-05 0.000155708 0.000465197 0.000488339 0.000339254 0.000247401 0.000237693 0.000322562 0.000522491 0.000475635 0.00050703 0.000700685 0.000931441 0.000820477 0.000534255 0.000250657 0.000197186 0.000303238 0.000411162 0.000528562 0.000373239 0.0001993 4.78993e-05 2.08162e-05 1.60125e-05 3.48173e-05
0.00305111 2.43321e-05 1.20182e-05 3.43413e-05 7.78107e-05 4.96081e-05 1.89823e-05 1.10742e-05 1.04088e-05 1.73036e-05 3.95089e-05 7.26694e-05 0.000304693 0.0011897 0.00121788 0.000499397 0.000127775 2.81217e-05 1.69521e-05 1.83808e-05 2.16184e-05 2.85843e-05 2.64392e-05 2.23537e-05 1.09012e-05 9.06398e-06 6.27713e-06 1.72293e-05
0.00434086 6.07042e-05 3.6173e-05 7.72941e-05 0.000135012 9.05918e-05 3.76414e-05 2.35986e-05 2.6302e-05 3.11236e-05 3.84026e-05 8.8744e-05 0.000642894 0.00275407 0.00300912 0.000947927 0.000198347 4.74641e-05 3.36462e-05 4.08297e-05 5.44435e-05 7.52805e-05 7.5192e-05 6.99575e-05 4.91891e-05 3.30623e-05 1.13672e-05 3.78113e-05
0.01775 0.00183457 0.00134499 0.00158303 0.00210939 0.00192344 0.00145024 0.00117412 0.00141535 0.0014729 0.0012093 0.00180994 0.00453553 0.00821736 0.009198 0.00548358 0.00278896 0.00145454 0.00134429 0.00153358 0.00191081 0.00222076 0.0019327 0.00168652 0.00187259 0.0013734 0.00075915 0.00233445
