0.0119198 0.000386232 0.000177738 0.000387851 0.00128267 0.00223495 0.00306769 0.0029022 0.00147127 0.000684167 0.00074974 0.00144085 0.00174292 0.00114023 0.000738379 0.000549466 0.000739261 0.00125868 0.00155957 0.00181832 0.00161712 0.0011386 0.00118436 0.00151315 0.00149651 0.000916803 0.000544567 0.00150276
0.00249411 1.32903e-05 8.00175e-06 3.17681e-05 0.00013443 0.000325397 0.000831688 0.00102398 0.000323857 0.000119798 0.000189766 0.000427051 0.000401159 0.000209933 0.00012632 0.000116082 0.000211961 0.000413477 0.000517402 0.000488733 0.000266969 0.000130785 0.000171341 0.000304676 0.000260805 0.000101017 2.52968e-05 7.2033e-05
0.00158862 9.75966e-06 9.34959e-06 6.1588e-05 0.000279972 0.00113622 0.00370186 0.00351477 0.00100281 0.00051103 0.00103303 0.00170831 0.00114663 0.000554761 0.000427824 0.000617205 0.00113467 0.00194577 0.00243484 0.00170148 0.000700259 0.000371508 0.000665556 0.00148899 0.000512707 6.55321e-05 1.53512e-05 4.92489e-05
0.00141078 1.02185e-05 9.69171e-06 7.04908e-05 0.000429208 0.00205678 0.00406549 0.00227788 0.000933523 0.000818355 0.00108476 0.00100649 0.000722106 0.000566712 0.000630064 0.000842262 0.00104069 0.001669 0.00303623 0.0022576 0.00105136 0.00119257 0.00470425 0.00875279 0.000833755 3.33598e-05 9.47906e-06 2.82607e-05
0.00230956 3.1898e-05 3.87473e-05 0.000392659 0.0039784 0.0108349 0.00844363 0.00318873 0.00224316 0.00275907 0.00249143 0.00188151 0.00195664 0.00239953 0.00273434 0.00233329 0.00261793 0.00617038 0.014277 0.00987559 0.00442002 0.00996661 0.0567231 0.0530417 0.00190506 3.95431e-05 1.29341e-05 2.50108e-05
0.00580311 0.000170645 0.000149031 0.000930899 0.00937316 0.0140639 0.00485863 0.00148116 0.00185913 0.00411292 0.00293431 0.00221881 0.00334589 0.00371466 0.00249841 0.00207414 0.00669446 0.0271215 0.0321715 0.00833681 0.00330033 0.012136 0.068482 0.0598674 0.003129 0.000113627 4.22899e-05 3.88346e-05
0.0135189 0.000504131 0.000252049 0.000984232 0.00904067 0.00902112 0.00243897 0.000865434 0.00232522 0.0101875 0.00698552 0.00511716 0.00909685 0.00995333 0.00501205 0.00706294 0.0459469 0.105958 0.030017 0.00247257 0.001301 0.00656228 0.0220643 0.0221485 0.00380118 0.000340181 9.78951e-05 5.47581e-05
0.00816686 0.000211049 0.000128516 0.000825917 0.00909526 0.00793213 0.00190123 0.00116118 0.00667787 0.0664102 0.0936993 0.0906619 0.157248 0.19768 0.140428 0.202974 0.411523 0.205876 0.0133399 0.00066011 0.000616067 0.00292637 0.00674049 0.00787398 0.001901 0.000211694 6.48506e-05 5.14662e-05
0.00379313 6.41948e-05 7.53929e-05 0.00100836 0.00699791 0.00402582 0.00238487 0.00323902 0.0219358 0.337495 0.668037 0.706183 0.821471 0.886295 0.877082 0.87267 0.78028 0.254824 0.0127903 0.000654426 0.000738167 0.00282164 0.00372341 0.00355021 0.00062187 8.31234e-05 2.92102e-05 3.91891e-05
0.00608406 0.000129317 0.000254815 0.00226588 0.0043728 0.000951638 0.000693041 0.00232412 0.0428039 0.722494 0.938695 0.920487 0.930276 0.952734 0.954946 0.964434 0.929549 0.568499 0.0552465 0.00298451 0.00288036 0.00432103 0.00196326 0.00110859 0.000149106 3.02192e-05 1.36559e-05 3.44676e-05
0.0138352 0.000542933 0.000892642 0.00185727 0.00133614 0.000185356 0.000166454 0.00164983 0.0666099 0.81061 0.914619 0.718398 0.53211 0.615337 0.745826 0.900455 0.955301 0.852019 0.192893 0.0133274 0.00767267 0.00366264 0.00104976 0.000438236 4.98787e-05 1.76853e-05 1.06618e-05 3.96817e-05
0.0213302 0.00103083 0.00107712 0.000904894 0.000867404 0.000332673 0.000542047 0.00771937 0.265612 0.882376 0.796823 0.20759 0.0428862 0.0434478 0.125903 0.537796 0.933143 0.908202 0.224957 0.0118033 0.00332898 0.000762634 0.000215381 0.000106819 1.56379e-05 9.00449e-06 6.85415e-06 3.00028e-05
0.0176779 0.000877676 0.000846621 0.000841402 0.00192402 0.00212968 0.00418548 0.0491432 0.628628 0.931083 0.691617 0.0667676 0.0123414 0.0100528 0.0226523 0.245068 0.91268 0.923153 0.222987 0.00493434 0.000563978 0.000102158 4.49441e-05 4.21501e-05 1.04899e-05 6.66154e-06 4.75856e-06 1.66081e-05
0.00573715 0.000178373 0.000223772 0.000479226 0.00144361 0.00203114 0.00519516 0.0628888 0.586106 0.893046 0.643718 0.096217 0.0249228 0.0141964 0.0174398 0.167495 0.900442 0.92728 0.210264 0.00351814 0.000341833 9.03349e-05 5.10538e-05 5.80944e-05 2.58264e-05 1.558e-05 9.41666e-06 1.70869e-05
0.00216943 4.60624e-05 5.52324e-05 0.000166292 0.000368656 0.000527917 0.00189202 0.0349836 0.514232 0.909642 0.822449 0.41215 0.112965 0.0204178 0.0202359 0.223664 0.923977 0.938268 0.200316 0.00306124 0.000442729 0.00019467 0.00011415 0.000135177 7.93588e-05 3.63284e-05 2.18466e-05 2.49398e-05
0.00162567 2.46778e-05 2.58402e-05 9.89771e-05 0.000213153 0.000266215 0.000847747 0.0123562 0.283724 0.867635 0.901383 0.739493 0.198255 0.017567 0.0134852 0.188398 0.913355 0.916768 0.131515 0.00212376 0.0005641 0.00035923 0.000187068 0.000196421 0.000119572 4.86022e-05 2.83512e-05 2.9613e-05
0.00187054 2.21397e-05 1.45547e-05 5.93663e-05 0.00016249 0.000179711 0.000394262 0.00296549 0.041838 0.367165 0.653608 0.414375 0.038961 0.0041892 0.00693495 0.171418 0.897623 0.888015 0.112375 0.00283115 0.00102858 0.000508954 0.000227464 0.000211767 0.00010961 5.25546e-05 2.93303e-05 3.36146e-05
0.00162684 1.51325e-05 6.67563e-06 2.40084e-05 7.52235e-05 8.77901e-05 0.000163119 0.00060815 0.00273259 0.0145166 0.0468317 0.0236498 0.00437707 0.00234289 0.00730834 0.178014 0.895366 0.906954 0.215038 0.00864618 0.00199482 0.000437424 0.000206582 0.000304648 0.00014203 5.96995e-05 2.45521e-05 2.87114e-05
0.00132275 7.41863e-06 3.02143e-06 1.1186e-05 3.63364e-05 5.31897e-05 7.44764e-05 0.000119848 0.000289931 0.00100579 0.00295957 0.00332425 0.00274246 0.00413816 0.0107053 0.170857 0.897243 0.920696 0.327901 0.0144274 0.00197479 0.000320278 0.000188563 0.000391961 0.000160805 5.00417e-05 1.47837e-05 1.98874e-05
0.00114309 5.55838e-06 2.20788e-06 9.32331e-06 3.73453e-05 6.35029e-05 8.57795e-05 0.000106107 0.000201505 0.000522759 0.000856313 0.000964413 0.00200627 0.00446547 0.0100406 0.140358 0.855913 0.907199 0.357246 0.0130266 0.00110022 0.000265573 0.000228003 0.000400506 0.000140298 3.93378e-05 1.70953e-05 2.27794e-05
0.00114387 5.08911e-06 2.31677e-06 1.34078e-05 7.57281e-05 0.000154475 0.000183749 0.000269324 0.000645619 0.00106811 0.00103329 0.000844292 0.00125595 0.00225039 0.00475051 0.0575885 0.653072 0.828438 0.346141 0.0125506 0.00079879 0.000276886 0.000242741 0.000323045 0.000180957 8.55006e-05 4.86582e-05 5.354e-05
0.00117085 5.33538e-06 2.60472e-06 1.66485e-05 9.43681e-05 0.000166653 0.000186398 0.000310635 0.00087822 0.00111661 0.000927556 0.000954538 0.00111922 0.00159382 0.00270172 0.0256638 0.458178 0.759034 0.336555 0.0123272 0.000897721 0.000298368 0.000166648 0.000253075 0.000426047 0.000449025 0.000294364 0.000164779
0.00118675 5.94336e-06 2.83217e-06 1.68185e-05 0.000106216 0.000177684 0.00021803 0.000342038 0.000583607 0.000615303 0.000642664 0.000933145 0.0011726 0.00209897 0.00495202 0.0414806 0.560414 0.857127 0.399312 0.0173776 0.0024347 0.000507272 0.000224473 0.000487545 0.00113779 0.00195006 0.00113726 0.000324463
0.00202427 1.54392e-05 7.57747e-06 3.78641e-05 0.000232566 0.000378589 0.000604207 0.000893115 0.000823733 0.000451406 0.000330449 0.000415509 0.000712376 0.00175875 0.00472924 0.0544646 0.677202 0.933937 0.632441 0.0588298 0.0103896 0.00160806 0.00119411 0.00366477 0.00373053 0.00255719 0.000826073 0.000230423
0.0035453 2.57808e-05 1.12932e-05 4.75837e-05 0.000279051 0.000521936 0.000850511 0.000878562 0.000409598 9.98335e-05 4.83466e-05 6.50926e-05 0.000182227 0.000423357 0.0010863 0.0307584 0.686741 0.947494 0.766759 0.0892313 0.00936122 0.0022248 0.00347448 0.0101608 0.0032876 0.000645759 0.000161122 6.84676e-05
0.00293748 1.65764e-05 7.35439e-06 3.60286e-05 0.00019507 0.000445561 0.000837387 0.00054307 0.000109454 1.86325e-05 1.16999e-05 2.03087e-05 3.82593e-05 6.35103e-05 0.000400116 0.0245108 0.631727 0.906235 0.653307 0.0441865 0.00261087 0.000828692 0.0011437 0.00174238 0.000414782 6.45297e-05 1.82336e-05 1.76743e-05
0.00365027 4.69403e-05 3.72953e-05 0.000132989 0.000452676 0.000933839 0.00171125 0.000866898 0.000171746 4.38081e-05 4.63141e-05 7.7521e-05 5.99499e-05 8.48264e-05 0.000557375 0.018122 0.215356 0.433821 0.17821 0.011347 0.00172725 0.000650027 0.000462461 0.000515561 0.000216788 5.32569e-05 1.70308e-05 4.29212e-05
0.0163738 0.00159424 0.00178744 0.00260128 0.00320392 0.00422223 0.00624164 0.00453963 0.00214906 0.00122331 0.00177981 0.00225157 0.0016025 0.00172287 0.00469014 0.0257668 0.0478441 0.0611959 0.0343069 0.00751553 0.00466151 0.0033848 0.00225124 0.00247867 0.00215189 0.00116865 0.000845379 0.00289696
