0.010612 0.000546214 0.00054093 0.00125564 0.00137497 0.000591221 0.000379155 0.000363926 0.000382011 0.000491125 0.000689558 0.000705378 0.000734955 0.00130972 0.00390837 0.00457953 0.0016167 0.00054996 0.000272701 0.000255345 0.000295759 0.000300264 0.000317655 0.000420254 0.000642913 0.000731225 0.000831567 0.002655
0.00387131 7.31153e-05 0.000116141 0.00047369 0.000398266 0.000100163 4.96445e-05 4.65298e-05 4.33117e-05 7.3574e-05 0.000120381 9.50275e-05 6.871e-05 0.000117701 0.000490041 0.000502022 0.000110668 2.69869e-05 1.40837e-05 1.52559e-05 1.6938e-05 1.84817e-05 2.4097e-05 4.3981e-05 7.58109e-05 7.76596e-05 7.77581e-05 0.000233977
0.00821359 0.000395644 0.000608377 0.00189327 0.00127779 0.000261145 0.00016665 0.000131443 8.43972e-05 0.000178648 0.000302478 0.000187246 0.000179877 0.000411618 0.00123024 0.00111731 0.000231834 3.93286e-05 2.00978e-05 1.95896e-05 1.87005e-05 2.50367e-05 3.98804e-05 8.86674e-05 9.27566e-05 7.14549e-05 0.000103069 0.000245123
0.0186228 0.00213673 0.00473288 0.00707137 0.00198843 0.000226162 0.000138655 0.000118748 0.000152787 0.000683999 0.00107611 0.0012118 0.00465552 0.0229904 0.0463497 0.0247512 0.00285305 0.000183328 5.7347e-05 2.77503e-05 2.16129e-05 3.63194e-05 5.98425e-05 0.000126753 6.38324e-05 3.12111e-05 2.78738e-05 8.60376e-05
0.0285774 0.0042379 0.0182017 0.0135298 0.00247749 0.000245357 0.000142499 0.000236787 0.00160441 0.0128015 0.0236991 0.0761084 0.402353 0.790703 0.830683 0.626478 0.123801 0.00420468 0.000631 0.000141426 7.3958e-05 0.000148904 0.000221447 0.000338377 7.77547e-05 2.06644e-05 7.9568e-06 2.75693e-05
0.0108197 0.000607269 0.00161511 0.00116686 0.000363341 0.000104504 7.35776e-05 0.000151606 0.00234446 0.0266482 0.102158 0.46971 0.821009 0.939001 0.949344 0.936212 0.785783 0.129907 0.0112018 0.000976317 0.000255184 0.000234085 0.000237452 0.000248877 4.45177e-05 1.42512e-05 5.30009e-06 2.11126e-05
0.00395819 7.62159e-05 8.72846e-05 0.000124876 0.000107485 6.21269e-05 5.75525e-05 0.000112523 0.00113649 0.016598 0.106087 0.36291 0.440403 0.48618 0.637065 0.871226 0.911069 0.487542 0.0431343 0.00197793 0.000347656 0.000191777 0.000169686 0.000177656 3.07751e-05 1.18272e-05 5.01349e-06 2.29236e-05
0.00227137 2.18977e-05 1.54132e-05 4.24075e-05 0.000101458 7.66589e-05 7.73381e-05 0.000255471 0.00211399 0.0168593 0.040839 0.0432962 0.0242166 0.0195556 0.0665012 0.400137 0.759824 0.422287 0.0299018 0.00158256 0.000285981 0.000156601 0.000137721 0.000170306 4.27055e-05 1.28417e-05 6.21638e-06 2.40301e-05
0.00240198 2.38134e-05 1.8907e-05 6.80134e-05 0.000196211 0.000141903 0.000140478 0.000771427 0.00495572 0.0129863 0.010136 0.00460831 0.00521433 0.0111118 0.0666379 0.415013 0.602029 0.203189 0.0126757 0.000966242 0.000254257 0.000172588 0.000177461 0.000358837 0.000147036 2.55256e-05 1.08953e-05 3.10702e-05
0.00567681 0.00011227 7.69064e-05 0.000148415 0.000266724 0.000188752 0.000386829 0.00236082 0.00402244 0.00389987 0.00367433 0.00322845 0.0102359 0.0507952 0.297874 0.594178 0.320092 0.0263169 0.00249597 0.000608297 0.000247501 0.000378131 0.00124351 0.00447995 0.00141591 0.000106735 5.32562e-05 8.69704e-05
0.00996385 0.00028096 0.000161737 0.000165898 0.000223217 0.000233941 0.000932913 0.00390074 0.00328861 0.00338562 0.00798111 0.0211323 0.0719555 0.357324 0.764702 0.601426 0.0752506 0.00292514 0.000622224 0.000513041 0.000389695 0.00151961 0.0217584 0.0765755 0.0130683 0.000883225 0.000481541 0.000399909
0.0106403 0.000313028 0.000127039 0.000108986 0.000168175 0.00024562 0.0012509 0.00398319 0.00370313 0.0120565 0.0933094 0.333819 0.549689 0.81598 0.866874 0.34482 0.0111187 0.000482081 0.000184735 0.00018838 0.000266407 0.00216358 0.0589546 0.189811 0.0343546 0.00548288 0.00384273 0.00147095
0.00852319 0.000182288 5.45237e-05 5.51687e-05 0.000128329 0.000237387 0.00102197 0.0028062 0.00646188 0.0724073 0.539129 0.843554 0.851126 0.886246 0.767234 0.120506 0.00572008 0.000366426 0.00015711 0.000143806 0.000242857 0.00221228 0.022109 0.0506647 0.0164991 0.00736488 0.00634434 0.00171177
0.00468732 6.37625e-05 2.46921e-05 4.10792e-05 0.000121641 0.000248643 0.000858613 0.00236328 0.0127425 0.198239 0.782513 0.93516 0.913342 0.905308 0.778874 0.293402 0.0640459 0.00637423 0.00197439 0.00157683 0.00268987 0.00841383 0.0100487 0.00730268 0.00309444 0.00170649 0.0011071 0.000474342
0.00258133 3.13068e-05 1.6093e-05 3.89804e-05 0.000126147 0.000242831 0.000681447 0.00184951 0.0114115 0.158381 0.595643 0.806676 0.780111 0.695365 0.566073 0.479269 0.433254 0.148397 0.0425123 0.030965 0.038068 0.021415 0.00553547 0.00237299 0.000921269 0.000346231 0.000149399 0.000105724
0.00263052 3.05003e-05 1.19622e-05 2.73777e-05 0.000140118 0.000364991 0.00069318 0.00134873 0.00486009 0.0270916 0.0859173 0.158057 0.176381 0.135334 0.116228 0.189019 0.262254 0.154597 0.0726695 0.0459909 0.0282181 0.00557572 0.00135382 0.000968561 0.000375372 9.19038e-05 3.07843e-05 4.05464e-05
0.00367557 3.71112e-05 9.43384e-06 2.29501e-05 0.000136696 0.000384453 0.000498883 0.00066819 0.00131924 0.0023988 0.00479376 0.0104026 0.0147473 0.0135591 0.0166598 0.0260203 0.0284296 0.0347868 0.076022 0.0593869 0.0118599 0.00158277 0.000804409 0.000798327 0.000161165 2.93649e-05 1.33422e-05 3.16125e-05
0.00257885 2.01823e-05 6.04535e-06 2.11342e-05 9.92434e-05 0.00018035 0.000214675 0.000265905 0.000373079 0.00045975 0.000958674 0.00223807 0.00280924 0.00349525 0.00746111 0.01064 0.00867905 0.0283174 0.282485 0.324897 0.0426944 0.00383915 0.00177901 0.00108835 0.000140161 2.99766e-05 1.5998e-05 3.45839e-05
0.0014045 8.6608e-06 4.01485e-06 1.79898e-05 5.71334e-05 7.15786e-05 0.000127511 0.000258828 0.000380693 0.000646727 0.00206796 0.00344311 0.0020861 0.00286411 0.00860284 0.00912554 0.00832144 0.100854 0.713268 0.659607 0.130346 0.00850274 0.00259077 0.00119582 0.000198662 5.72237e-05 3.16575e-05 4.93828e-05
0.00134031 8.02e-06 4.91601e-06 2.3957e-05 5.39134e-05 7.03289e-05 0.000237375 0.000847401 0.0016402 0.00336946 0.00618542 0.00404331 0.00250933 0.00404339 0.0054718 0.00534398 0.0231778 0.479694 0.893742 0.64397 0.081912 0.00432594 0.00113024 0.000600637 0.000158874 6.93923e-05 6.06547e-05 7.66521e-05
0.00138799 1.02929e-05 7.29422e-06 3.97857e-05 0.000109995 0.000229226 0.00130047 0.00585722 0.0106206 0.0172427 0.0125529 0.00441568 0.00599599 0.00903098 0.0053846 0.012683 0.174349 0.799947 0.811216 0.205811 0.0147376 0.0010549 0.000394487 0.000356158 0.000146999 0.000104646 0.000112973 9.75788e-05
0.00200617 2.18429e-05 1.6114e-05 7.72271e-05 0.00030847 0.000834823 0.00456392 0.0289858 0.101574 0.18764 0.0894516 0.0228567 0.0318281 0.0457999 0.0544332 0.241396 0.737994 0.840851 0.400282 0.0251247 0.00251515 0.000412521 0.000242635 0.000373093 0.000356366 0.000269503 0.000132324 6.98399e-05
0.00321577 5.43831e-05 4.06192e-05 0.000154973 0.000982231 0.00279802 0.0107958 0.134984 0.58774 0.775458 0.650481 0.250323 0.212249 0.40295 0.60823 0.852429 0.884289 0.579654 0.0684146 0.00357804 0.000683689 0.000322943 0.000258398 0.000580432 0.000799925 0.000323643 7.15152e-05 3.44017e-05
0.00474996 0.000114972 8.49739e-05 0.000302212 0.00300147 0.01074 0.0408425 0.356318 0.77543 0.815621 0.692971 0.389692 0.435704 0.742866 0.790102 0.750784 0.46484 0.0758146 0.00589379 0.000633526 0.000270206 0.000293928 0.00040061 0.00103874 0.000957422 0.000212463 3.1298e-05 2.40201e-05
0.00609912 0.000124968 8.53017e-05 0.000363247 0.00360315 0.013804 0.0425729 0.126253 0.109522 0.0359326 0.0224509 0.0297872 0.143349 0.374231 0.184626 0.0548189 0.0109826 0.00168128 0.000408257 0.000142309 0.000108842 0.00019724 0.000350749 0.000598291 0.000222329 5.2597e-05 9.78304e-06 2.10464e-05
0.00582681 0.000102176 7.87811e-05 0.000398236 0.00294307 0.00744463 0.00991269 0.0066679 0.00101582 0.000185144 0.000286385 0.0013165 0.0154051 0.0351414 0.00767581 0.00150155 0.000255966 5.83344e-05 2.54282e-05 1.95403e-05 4.37844e-05 0.000154485 0.000244168 0.000211138 3.19235e-05 8.17355e-06 2.39586e-06 1.30316e-05
0.0076335 0.000268722 0.000338361 0.00113134 0.00346492 0.0054962 0.00438828 0.00163888 0.000250242 9.7843e-05 0.000254436 0.00123419 0.00735857 0.00988001 0.00389759 0.000933 0.000217219 6.60335e-05 2.68903e-05 2.87149e-05 0.000125652 0.000427492 0.000595717 0.000336412 4.99038e-05 1.57973e-05 5.46111e-06 4.02657e-05
0.0243527 0.00371125 0.00448172 0.00566141 0.00610876 0.00647853 0.00593966 0.00345091 0.00157762 0.00122266 0.00222049 0.00476363 0.00777039 0.00806587 0.00606721 0.00327023 0.00242334 0.00161704 0.000933133 0.000991887 0.00213068 0.003434 0.00387287 0.00270318 0.00133946 0.000812711 0.000660228 0.00314237
