0.00690195 0.000237366 0.000265044 0.000686388 0.00115214 0.00103865 0.00159052 0.00301019 0.00424125 0.00596509 0.00464614 0.00162536 0.000889086 0.000802014 0.000693983 0.000626726 0.000637837 0.00060121 0.000723086 0.00124132 0.00162539 0.00189749 0.0016155 0.000968585 0.000661675 0.00042327 0.000392312 0.00143594
0.00180899 1.49875e-05 2.01068e-05 9.39994e-05 0.000354314 0.00051292 0.000741502 0.00105218 0.0012287 0.00139877 0.000785575 0.000246846 0.000228014 0.000406032 0.000387818 0.000280143 0.000170641 8.78407e-05 9.97191e-05 0.000170028 0.000190227 0.000208592 0.000160514 8.94083e-05 6.12952e-05 3.88092e-05 2.39644e-05 8.49634e-05
0.00195154 2.5817e-05 2.86548e-05 0.000258113 0.00222892 0.00590526 0.00803654 0.00630493 0.0067014 0.00610033 0.0027614 0.00142598 0.0023771 0.00674346 0.00505788 0.00168174 0.00055586 0.000177458 0.000208626 0.000324605 0.000350174 0.000379482 0.000285507 0.000175098 7.70101e-05 4.65076e-05 2.70786e-05 8.20876e-05
0.0017761 3.15647e-05 2.55932e-05 0.000426738 0.0110531 0.0330687 0.0155789 0.00742829 0.0119101 0.0116127 0.00397581 0.00152079 0.00213545 0.00384098 0.00262714 0.00114826 0.000381157 0.000126882 0.000123745 0.000144242 0.000157416 0.000219285 0.00024125 0.000143794 4.21356e-05 2.13704e-05 8.73648e-06 3.71426e-05
0.00258123 5.14806e-05 5.05011e-05 0.00137777 0.0363503 0.0541642 0.0174027 0.0156462 0.0985696 0.170204 0.0450665 0.00590027 0.00200766 0.00121486 0.000785358 0.000744978 0.000312425 0.000122442 0.000144068 0.000253142 0.000682193 0.00178377 0.00167342 0.000482061 4.65565e-05 1.16522e-05 3.27471e-06 1.60606e-05
0.00326042 8.90544e-05 0.000128294 0.00246363 0.0209361 0.0125561 0.00594285 0.0387861 0.700227 0.871066 0.390599 0.0222519 0.00193306 0.000357654 0.000172194 0.000222033 0.000112022 5.83016e-05 8.52439e-05 0.000434474 0.00623915 0.0312213 0.0156503 0.00126636 5.61884e-05 9.21173e-06 3.27458e-06 1.45678e-05
0.00358979 0.000183765 0.000488368 0.00415231 0.00850448 0.00277191 0.00276749 0.0669538 0.900849 0.969848 0.59847 0.0232633 0.00155895 0.000178561 8.89696e-05 0.000168031 0.000112263 7.05109e-05 0.000173622 0.00256354 0.0846884 0.399052 0.142975 0.00418491 0.000130928 1.63472e-05 6.87031e-06 1.96737e-05
0.00769037 0.00070911 0.00232542 0.00746272 0.00533304 0.00148609 0.00183147 0.0502405 0.858198 0.961338 0.607004 0.0303074 0.00157112 0.000161215 0.000153979 0.000532807 0.000672019 0.000734206 0.0021437 0.0516473 0.742259 0.929007 0.588024 0.0224251 0.00088803 8.59553e-05 2.92707e-05 3.11179e-05
0.0158178 0.00247795 0.00748583 0.0097592 0.00565589 0.00121009 0.00143437 0.0453518 0.787809 0.946377 0.643063 0.0449071 0.0029821 0.000492479 0.000810853 0.00363798 0.00704707 0.00811162 0.0130389 0.223385 0.898331 0.941813 0.566235 0.0405635 0.00465017 0.000508282 0.000116255 5.23331e-05
0.0138659 0.00164478 0.0035747 0.0032225 0.00183129 0.000612014 0.00156099 0.0712224 0.823777 0.952667 0.744313 0.103571 0.0118285 0.00275399 0.00385305 0.0101287 0.0122102 0.0154425 0.0430985 0.52065 0.924578 0.880588 0.400623 0.0612582 0.0154365 0.00142242 0.000170273 5.28679e-05
0.00594042 0.000244533 0.000277009 0.0002667 0.000358385 0.00041186 0.00284442 0.192765 0.915748 0.967776 0.793128 0.129206 0.0186866 0.00459661 0.00427811 0.00583039 0.00533648 0.0137785 0.1187 0.817927 0.945455 0.735728 0.194884 0.051867 0.0152111 0.0010535 0.000104779 3.24597e-05
0.00405777 8.78349e-05 4.90309e-05 6.0923e-05 0.000217442 0.000741689 0.0100143 0.453866 0.959624 0.968501 0.597849 0.0269013 0.00291023 0.00102315 0.00134809 0.00266043 0.00406988 0.0215538 0.338538 0.888699 0.85324 0.266181 0.0289772 0.0113015 0.00369026 0.000328851 4.97769e-05 2.07269e-05
0.00553094 0.000104918 3.39785e-05 6.62138e-05 0.000576723 0.00393269 0.0494075 0.730481 0.97318 0.923314 0.20288 0.00562865 0.000809407 0.000457945 0.00109108 0.00334167 0.00795391 0.0729572 0.644207 0.887065 0.59958 0.053409 0.00724418 0.00414381 0.00121608 0.000151656 3.70203e-05 2.07189e-05
0.00382387 6.61104e-05 2.91987e-05 0.000112963 0.0010702 0.00925585 0.186967 0.895851 0.967003 0.826789 0.173471 0.0256333 0.0104998 0.00644046 0.0113121 0.0218171 0.0548168 0.331541 0.793618 0.825193 0.29892 0.0232758 0.008796 0.00572015 0.00146575 0.000228772 5.76632e-05 2.8195e-05
0.00226842 2.64398e-05 2.08543e-05 0.000113824 0.00115498 0.0203505 0.504386 0.933029 0.918722 0.764356 0.536931 0.502425 0.439003 0.249274 0.304776 0.327097 0.409747 0.751331 0.839117 0.780206 0.288533 0.0400374 0.0226737 0.0112298 0.00222894 0.000297967 5.13759e-05 3.07941e-05
0.00187069 1.58878e-05 1.48984e-05 0.000107962 0.00165552 0.0434937 0.723039 0.944432 0.899689 0.876176 0.909588 0.925819 0.89258 0.760134 0.746128 0.700566 0.658975 0.819579 0.827789 0.803677 0.425378 0.0668053 0.0213732 0.00573951 0.00120607 0.000211405 3.01045e-05 3.18376e-05
0.00175213 1.36322e-05 1.19895e-05 0.000128948 0.00329581 0.090684 0.770383 0.949084 0.93549 0.910708 0.882865 0.826638 0.623474 0.365473 0.36868 0.345468 0.41534 0.658949 0.749346 0.807296 0.563784 0.0935917 0.0117465 0.00180403 0.000451689 0.000160238 2.31448e-05 3.75602e-05
0.00157483 1.60829e-05 2.0956e-05 0.000391029 0.00956009 0.111313 0.700772 0.927825 0.889436 0.671205 0.318653 0.15304 0.066113 0.0331352 0.026227 0.0353571 0.153174 0.537697 0.735289 0.803048 0.693643 0.173735 0.0120333 0.00146867 0.000284643 0.000106592 2.15528e-05 3.97115e-05
0.00164947 3.16764e-05 6.93568e-05 0.00188531 0.021959 0.0810329 0.388785 0.697522 0.527202 0.15546 0.0368308 0.02138 0.0177968 0.00949699 0.00601965 0.0159449 0.19348 0.793583 0.872823 0.73932 0.418193 0.0572238 0.00531329 0.000958252 0.000216637 7.67333e-05 2.15559e-05 3.59914e-05
0.0020313 6.86665e-05 0.000351779 0.00920156 0.0352023 0.0463279 0.126933 0.246767 0.183832 0.0609099 0.0154276 0.00812214 0.00889564 0.00544192 0.00350709 0.0234402 0.485004 0.94096 0.872914 0.296036 0.0330975 0.00303614 0.00102237 0.000767964 0.000276226 9.56862e-05 5.48882e-05 6.43599e-05
0.00261906 0.000177828 0.00125012 0.0188924 0.026158 0.018405 0.0372819 0.0657373 0.0670646 0.034152 0.0106706 0.00392154 0.00278474 0.00173548 0.00235649 0.0402763 0.658687 0.948411 0.746324 0.0549155 0.00326937 0.000559679 0.000621888 0.0013287 0.000599024 0.000225703 0.00018852 0.000153515
0.00537593 0.000464577 0.00148806 0.00712284 0.0101173 0.00863858 0.00766658 0.00599258 0.00749482 0.00605615 0.00265442 0.00117151 0.000658274 0.000437773 0.00129363 0.0358305 0.646584 0.927328 0.675707 0.0553687 0.00307515 0.000467875 0.000597342 0.00143222 0.000810057 0.000457802 0.000295748 0.000174423
0.0101697 0.000671078 0.000699943 0.00177722 0.00392216 0.0032661 0.00153092 0.000647067 0.000884176 0.00114872 0.00065644 0.000368993 0.000236865 0.000174861 0.000825154 0.0438202 0.71113 0.953816 0.827208 0.1086 0.00619705 0.000614362 0.000352676 0.000722336 0.000781185 0.000499378 0.000176438 9.3856e-05
0.0109961 0.000615544 0.000278277 0.000551329 0.00214091 0.00170843 0.000570393 0.000246801 0.000339532 0.000473794 0.000499394 0.000466727 0.00029185 0.000196807 0.00131137 0.0681866 0.784415 0.970923 0.878183 0.12446 0.00602154 0.000535446 0.000153275 0.000248808 0.000372259 0.000257532 0.000103651 7.33832e-05
0.0086517 0.000206539 8.19064e-05 0.000169187 0.00071315 0.000662082 0.000258526 0.000157061 0.000225845 0.000355157 0.000544623 0.000501536 0.000293621 0.000191668 0.0010579 0.0429029 0.542024 0.775958 0.320308 0.0117241 0.000718678 8.81269e-05 3.20698e-05 6.44486e-05 9.27905e-05 0.000101074 9.72708e-05 8.9554e-05
0.00573209 6.27615e-05 2.05149e-05 4.83425e-05 0.000227995 0.00027887 0.000156787 0.000109906 9.72027e-05 0.000103618 0.000151463 0.000124759 8.74842e-05 9.35674e-05 0.000563933 0.0120739 0.0693316 0.0479415 0.00641174 0.000304211 3.78321e-05 1.07303e-05 7.23357e-06 2.21743e-05 4.17219e-05 4.82807e-05 5.65284e-05 6.51158e-05
0.00667275 0.000125341 6.40333e-05 0.000129822 0.000475118 0.000611448 0.000380183 0.000212425 0.000130824 9.75318e-05 0.000111711 0.000117422 0.000115557 0.000221116 0.000953194 0.00522004 0.0102166 0.00463361 0.00127587 0.000198471 4.24962e-05 2.44539e-05 2.81686e-05 7.31358e-05 0.000159954 0.000134886 6.8602e-05 0.000121311
0.021707 0.00242489 0.00179672 0.00210003 0.00344679 0.00383569 0.0035898 0.00253318 0.00179365 0.00150668 0.00157328 0.00169008 0.00171208 0.00213002 0.00429896 0.00795973 0.00626357 0.00388967 0.00303487 0.00181499 0.00117018 0.0011516 0.00135315 0.00185543 0.00278779 0.00211325 0.00141254 0.00392263
