0.021191 0.000929793 0.000321828 0.000478419 0.00160869 0.00197488 0.00105018 0.000500055 0.000440347 0.000448629 0.000443918 0.000465159 0.000508198 0.000530303 0.000494822 0.000646197 0.00127107 0.00187615 0.00209565 0.00430254 0.0129102 0.0212539 0.0117698 0.00416675 0.00234648 0.002175 0.00210454 0.00362728
0.00506977 4.55081e-05 2.74614e-05 8.02763e-05 0.000509776 0.000663294 0.000236951 7.64657e-05 5.98111e-05 5.30745e-05 5.24385e-05 5.95973e-05 5.83482e-05 5.61705e-05 4.56188e-05 5.83724e-05 0.000112866 0.000197391 0.000280078 0.000835024 0.00357601 0.00504856 0.00233937 0.000783589 0.000314881 0.000222874 0.000112714 0.000167789
0.00386307 6.58212e-05 7.61874e-05 0.000417761 0.00188894 0.00182408 0.000707819 0.000207639 0.000135955 0.000101639 0.000101406 0.000125805 9.89436e-05 7.40103e-05 6.76007e-05 9.11738e-05 0.000162255 0.00036601 0.000792288 0.0024932 0.00689632 0.00763556 0.0046717 0.00207814 0.000506022 0.00011368 3.80127e-05 4.78849e-05
0.00283377 6.23662e-05 9.15905e-05 0.000638226 0.00156531 0.00105429 0.000507501 0.000195997 0.000140969 0.000100045 9.98766e-05 0.000138144 0.000101203 7.74813e-05 0.000106203 0.000248832 0.000772786 0.00293051 0.00781012 0.0180332 0.0223474 0.014397 0.00841041 0.00337804 0.000590273 5.8181e-05 1.4355e-05 1.57964e-05
0.00283981 9.34482e-05 0.00016134 0.000983621 0.00196129 0.00110682 0.000581924 0.000347838 0.00031882 0.000282852 0.000396854 0.000714356 0.000667295 0.000655649 0.001918 0.00936722 0.0403263 0.161207 0.298759 0.392696 0.353324 0.173392 0.0812965 0.0400844 0.00690513 0.000330825 4.94027e-05 2.65726e-05
0.00273826 7.6676e-05 0.000100449 0.000460681 0.000978049 0.00090684 0.000732093 0.000560733 0.000476156 0.000611605 0.0014082 0.00436666 0.00763773 0.0131057 0.0807427 0.313507 0.573274 0.765294 0.821801 0.876073 0.864465 0.76836 0.66972 0.561924 0.179657 0.00590634 0.000433994 8.44921e-05
0.00261876 4.94966e-05 4.89136e-05 0.000268419 0.000802206 0.00136286 0.00155512 0.000984475 0.00113633 0.00222878 0.00699771 0.0394812 0.109493 0.239525 0.678884 0.820007 0.787154 0.74913 0.702153 0.780161 0.834397 0.858681 0.878953 0.866441 0.461215 0.0148654 0.000838361 9.67534e-05
0.00230336 3.8552e-05 2.68852e-05 0.000165225 0.000749584 0.00141113 0.00110481 0.000568586 0.0013447 0.00945028 0.0656545 0.428479 0.747615 0.791896 0.852319 0.669269 0.346227 0.206935 0.155569 0.18185 0.233303 0.33008 0.47987 0.570056 0.122864 0.00245342 0.000153877 3.604e-05
0.00237051 2.78984e-05 2.04216e-05 0.000146763 0.00100616 0.00131923 0.000652977 0.000422313 0.00242827 0.046205 0.292883 0.789128 0.903925 0.777776 0.440445 0.0776067 0.0219133 0.0153304 0.0144067 0.0146787 0.0135623 0.0217837 0.0484815 0.060852 0.00687841 0.000221898 1.64134e-05 1.24022e-05
0.00172612 1.60974e-05 1.50024e-05 0.0001536 0.00145448 0.00177579 0.000919613 0.00115896 0.0105985 0.192284 0.607665 0.847171 0.812541 0.380969 0.0701222 0.00912444 0.00279813 0.00208341 0.0025772 0.00242347 0.00166932 0.00255654 0.00679736 0.00817752 0.00114901 7.81095e-05 9.03743e-06 7.6698e-06
0.00119355 1.2441e-05 1.47434e-05 0.000180771 0.00149791 0.00173201 0.00171901 0.00359442 0.0259803 0.364581 0.811695 0.896419 0.680947 0.147786 0.0240557 0.00407581 0.00158298 0.0015204 0.00184951 0.00163468 0.00101071 0.00142217 0.00351316 0.00350643 0.000905806 0.000142196 1.89882e-05 1.27329e-05
0.00309031 7.36269e-05 7.80401e-05 0.000414214 0.00141077 0.00120298 0.00202369 0.00601566 0.0424036 0.513371 0.900441 0.914605 0.502361 0.0425451 0.00459318 0.000749924 0.000469188 0.000813764 0.00155699 0.00160419 0.000871062 0.000821501 0.000948956 0.000996502 0.00138398 0.000990618 0.000267552 8.71178e-05
0.0109582 0.000527753 0.00034297 0.000470301 0.000851951 0.000836683 0.00160581 0.0063944 0.0456061 0.521626 0.90835 0.891775 0.364219 0.0173599 0.00162603 0.000467116 0.000502039 0.00115249 0.0028724 0.00243205 0.00105096 0.000424882 0.000283218 0.000849112 0.00619863 0.021998 0.00873913 0.000916692
0.00803466 0.000304715 0.000138202 0.000239554 0.000993473 0.00252165 0.00541758 0.0141093 0.0534298 0.385631 0.835957 0.8514 0.405074 0.052009 0.0109912 0.00656438 0.00814263 0.00773013 0.00624704 0.00176521 0.000676356 0.000318898 0.000279714 0.00189859 0.0171913 0.0386062 0.00957995 0.00104983
0.00373536 5.92931e-05 3.65087e-05 0.000249218 0.00385378 0.0197247 0.0262411 0.0267962 0.0664896 0.3423 0.813431 0.903524 0.749226 0.438685 0.276863 0.201498 0.156889 0.0459824 0.00988678 0.00161204 0.000590087 0.000473821 0.000816015 0.00438524 0.0073438 0.00363381 0.000599629 0.000148758
0.00195794 1.70173e-05 1.42964e-05 0.000220206 0.00652902 0.0273826 0.0218002 0.0150711 0.0307222 0.17682 0.736103 0.938179 0.932925 0.905918 0.867427 0.826607 0.72157 0.309693 0.0451787 0.00786921 0.00378658 0.00257543 0.00506232 0.0101727 0.00284399 0.00055201 6.05338e-05 2.86564e-05
0.00125512 9.86731e-06 9.79924e-06 0.000178842 0.00307966 0.00618592 0.00415571 0.00320047 0.00798574 0.0707691 0.483537 0.79155 0.786397 0.740737 0.752314 0.807772 0.807183 0.643201 0.276333 0.0996315 0.0412284 0.0152584 0.014042 0.0113109 0.00174266 0.000260915 2.74268e-05 2.34466e-05
0.00129833 1.35124e-05 1.76526e-05 0.000274033 0.00158428 0.00126526 0.000918241 0.0011497 0.00372584 0.0239038 0.0801333 0.104638 0.0731045 0.0423369 0.060675 0.245179 0.637555 0.829575 0.806279 0.690589 0.328587 0.0476287 0.012578 0.00415248 0.000581758 0.000114841 2.14491e-05 2.66863e-05
0.00177998 2.96745e-05 4.08551e-05 0.000389543 0.00124429 0.000670206 0.000511658 0.00102906 0.00227937 0.0046312 0.00510333 0.00350418 0.00371862 0.00324059 0.00819556 0.138235 0.645749 0.89022 0.895548 0.773778 0.360193 0.0238935 0.00406804 0.00167513 0.000355962 0.000100002 2.67622e-05 2.71427e-05
0.00229143 5.15651e-05 8.49436e-05 0.000519344 0.000785819 0.000393688 0.000477686 0.00102886 0.00136776 0.00133933 0.000770029 0.000596736 0.00169267 0.00374909 0.0329929 0.530047 0.871109 0.908117 0.781721 0.439693 0.10115 0.00800995 0.00287847 0.00339147 0.00110296 0.000169585 3.72984e-05 2.56185e-05
0.00301481 8.78718e-05 0.000141868 0.000630865 0.000883357 0.000654707 0.00123617 0.00197221 0.00183073 0.00180142 0.00179862 0.0033265 0.0221973 0.0951667 0.513625 0.941472 0.953309 0.858925 0.540932 0.158446 0.0336688 0.00770457 0.0051298 0.00856393 0.00255247 0.000181267 3.17801e-05 1.98931e-05
0.00499942 0.000193545 0.000299254 0.00125753 0.003191 0.00467035 0.00879912 0.0119035 0.0196567 0.0572647 0.141148 0.299193 0.70143 0.835292 0.930844 0.953609 0.724821 0.224161 0.0747522 0.0272272 0.011366 0.00896457 0.00956034 0.0128564 0.00315695 0.000212878 4.74768e-05 2.77262e-05
0.0101934 0.00052895 0.00108805 0.00510486 0.0227629 0.0615731 0.129692 0.186768 0.335286 0.69942 0.835874 0.902191 0.951904 0.933311 0.873513 0.47952 0.0367155 0.00527259 0.00399952 0.00468894 0.00484894 0.00969394 0.0123547 0.0117663 0.00347946 0.000362017 0.000110196 6.34206e-05
0.0191618 0.00136078 0.00400062 0.0214495 0.132844 0.379638 0.530253 0.571919 0.662665 0.796584 0.805488 0.807063 0.799781 0.603194 0.231721 0.0211955 0.00125197 0.000361919 0.000545931 0.000918427 0.00203842 0.00720151 0.00881464 0.00897199 0.00305008 0.000414553 0.000179311 0.000107875
0.0222383 0.00129762 0.00278908 0.0104481 0.0627686 0.158445 0.202807 0.178625 0.180585 0.218015 0.22103 0.210647 0.176255 0.074133 0.0116983 0.00124086 0.000222591 0.000146948 0.000159513 0.000179867 0.000632669 0.00313775 0.00644281 0.0067409 0.00165911 0.000285378 0.000132868 8.01156e-05
0.0230915 0.000791675 0.000411566 0.000585294 0.00326155 0.00879315 0.0125842 0.0139708 0.0185567 0.0207228 0.0194502 0.0183813 0.0246304 0.0161706 0.00217917 0.000305028 0.000106355 8.1241e-05 4.11276e-05 3.27868e-05 0.000134555 0.000889862 0.00394162 0.00508873 0.000994579 0.000129456 3.47916e-05 2.57533e-05
0.0299954 0.00101402 0.000219029 0.000167879 0.000762897 0.00238959 0.003703 0.00655967 0.0145197 0.0125202 0.00652864 0.00621373 0.015284 0.0131836 0.00312461 0.000694548 0.000250463 0.00013788 5.47e-05 4.479e-05 0.000169637 0.00100975 0.00472901 0.00565507 0.00145809 0.000186777 2.71903e-05 3.51509e-05
0.0525057 0.00669545 0.00220601 0.00133231 0.00263088 0.00484028 0.00614413 0.00922472 0.0160269 0.013922 0.00661614 0.00722618 0.0160298 0.016475 0.00929334 0.00510067 0.00354683 0.00235876 0.00147106 0.00128476 0.00209992 0.00445361 0.00795916 0.00763662 0.00561895 0.0021882 0.000869792 0.00184421
