0.0114555 0.000607732 0.000274846 0.000301211 0.000502078 0.000477299 0.0005447 0.00100711 0.00183961 0.00195997 0.0011182 0.000662807 0.000639298 0.00072809 0.000921288 0.00102353 0.00102666 0.00105491 0.00122822 0.00328889 0.0110552 0.0206152 0.0125435 0.00392548 0.00121419 0.000671766 0.000940568 0.00334908
0.00443824 7.81777e-05 3.14712e-05 2.96202e-05 4.82862e-05 4.29978e-05 5.36496e-05 0.000113084 0.000202412 0.000209206 0.000119602 6.32943e-05 4.87768e-05 6.34585e-05 0.000107548 0.00012955 0.000120426 0.000106341 0.000109024 0.000355798 0.00183928 0.00422387 0.00209132 0.000527135 8.22595e-05 3.81151e-05 5.65582e-05 0.000196664
0.00806999 0.000229728 5.19528e-05 3.45576e-05 6.63095e-05 6.38737e-05 9.19573e-05 0.000154809 0.000173073 0.000192083 0.000150493 8.48069e-05 8.22671e-05 0.000131605 0.000224906 0.000238439 0.000148414 8.77371e-05 9.34162e-05 0.000248166 0.000737706 0.00142398 0.00099276 0.000338539 8.03616e-05 4.81502e-05 7.29548e-05 0.00016532
0.00724402 0.000177365 2.63122e-05 1.90421e-05 4.51416e-05 4.90054e-05 6.76483e-05 0.000111879 0.000163407 0.000294152 0.000238246 0.00013612 0.000224697 0.000444023 0.000469654 0.000214729 7.30647e-05 3.3837e-05 3.61396e-05 6.52253e-05 9.59942e-05 0.000148049 0.000171782 0.000149202 0.000139195 0.000188858 0.000260869 0.00023504
0.0073537 9.93819e-05 2.35993e-05 3.28417e-05 9.79778e-05 0.000141633 0.000200899 0.000402823 0.0010488 0.00226112 0.001492 0.00106805 0.00333994 0.0068102 0.00362067 0.000802494 0.000203565 0.000101543 9.93855e-05 0.00013634 0.000219128 0.000327053 0.000511204 0.00110829 0.00143754 0.0017252 0.00140631 0.000379645
0.00314519 2.09297e-05 8.59454e-06 2.64154e-05 0.00012138 0.000247155 0.000327208 0.000509958 0.00133366 0.00263693 0.00161956 0.00280666 0.0209275 0.0477197 0.0201066 0.00585824 0.00304124 0.0015435 0.000720625 0.000359598 0.000364021 0.000486531 0.00133697 0.00515424 0.00566791 0.00380648 0.00113388 0.000219138
0.00145686 9.50021e-06 6.67185e-06 3.76385e-05 0.000221158 0.000468269 0.000444758 0.000428368 0.00071172 0.00092976 0.00133308 0.00772023 0.0988202 0.250917 0.132565 0.0852715 0.117892 0.0533157 0.0113477 0.00251704 0.00170777 0.00310018 0.00844342 0.0215723 0.00895419 0.00198027 0.00020825 6.06734e-05
0.00230331 2.47822e-05 1.87022e-05 0.00010286 0.000831774 0.0017616 0.000871036 0.000376605 0.000263609 0.000312503 0.00130411 0.022259 0.43024 0.830336 0.791756 0.785815 0.853106 0.722937 0.391305 0.160001 0.103488 0.0959537 0.081354 0.0265164 0.00263991 0.000348055 2.02581e-05 1.95512e-05
0.00645706 0.000138634 7.7747e-05 0.00034463 0.0028474 0.00410155 0.00111458 0.000234584 0.000163943 0.000390206 0.0037322 0.101664 0.759643 0.951684 0.949684 0.923847 0.924079 0.893622 0.834128 0.836059 0.744632 0.398916 0.0937045 0.00432387 0.000172817 3.85042e-05 4.17799e-06 1.48548e-05
0.00647496 0.000174257 0.000130077 0.000727037 0.0054195 0.0047093 0.00117886 0.000354397 0.000426554 0.00296743 0.0680361 0.59183 0.921377 0.939533 0.787473 0.369388 0.195444 0.353001 0.755099 0.939115 0.898185 0.386077 0.0213838 0.000411244 1.79906e-05 9.61576e-06 2.76266e-06 1.54602e-05
0.00362737 0.000106733 0.000149435 0.000959797 0.00419387 0.00299688 0.00183078 0.00107963 0.00230568 0.0487959 0.572999 0.924759 0.95553 0.742386 0.0743501 0.00275973 0.00159582 0.0352441 0.658807 0.945635 0.793925 0.0930705 0.00333157 9.74998e-05 1.09403e-05 1.05138e-05 3.98728e-06 1.73489e-05
0.00695464 0.000346376 0.000620065 0.00230225 0.0044093 0.00240521 0.00213482 0.00249685 0.0137869 0.357061 0.901017 0.963582 0.881782 0.138746 0.00179969 0.000111129 0.000360522 0.0272734 0.776877 0.941039 0.484472 0.0168423 0.000913509 9.6521e-05 2.32023e-05 2.19339e-05 1.24531e-05 3.42872e-05
0.0177474 0.00152786 0.00175968 0.00266334 0.00395228 0.00171751 0.00156249 0.00489719 0.068778 0.755998 0.950025 0.949171 0.57747 0.0137946 0.000673607 0.000362615 0.00505187 0.352666 0.936748 0.882881 0.184903 0.00409841 0.000414027 0.000185288 6.58773e-05 5.31122e-05 4.14869e-05 6.76987e-05
0.0125502 0.000774198 0.000675852 0.00107232 0.0022354 0.00171212 0.00198808 0.0102908 0.211806 0.885552 0.948549 0.871036 0.202469 0.00624983 0.00317467 0.0149681 0.277613 0.898519 0.920307 0.374465 0.0168072 0.00074214 0.000186134 0.000213494 0.000101233 6.07372e-05 3.86563e-05 5.50794e-05
0.00548315 0.000182421 0.00016658 0.00048401 0.00168666 0.00221807 0.00345622 0.0199425 0.350845 0.934129 0.962533 0.811245 0.212683 0.0304815 0.0575915 0.543583 0.936147 0.952991 0.665214 0.0244678 0.0012166 0.000312879 0.00019241 0.000240502 0.000108848 3.57055e-05 1.64017e-05 2.66892e-05
0.00355654 8.47561e-05 6.43961e-05 0.00024608 0.00130739 0.00186023 0.00270092 0.0161192 0.370946 0.946163 0.974087 0.914962 0.620041 0.360584 0.573802 0.938279 0.976193 0.873461 0.0935452 0.000924364 0.000206635 0.000263507 0.000309349 0.000337786 0.000146331 4.60026e-05 2.24677e-05 3.05502e-05
0.00329669 6.40694e-05 3.53936e-05 0.000137917 0.000806682 0.000956217 0.00133841 0.0115524 0.271626 0.894354 0.953755 0.902259 0.81929 0.747163 0.810654 0.95834 0.965573 0.650703 0.0178237 0.000273545 0.000202675 0.000625187 0.000587536 0.000471601 0.000266601 0.000117188 7.15866e-05 7.28483e-05
0.00233323 3.08515e-05 2.27882e-05 0.000123772 0.000547363 0.000547797 0.0014417 0.0137877 0.129823 0.481774 0.556045 0.356364 0.301119 0.29129 0.450251 0.90888 0.969396 0.795388 0.0508482 0.00143752 0.00151626 0.00316206 0.00117301 0.000471874 0.000215757 0.000105056 7.87133e-05 8.68775e-05
0.00155308 1.8038e-05 2.32093e-05 0.00018677 0.000600651 0.000717894 0.00255085 0.0110846 0.0238434 0.0301685 0.0189553 0.00885656 0.0117105 0.0250848 0.115702 0.806229 0.958842 0.817235 0.111889 0.00666467 0.00662787 0.00576729 0.00128105 0.000341539 0.000124703 7.39013e-05 5.31921e-05 5.33827e-05
0.00142627 1.80984e-05 3.21597e-05 0.000282002 0.000658974 0.000815039 0.00314754 0.00564328 0.00341517 0.00322746 0.00303555 0.0024888 0.00402957 0.012097 0.156302 0.849172 0.93562 0.693003 0.0726011 0.00608669 0.00654386 0.00522778 0.000933878 0.000315137 0.000197364 0.000141734 7.64326e-05 4.47382e-05
0.00164571 2.29929e-05 3.91719e-05 0.000326507 0.000751313 0.00130685 0.0034247 0.00287829 0.0016744 0.00275861 0.00509069 0.00519186 0.00635516 0.0258618 0.386044 0.924832 0.910587 0.353819 0.0181804 0.00214859 0.00322328 0.00347282 0.000777174 0.000526851 0.000688824 0.000476186 0.000164426 6.10406e-05
0.00153321 2.38444e-05 4.96091e-05 0.000519923 0.00160333 0.00258607 0.0020878 0.000779734 0.00122635 0.00404325 0.00747549 0.0074208 0.00786153 0.0549172 0.635841 0.938726 0.779598 0.078231 0.00382207 0.000781463 0.00143851 0.00242105 0.00113379 0.00142877 0.00240262 0.00129882 0.000375 0.000112447
0.00166041 3.86308e-05 8.78786e-05 0.000846279 0.00389929 0.00347827 0.00113089 0.000561637 0.00204092 0.00558548 0.00503717 0.00398393 0.00638741 0.120154 0.848142 0.952848 0.535382 0.0118194 0.00108555 0.000506219 0.00093322 0.00206674 0.00160884 0.00303296 0.00407392 0.00168087 0.000604286 0.000172833
0.00519267 0.000207539 0.000184194 0.000508781 0.00265486 0.003249 0.00158481 0.00177057 0.00414214 0.00275477 0.00136455 0.00154302 0.00746673 0.268859 0.929983 0.943865 0.231169 0.00203358 0.000358626 0.000421359 0.000857143 0.00237624 0.00339387 0.00793325 0.00487433 0.000906555 0.000283541 0.000114113
0.0178018 0.000363019 9.45099e-05 0.000109708 0.000592932 0.00233758 0.00351296 0.0027613 0.00116011 0.000220495 0.000180605 0.000833347 0.0123232 0.511856 0.941504 0.744316 0.0258702 0.00027017 7.9216e-05 0.000200664 0.000564532 0.0019291 0.00442211 0.00706164 0.00168759 0.000160593 4.13473e-05 3.94747e-05
0.0107495 9.88319e-05 1.5381e-05 3.04423e-05 0.000293793 0.00185686 0.00337356 0.00107268 0.000151391 3.55399e-05 6.03156e-05 0.000706941 0.0357028 0.69232 0.847956 0.171627 0.0014564 3.78001e-05 2.49735e-05 8.39972e-05 0.000196873 0.000525877 0.00147327 0.00167003 0.000244848 2.90666e-05 1.05393e-05 2.20245e-05
0.00498429 6.47683e-05 2.90661e-05 9.58376e-05 0.000867363 0.00288755 0.00237621 0.000609799 0.000153078 8.24195e-05 0.000174336 0.00204426 0.0715437 0.565855 0.559079 0.0387727 0.000824991 8.21791e-05 7.3354e-05 0.000142248 0.000224084 0.000446031 0.00100701 0.000978394 0.000218859 5.53668e-05 2.81863e-05 9.65476e-05
0.0177299 0.00149547 0.00135582 0.00215009 0.00463989 0.00669902 0.00500059 0.00283155 0.00231619 0.00205748 0.00302074 0.0104371 0.0503363 0.180599 0.162974 0.0272822 0.00514952 0.00177548 0.00187422 0.0022762 0.002138 0.00268903 0.00353486 0.00332795 0.00216457 0.00131005 0.00135465 0.00526192
