0.00759086 0.000255501 0.000173602 0.000738265 0.00266023 0.00197075 0.000835718 0.000507859 0.000829903 0.00128684 0.00116246 0.000941498 0.00104516 0.000967705 0.000912664 0.00143885 0.00294772 0.00566481 0.00544268 0.00250719 0.000856857 0.000898747 0.00372721 0.0131031 0.0133441 0.00601766 0.00167399 0.00140283
0.00223475 1.5077e-05 1.32968e-05 8.46658e-05 0.000351903 0.000178271 5.75578e-05 4.25797e-05 0.00012357 0.000272483 0.000195449 0.000140586 0.000150689 0.00010436 0.000101877 0.000225566 0.000673719 0.00148533 0.0011866 0.000354078 9.29956e-05 0.00013159 0.000852476 0.00363462 0.00581517 0.00363683 0.000577241 0.000170701
0.00282402 3.55018e-05 3.06911e-05 0.000137447 0.000288688 0.000112804 5.84876e-05 0.000111283 0.000638889 0.0017491 0.0011425 0.000645826 0.000468135 0.000275289 0.000376435 0.00117235 0.00404149 0.00699106 0.00396318 0.000824815 0.00029165 0.000449496 0.00149768 0.00581479 0.0156999 0.0136631 0.0025766 0.000372481
0.00269817 4.73065e-05 3.241e-05 0.000106149 0.000153151 7.11996e-05 7.37005e-05 0.000250172 0.00144807 0.0066448 0.0117203 0.00946271 0.00378847 0.00193493 0.00311854 0.00756057 0.0180423 0.0184687 0.00750011 0.00128605 0.000698425 0.000807049 0.00082449 0.00154034 0.00402032 0.0059291 0.00203819 0.00039037
0.00284 6.26661e-05 5.69272e-05 0.000216289 0.000309187 0.000162736 0.00031044 0.00134017 0.0081343 0.0932202 0.430709 0.497804 0.224494 0.121892 0.154442 0.191058 0.216555 0.170505 0.0558641 0.00981808 0.00359156 0.00143362 0.000807377 0.00115176 0.00210645 0.00457855 0.00239958 0.000458057
0.00258831 5.34967e-05 5.20055e-05 0.000211113 0.0002978 0.000182429 0.000548721 0.00295989 0.0191883 0.346313 0.916506 0.961784 0.908085 0.86426 0.853283 0.819063 0.765486 0.673397 0.334161 0.0537934 0.00955114 0.0010248 0.000363317 0.000569154 0.00127012 0.00245855 0.00106808 0.00027593
0.00268889 5.79233e-05 4.83377e-05 0.000174917 0.000226665 0.000159784 0.000447112 0.0019282 0.0131087 0.217991 0.813414 0.926196 0.947301 0.972088 0.973659 0.962432 0.933188 0.885265 0.671083 0.188974 0.0220262 0.00119849 0.000415853 0.000852953 0.00124841 0.00105696 0.000213009 8.78423e-05
0.00228854 4.82088e-05 4.58399e-05 0.00017379 0.000206731 0.000155206 0.000332829 0.00136561 0.0109495 0.0866264 0.336805 0.471535 0.792339 0.956017 0.974577 0.982072 0.973838 0.957339 0.884975 0.582274 0.0960979 0.00546181 0.00258685 0.00315006 0.00104013 0.000251105 3.44619e-05 3.03146e-05
0.0022127 3.81363e-05 4.00531e-05 0.000164843 0.000219678 0.000158358 0.000280545 0.00178057 0.0264088 0.122356 0.216351 0.280861 0.561776 0.803557 0.867123 0.941784 0.974654 0.979364 0.959945 0.862363 0.324184 0.0316805 0.0111513 0.003843 0.00038178 5.81392e-05 1.21499e-05 2.18927e-05
0.0018485 2.11182e-05 1.5846e-05 6.41242e-05 0.000125723 0.000109277 0.000239848 0.00274818 0.0646456 0.288753 0.419802 0.492495 0.494954 0.239932 0.190915 0.498955 0.882794 0.957252 0.936079 0.883937 0.487064 0.0688483 0.0113906 0.00127464 0.000125807 3.5002e-05 1.63515e-05 2.89853e-05
0.00166668 1.45853e-05 9.00088e-06 3.86545e-05 0.000100994 0.000102994 0.000355448 0.00584431 0.096507 0.570372 0.845801 0.782491 0.372022 0.021386 0.00686563 0.0723593 0.465598 0.672118 0.7372 0.841477 0.740457 0.186252 0.00816404 0.000432761 0.000103725 7.09537e-05 4.08039e-05 5.34557e-05
0.00328736 5.14574e-05 3.75855e-05 0.000142555 0.000327533 0.000247735 0.000775026 0.0109369 0.125679 0.730158 0.943137 0.772305 0.0929784 0.00220754 0.00107286 0.017422 0.0697233 0.0881229 0.32351 0.814151 0.898912 0.428632 0.00921104 0.000390561 0.00019468 0.000157185 8.63933e-05 9.81873e-05
0.00741546 0.000252779 0.000260142 0.000702528 0.0010854 0.00056541 0.00161231 0.0161542 0.117395 0.745699 0.929333 0.491226 0.0138079 0.000568883 0.000777913 0.00603113 0.00883451 0.0153855 0.219454 0.898653 0.956831 0.602471 0.0185379 0.000721 0.000344332 0.000283824 0.000145195 0.000123725
0.013216 0.00074242 0.00106097 0.00199479 0.0016848 0.000812729 0.00259813 0.028312 0.227661 0.796588 0.865843 0.178819 0.00321634 0.000247762 0.000460766 0.00164324 0.00197931 0.0107848 0.262206 0.931825 0.976746 0.767313 0.0482536 0.00174088 0.00043103 0.00017954 6.55401e-05 6.78664e-05
0.0136455 0.00075739 0.00115043 0.00151946 0.00119003 0.000912503 0.00433133 0.0726374 0.597378 0.92112 0.807493 0.0668973 0.00177549 0.000182802 0.000175544 0.000455033 0.00154246 0.0190175 0.238014 0.880914 0.965738 0.771604 0.0646431 0.00164148 0.0002164 5.88167e-05 1.68475e-05 2.59828e-05
0.00820348 0.000263198 0.000235782 0.000263343 0.000314636 0.000564446 0.00491364 0.149576 0.847069 0.958153 0.735366 0.0491811 0.00258832 0.000250569 0.00016536 0.000497232 0.0022568 0.022287 0.253561 0.880601 0.953904 0.676971 0.0365585 0.000856251 0.00013617 5.40106e-05 1.56488e-05 1.92306e-05
0.00473846 8.56916e-05 4.17857e-05 6.37128e-05 0.000158809 0.000453144 0.00340545 0.156417 0.900951 0.944059 0.58718 0.0396859 0.00324282 0.000408178 0.000275599 0.000581176 0.00147226 0.0157669 0.318946 0.933023 0.960361 0.575153 0.0182982 0.000613543 0.000254251 0.000156312 3.85023e-05 3.61396e-05
0.00376529 5.17187e-05 2.42458e-05 6.70945e-05 0.000356189 0.000979789 0.0044388 0.142955 0.877243 0.921174 0.435817 0.0316398 0.00374661 0.000727737 0.00049936 0.000615128 0.00107309 0.0109117 0.418442 0.957399 0.945861 0.382956 0.00899292 0.000617436 0.000544093 0.000444475 0.000148982 0.000102415
0.00536037 9.98603e-05 6.67646e-05 0.00024835 0.00131695 0.00185332 0.00640713 0.147821 0.838206 0.917908 0.520957 0.0570417 0.00669201 0.00162447 0.00118519 0.00142689 0.00375361 0.0386174 0.667025 0.966928 0.84479 0.0833844 0.0038179 0.00109417 0.00124435 0.00110748 0.000455252 0.000192014
0.0126269 0.00053671 0.000522198 0.00118703 0.00367348 0.00243502 0.00482781 0.0810843 0.714158 0.930308 0.755917 0.184943 0.0189248 0.00637251 0.00808114 0.015421 0.0750086 0.398346 0.896322 0.952079 0.476184 0.0133061 0.00200544 0.00176412 0.00173959 0.000794356 0.000203612 9.57075e-05
0.024342 0.001665 0.00187124 0.00194149 0.00351566 0.00176029 0.00286605 0.040537 0.458589 0.868823 0.822648 0.439791 0.118065 0.0746968 0.137356 0.365683 0.705823 0.89542 0.957562 0.824363 0.102722 0.00544872 0.00218373 0.00287681 0.00135199 0.000230571 3.79634e-05 2.96602e-05
0.030087 0.00206599 0.00171068 0.00107867 0.00197944 0.00153922 0.00338305 0.034092 0.25093 0.739032 0.89133 0.853044 0.753508 0.777885 0.8383 0.914772 0.963998 0.967802 0.882372 0.254432 0.0186573 0.00466021 0.00399662 0.00321859 0.000587621 8.02008e-05 1.13112e-05 1.56455e-05
0.0206248 0.000857752 0.000576613 0.000493743 0.00130814 0.00236576 0.0070944 0.0389787 0.223141 0.752264 0.963496 0.979962 0.97343 0.977381 0.969633 0.963825 0.959502 0.909336 0.482153 0.0413004 0.0115195 0.00796067 0.00373032 0.00131006 0.000198605 4.05732e-05 6.61075e-06 1.51829e-05
0.0079208 0.000171458 0.00012736 0.000217316 0.000686649 0.00131247 0.00502069 0.0212531 0.109616 0.510918 0.922224 0.966534 0.969502 0.976941 0.928408 0.80542 0.649625 0.442945 0.129098 0.0245463 0.0117548 0.00635394 0.00216628 0.000774336 0.000106434 2.50972e-05 5.00934e-06 1.51793e-05
0.00411063 4.35645e-05 2.66578e-05 5.35445e-05 0.000168937 0.000248212 0.000600204 0.00171862 0.00581505 0.0235244 0.135732 0.35644 0.588172 0.690293 0.39334 0.125198 0.0417032 0.0160655 0.00822575 0.00582146 0.00318306 0.00157513 0.00068447 0.000236191 2.60279e-05 9.44693e-06 2.56158e-06 1.10818e-05
0.00247298 1.36834e-05 4.90928e-06 8.7876e-06 2.82222e-05 5.06191e-05 0.000137017 0.000315202 0.000289327 0.000311019 0.000827587 0.00303752 0.0193832 0.0357985 0.0153936 0.00432997 0.000875515 0.000293773 0.000379939 0.000669258 0.000471385 0.00026189 0.00010663 3.81537e-05 6.27236e-06 3.7804e-06 1.29267e-06 6.48274e-06
0.00392659 3.67545e-05 1.24721e-05 1.69216e-05 4.67114e-05 0.000110207 0.000272437 0.000446309 0.000168467 9.54497e-05 0.000155784 0.000503616 0.00333635 0.00655372 0.00399039 0.00119407 0.000241069 0.000114766 0.000306325 0.000644739 0.000462338 0.000229006 0.000101735 5.21355e-05 2.15834e-05 1.66987e-05 4.85338e-06 2.22174e-05
0.0185554 0.00160035 0.000955295 0.00089267 0.0012085 0.00180403 0.00269686 0.00261639 0.00152259 0.00112362 0.00130078 0.00230824 0.00495157 0.00702714 0.00602445 0.00321418 0.00150439 0.00125882 0.00264658 0.00383625 0.00272252 0.00190129 0.00134061 0.00112897 0.00138849 0.00131117 0.00070478 0.00220935
