0.00884785 0.000481611 0.00062295 0.00174386 0.00297371 0.00276156 0.00334667 0.0028618 0.00140399 0.000725217 0.000798504 0.00100368 0.00122361 0.00203381 0.00302444 0.00245931 0.0012614 0.000945255 0.00138016 0.00161961 0.00139259 0.0020263 0.00274641 0.00164728 0.000788731 0.000408835 0.000481427 0.00187772
0.00251726 3.81554e-05 9.77082e-05 0.000474345 0.000740269 0.000503492 0.000647586 0.000520415 0.000201767 0.000104511 9.20143e-05 8.41137e-05 0.000118136 0.000254479 0.000411365 0.000307561 0.000140081 0.000118937 0.000178319 0.000158643 0.000215934 0.000489177 0.000513342 0.00022118 9.35113e-05 4.7105e-05 4.63094e-05 0.000126612
0.00311886 0.000121512 0.000305605 0.00146424 0.00198558 0.00108376 0.0011691 0.00093487 0.000388666 0.000177036 0.000107313 7.51698e-05 0.000137577 0.000362762 0.000588737 0.000562913 0.000411982 0.000352672 0.000343195 0.000284276 0.000638871 0.00145833 0.00077659 0.000418057 0.000225224 8.15689e-05 8.06329e-05 0.000140908
0.00304584 0.000155655 0.000307523 0.00135539 0.00146106 0.000647682 0.000583607 0.000476436 0.000254893 0.000116256 6.16561e-05 5.61845e-05 0.000116749 0.000355474 0.000709378 0.000999807 0.0013695 0.00107439 0.000580573 0.000424033 0.0010749 0.0021383 0.00159982 0.00191311 0.00072491 9.17995e-05 6.30885e-05 0.000101901
0.00327499 0.000174721 0.000310757 0.00145635 0.00173478 0.00083343 0.000778801 0.000706136 0.000381705 0.000176793 0.000108012 0.000175533 0.000666867 0.00248461 0.00585851 0.0102884 0.0154748 0.0131726 0.00628179 0.00352795 0.00532198 0.0082623 0.0145751 0.0242875 0.00352639 0.000153993 6.60634e-05 8.58311e-05
0.00298381 0.000125313 0.000166594 0.00078315 0.00104145 0.000604391 0.000631442 0.000554332 0.000222744 8.83532e-05 6.65853e-05 0.000185779 0.00113053 0.00613936 0.0224316 0.05395 0.0870781 0.0835485 0.0333308 0.00830213 0.00369616 0.00364929 0.0160083 0.0313672 0.00392201 0.000265199 0.000135522 0.000137358
0.00322149 0.000107515 0.000125578 0.000632425 0.000746009 0.00037223 0.000404485 0.000331488 0.000131385 5.7556e-05 0.000105793 0.000486512 0.00248988 0.0197764 0.117139 0.269001 0.357407 0.31145 0.118467 0.0190158 0.00561261 0.00662935 0.0219302 0.023709 0.0025101 0.000382432 0.0002403 0.000189396
0.002003 4.66256e-05 6.15378e-05 0.000403126 0.000508664 0.000293534 0.000355837 0.00037017 0.000206104 0.000228757 0.00156462 0.0137484 0.0807362 0.394473 0.744851 0.835479 0.82331 0.758473 0.584777 0.310072 0.165487 0.134894 0.0740314 0.0104218 0.000858945 0.000215644 0.000108711 0.000107318
0.00124322 2.43887e-05 4.39999e-05 0.000359925 0.000486335 0.000333053 0.000532548 0.000763654 0.000951481 0.00334318 0.0480264 0.351308 0.702693 0.876094 0.932772 0.939407 0.922327 0.890103 0.836114 0.874325 0.874011 0.649364 0.127025 0.00573578 0.000556477 0.000120966 2.89072e-05 3.97132e-05
0.00181751 4.24446e-05 5.71323e-05 0.000302408 0.000408459 0.00031691 0.000486584 0.000977222 0.00273442 0.0316081 0.507858 0.846164 0.859445 0.792946 0.744832 0.771865 0.779555 0.824839 0.887982 0.965957 0.979334 0.893719 0.33314 0.0330031 0.00284572 0.000191349 2.95077e-05 3.38479e-05
0.00291519 6.37166e-05 4.86161e-05 0.000161758 0.000222963 0.000196149 0.000423265 0.00119674 0.00517424 0.121406 0.747878 0.7896 0.608279 0.350174 0.270267 0.427218 0.620028 0.805307 0.936021 0.981823 0.974353 0.884445 0.618476 0.167594 0.00867916 0.000270111 5.15574e-05 5.32064e-05
0.00275823 4.97504e-05 2.85528e-05 9.79399e-05 0.000205722 0.000226876 0.000480701 0.00228231 0.0324245 0.505244 0.8125 0.571236 0.298348 0.187783 0.253855 0.566088 0.853775 0.94152 0.974143 0.970123 0.817198 0.47263 0.323651 0.120555 0.00758901 0.000335078 7.82074e-05 6.34584e-05
0.00217766 2.78278e-05 2.13307e-05 0.000106283 0.000321183 0.000324296 0.000628066 0.00753618 0.249871 0.870258 0.863424 0.607292 0.523527 0.425265 0.475564 0.72894 0.909857 0.973402 0.97615 0.780965 0.114901 0.0290189 0.0270226 0.0237098 0.00398606 0.000401912 7.48669e-05 6.42363e-05
0.00149615 1.56171e-05 1.59359e-05 9.21235e-05 0.000310256 0.00038189 0.00113853 0.0226068 0.582948 0.933364 0.869285 0.666182 0.574203 0.389622 0.301649 0.533135 0.84106 0.928861 0.787283 0.0797526 0.00287737 0.00132022 0.00218272 0.00257746 0.000566759 0.000102407 2.44404e-05 4.98005e-05
0.00134747 1.31117e-05 1.68041e-05 9.82474e-05 0.000361859 0.00061961 0.00275214 0.0562227 0.54946 0.806748 0.614513 0.24004 0.0904228 0.0301719 0.0369727 0.306916 0.866855 0.923088 0.37042 0.00779613 0.000771499 0.000499565 0.000543645 0.00038047 6.49216e-05 2.118e-05 1.06819e-05 4.15536e-05
0.0027887 3.88864e-05 4.10312e-05 0.000146317 0.00069317 0.00204869 0.0109605 0.09208 0.210504 0.19074 0.068945 0.0127975 0.00339783 0.00251546 0.0230174 0.470751 0.941835 0.939823 0.267943 0.00651368 0.000953622 0.000290138 0.000133689 9.05694e-05 1.98712e-05 1.16059e-05 1.14875e-05 3.56331e-05
0.00604242 0.000109525 7.46621e-05 0.000186756 0.00122662 0.00790556 0.0365978 0.0651032 0.0291601 0.0116036 0.00433299 0.00106709 0.00082024 0.00493704 0.170336 0.90696 0.977981 0.900024 0.195935 0.00515469 0.000481909 9.19558e-05 4.27191e-05 4.74959e-05 2.52592e-05 2.93092e-05 2.55714e-05 3.36891e-05
0.0119161 0.000336594 0.000140424 0.00027241 0.00209206 0.0106782 0.0254008 0.0165973 0.00461393 0.00202964 0.000746332 0.000446061 0.00285681 0.0840347 0.79686 0.978494 0.967498 0.685824 0.068191 0.00168076 0.000150716 4.72028e-05 2.65633e-05 4.158e-05 0.000110913 0.000293545 0.000138617 5.15849e-05
0.0181501 0.000673374 0.000254597 0.000452771 0.00341236 0.0100372 0.00665737 0.00293727 0.00195351 0.00108314 0.000637138 0.00189488 0.0435032 0.696212 0.955132 0.942211 0.667744 0.0874207 0.00653322 0.000455749 9.01435e-05 4.76977e-05 3.59208e-05 9.81724e-05 0.000927499 0.00424651 0.000983776 0.000143254
0.00845605 0.000224851 0.000118748 0.000433821 0.00400295 0.00964217 0.00322377 0.000825493 0.000513307 0.000368749 0.000834444 0.0157505 0.458121 0.942982 0.92969 0.521719 0.0526541 0.00363223 0.00074942 0.000221046 0.000132205 0.000101762 9.48563e-05 0.00034167 0.00482827 0.0229026 0.00472126 0.000477642
0.00259556 4.84542e-05 4.23368e-05 0.000386681 0.00363233 0.00639681 0.00169493 0.000251764 0.000147508 0.00021633 0.00172454 0.084372 0.756019 0.94181 0.738985 0.0573271 0.0036276 0.000730534 0.00047812 0.00053054 0.00052694 0.00034536 0.000389154 0.00144828 0.00745095 0.0144859 0.00436744 0.000604393
0.00178056 2.84526e-05 3.58711e-05 0.000511345 0.00377332 0.00390432 0.000832106 0.000169837 0.000174999 0.000738947 0.0138666 0.306963 0.842197 0.912521 0.414046 0.0114442 0.00144818 0.00110478 0.00198749 0.00321149 0.00313592 0.00141557 0.00129623 0.00304007 0.002829 0.00121988 0.000374875 0.000150225
0.00208352 5.02541e-05 5.91598e-05 0.000732029 0.00355396 0.00190945 0.000587217 0.000250697 0.000498907 0.00675811 0.151418 0.696609 0.887055 0.895146 0.327557 0.0102675 0.00397284 0.00629988 0.00801814 0.00755468 0.00588638 0.00232544 0.00155994 0.0015976 0.000517077 0.000117704 4.17462e-05 5.16564e-05
0.0021518 6.32162e-05 7.73457e-05 0.000659753 0.00160053 0.000640658 0.000504344 0.000760568 0.00397293 0.0771182 0.547382 0.83693 0.870396 0.856753 0.330236 0.018846 0.0122739 0.0170413 0.0145897 0.0103294 0.00377759 0.0010423 0.000857786 0.000718094 0.000135481 3.40493e-05 2.50419e-05 5.31201e-05
0.00215702 3.57327e-05 4.28077e-05 0.000240869 0.000394779 0.00019344 0.000340807 0.00191349 0.020139 0.248336 0.613209 0.752618 0.831854 0.771137 0.218442 0.0142759 0.00578294 0.0062374 0.00808392 0.00603254 0.00111959 0.000217586 0.000184341 0.000184319 4.53048e-05 2.14983e-05 2.67572e-05 5.76306e-05
0.00240709 2.89577e-05 3.39196e-05 0.000163127 0.000203313 0.000129325 0.00027971 0.00174241 0.0173183 0.0947369 0.124748 0.154743 0.382271 0.368045 0.0529177 0.0032758 0.000630678 0.000562941 0.00170354 0.00189506 0.000232223 4.69956e-05 5.57368e-05 8.36481e-05 3.82795e-05 2.11683e-05 2.31084e-05 4.11218e-05
0.00447234 0.00011083 0.000164127 0.000519443 0.000543217 0.000430842 0.00060408 0.00186854 0.00710103 0.0130135 0.00658624 0.00815568 0.0404644 0.0573042 0.0113945 0.00107996 0.000253305 0.000284706 0.00137478 0.00170739 0.000266298 9.0674e-05 0.000173183 0.000307249 0.00020829 9.9071e-05 4.34453e-05 8.38915e-05
0.0188143 0.00276734 0.00351025 0.00441811 0.00429965 0.00369948 0.00350693 0.00462347 0.00845417 0.00919493 0.00496445 0.00631035 0.0150594 0.0185071 0.0102364 0.00317547 0.00144974 0.00188789 0.00470983 0.00535336 0.00212045 0.00155401 0.00265158 0.00359362 0.00375337 0.0023918 0.00138652 0.00332424
