0.0199686 0.00162667 0.00105605 0.00136562 0.00195714 0.00245946 0.00274943 0.00175157 0.00137277 0.00140548 0.00219616 0.00218363 0.00114353 0.000620398 0.000621114 0.00127396 0.00159381 0.000870834 0.000455522 0.000451988 0.000913299 0.00141559 0.00113788 0.000858537 0.000631068 0.000457859 0.000351958 0.00134178
0.00478915 9.95761e-05 0.000127311 0.000319076 0.00053456 0.000687208 0.000813646 0.00050196 0.00049365 0.000854672 0.00184846 0.00109926 0.000196206 5.20497e-05 7.16156e-05 0.00019135 0.000187212 7.77579e-05 3.23419e-05 4.22825e-05 0.000102682 0.000127303 9.45276e-05 6.89893e-05 4.19727e-05 2.86352e-05 1.59776e-05 6.25139e-05
0.00365602 0.000163954 0.000332283 0.00129274 0.00231816 0.00216847 0.00276844 0.00199073 0.00417453 0.0291428 0.0487938 0.00676997 0.000494111 9.36387e-05 0.000138467 0.000357781 0.000227513 8.45069e-05 4.70969e-05 7.30243e-05 0.000110076 8.85188e-05 8.56467e-05 0.000101843 4.57191e-05 2.22781e-05 1.47431e-05 4.44301e-05
0.00427249 0.000241454 0.00034854 0.00120445 0.00176324 0.000965134 0.000879214 0.00149359 0.0171364 0.333473 0.404031 0.0297296 0.00161827 0.000221394 0.00015648 0.000204791 0.000108016 4.91547e-05 4.41703e-05 7.44392e-05 5.96488e-05 4.4099e-05 8.88727e-05 0.000227379 0.000111949 3.171e-05 1.83175e-05 2.78222e-05
0.0101952 0.000643182 0.000603215 0.00176468 0.00239751 0.000963046 0.0010928 0.00656738 0.17136 0.863497 0.789613 0.0851481 0.00588795 0.000806245 0.000416273 0.000425016 0.000255492 0.000146435 0.000144233 0.000195925 0.000148484 0.000155151 0.000529447 0.00235128 0.000907981 0.00011739 4.11125e-05 2.38512e-05
0.00550327 0.000256616 0.000303054 0.00146726 0.00244491 0.00116071 0.00154416 0.0219222 0.567461 0.942464 0.691034 0.0369136 0.00399695 0.000978932 0.000738454 0.000884416 0.000475443 0.000248343 0.000279636 0.00027606 0.000176661 0.000299564 0.00189347 0.015812 0.00927365 0.000819173 0.000113812 2.60545e-05
0.00231221 0.000116531 0.000320601 0.00242911 0.0048226 0.00220796 0.00264444 0.0700843 0.811916 0.92965 0.45768 0.0202171 0.00413202 0.00191167 0.00257299 0.00443734 0.00239377 0.00107457 0.000877781 0.000435868 0.000284959 0.000951515 0.00575773 0.0416468 0.0348721 0.00232019 0.000138094 2.51327e-05
0.00240123 0.00013785 0.000429421 0.00237365 0.00466773 0.00249818 0.00496511 0.18859 0.87687 0.891101 0.357056 0.0323475 0.0117244 0.00766222 0.0115635 0.0289609 0.022758 0.00852116 0.00237106 0.000388496 0.000297317 0.00144101 0.00657661 0.0245543 0.0145078 0.00106969 0.000121236 3.95234e-05
0.00351454 0.000187694 0.000364795 0.00132693 0.00232027 0.00175737 0.00601522 0.240871 0.836771 0.786937 0.303523 0.0471084 0.0245285 0.0185768 0.0303138 0.117308 0.14202 0.0499541 0.00571585 0.000543893 0.00058787 0.00295255 0.00818832 0.0108903 0.00310147 0.000466065 0.000167027 0.000104752
0.00432729 0.000273625 0.000749069 0.0028299 0.00270334 0.00187971 0.00810821 0.183551 0.651119 0.526268 0.140931 0.0170484 0.00650356 0.00910072 0.0353299 0.337743 0.665195 0.487486 0.095125 0.0122408 0.0119858 0.020752 0.0165948 0.00604566 0.0011536 0.000293947 0.000211296 0.000195904
0.00396748 0.000334431 0.00169976 0.00500539 0.00264015 0.00172421 0.0124232 0.212086 0.588063 0.355736 0.0424669 0.00345609 0.00135015 0.00306733 0.0225035 0.442157 0.904972 0.911813 0.736873 0.382143 0.278987 0.192497 0.0711739 0.0121949 0.00155509 0.000383089 0.00022934 0.000188727
0.00391576 0.000229584 0.000559373 0.0010268 0.000902334 0.00158261 0.0199811 0.306724 0.595044 0.26848 0.0270095 0.00209631 0.000769481 0.00257202 0.0425689 0.661335 0.960579 0.95958 0.856525 0.763346 0.842584 0.787083 0.328186 0.0356601 0.00321552 0.000346298 0.00011449 9.91741e-05
0.00313645 5.66128e-05 3.87157e-05 8.79433e-05 0.000406906 0.00304204 0.0457645 0.543101 0.742214 0.307809 0.0324697 0.00175558 0.000796107 0.00834434 0.278604 0.915671 0.946221 0.711031 0.23655 0.355017 0.905594 0.950377 0.549364 0.0474024 0.00300496 0.000144741 2.58724e-05 3.17053e-05
0.00231941 2.33974e-05 8.33952e-06 3.09822e-05 0.000484009 0.0072547 0.107246 0.805583 0.911615 0.504743 0.0425564 0.00193832 0.00222486 0.0734173 0.8475 0.97008 0.742858 0.0506911 0.00374341 0.0249621 0.871872 0.975092 0.597487 0.0349306 0.00135252 5.82773e-05 8.81581e-06 1.37906e-05
0.00236998 1.98913e-05 9.68834e-06 6.17277e-05 0.00106031 0.0119994 0.104384 0.734016 0.927429 0.618601 0.0453103 0.00289858 0.00867734 0.520194 0.981504 0.971246 0.213825 0.00122644 0.000198942 0.0117137 0.880466 0.965625 0.424545 0.0137387 0.000607064 3.69684e-05 8.57863e-06 1.54647e-05
0.00265524 2.67594e-05 1.73157e-05 0.000117866 0.00125884 0.00755775 0.0530796 0.533396 0.913373 0.783187 0.101929 0.0120754 0.0705736 0.878535 0.986983 0.856389 0.0199 0.000238695 0.000272179 0.0322891 0.892303 0.931789 0.267077 0.0122097 0.00153186 0.000153299 3.33573e-05 3.03868e-05
0.00279773 3.67528e-05 2.84344e-05 0.000144546 0.000906551 0.00285421 0.0204619 0.328194 0.855321 0.864559 0.448992 0.180328 0.547144 0.969096 0.9731 0.356564 0.00603583 0.00106911 0.00734958 0.380998 0.93181 0.852729 0.217952 0.0204365 0.00476597 0.00068073 0.00012009 6.20497e-05
0.00504017 0.000108578 0.000104206 0.000337429 0.00148655 0.00338989 0.0257285 0.30516 0.767518 0.898601 0.863533 0.803662 0.919937 0.980936 0.891644 0.142537 0.0158863 0.033489 0.534357 0.945257 0.946385 0.671783 0.116266 0.0145622 0.00263963 0.000379376 8.60226e-05 6.73069e-05
0.0100456 0.000395679 0.000409339 0.0010495 0.00520587 0.017093 0.128413 0.467799 0.66761 0.873287 0.959133 0.9729 0.986756 0.986282 0.79638 0.253086 0.238572 0.754291 0.975928 0.962851 0.69014 0.133286 0.0186155 0.00413411 0.000739941 0.000131463 3.71699e-05 4.44034e-05
0.0122974 0.000567169 0.000427264 0.00108489 0.00878966 0.0330498 0.126941 0.183547 0.188034 0.364523 0.771109 0.896628 0.963866 0.982199 0.909046 0.869024 0.933292 0.962052 0.947236 0.57396 0.0413063 0.00429016 0.00156958 0.000792222 0.000244113 7.60044e-05 1.82448e-05 2.63682e-05
0.008444 0.000198043 0.000136455 0.00055909 0.00999118 0.0335753 0.0350785 0.0164303 0.0120059 0.0202481 0.0529929 0.147605 0.491035 0.808111 0.879064 0.970914 0.986043 0.966157 0.715408 0.0547029 0.00347002 0.000813864 0.000367173 0.000321932 0.000123022 3.89587e-05 8.38428e-06 1.63929e-05
0.00305605 3.46354e-05 2.68875e-05 0.000325248 0.0202871 0.076654 0.0345821 0.00976939 0.00387894 0.00239771 0.00251407 0.00478773 0.0266164 0.125394 0.495451 0.87113 0.920833 0.825353 0.227912 0.0129298 0.00220635 0.000872759 0.000330837 0.000218942 5.8736e-05 1.81051e-05 4.99165e-06 1.38386e-05
0.0013763 1.26575e-05 1.48052e-05 0.000581833 0.0342684 0.118185 0.0459236 0.0113824 0.00322306 0.000676012 0.000388021 0.000457767 0.00153387 0.0123972 0.143365 0.439961 0.311431 0.0826947 0.0141134 0.0032692 0.00210252 0.00131683 0.000330765 0.000114327 3.23969e-05 1.41488e-05 5.83585e-06 1.97597e-05
0.00194333 3.28437e-05 6.49677e-05 0.00223857 0.0360373 0.0688132 0.0316491 0.00771183 0.00189439 0.000288729 0.000166091 0.000245508 0.000646804 0.00492478 0.0377589 0.0564119 0.0128695 0.00183889 0.000776581 0.000606867 0.000909335 0.000777229 0.000189739 7.82426e-05 3.12116e-05 1.90971e-05 1.79523e-05 4.56389e-05
0.00501041 0.000118278 0.000257897 0.0031844 0.0143607 0.0151878 0.00820806 0.00228919 0.000418527 7.95195e-05 6.98513e-05 0.000165939 0.000501272 0.00246073 0.00599839 0.00281269 0.000574393 0.000122772 8.8958e-05 0.000132845 0.000168593 0.000110247 5.08889e-05 3.87901e-05 3.02005e-05 4.06239e-05 5.92658e-05 8.7573e-05
0.00400676 5.79167e-05 0.0001096 0.00110626 0.00485248 0.00598417 0.00273974 0.000478525 4.99544e-05 1.36658e-05 2.66028e-05 0.000110316 0.000514656 0.00180496 0.0017274 0.000455315 8.55664e-05 2.85039e-05 4.27069e-05 8.83812e-05 7.0222e-05 3.71221e-05 2.57763e-05 3.56085e-05 6.48545e-05 0.000104841 0.000113226 0.00010069
0.00389439 7.88583e-05 0.0001355 0.000945089 0.00609875 0.00911323 0.0035331 0.000472625 5.98052e-05 2.84574e-05 8.61252e-05 0.00040938 0.00194381 0.00426707 0.00318295 0.000860273 0.000224351 0.000118252 0.000231608 0.000407856 0.000253475 0.000153298 0.000122153 0.000208391 0.000516428 0.000552754 0.00020717 0.000208165
0.017256 0.00194401 0.00226564 0.00435363 0.0093093 0.0106873 0.00727739 0.00292168 0.00125867 0.00102137 0.00189352 0.00408966 0.00757684 0.0101081 0.00954412 0.00542 0.00325484 0.00251897 0.00338873 0.00397065 0.0028006 0.00228072 0.00228337 0.00303456 0.00553836 0.00466837 0.00251698 0.00485524
