0.00920556 0.000292151 0.000135232 0.000322676 0.00139678 0.00231659 0.00196678 0.00178517 0.00218203 0.00231596 0.0017919 0.00179586 0.00314397 0.00631969 0.0075442 0.00446961 0.00176714 0.000742518 0.00077135 0.0012974 0.00193094 0.00156929 0.000859269 0.000696919 0.00105749 0.0013606 0.000848177 0.00156324
0.00262622 1.73977e-05 8.63767e-06 2.92519e-05 0.00015585 0.000274645 0.000228391 0.000227111 0.000392676 0.000451523 0.000316136 0.00049095 0.00158479 0.0029735 0.00183815 0.000581145 0.00013091 3.94819e-05 4.95866e-05 0.000154279 0.000336658 0.000269748 0.000114295 8.58081e-05 0.000148913 0.00020915 5.53767e-05 7.71619e-05
0.0030801 2.77103e-05 1.38186e-05 4.01626e-05 0.000199087 0.0004163 0.00049089 0.000555265 0.00124712 0.00171394 0.0015668 0.00530834 0.0209226 0.0150392 0.0044574 0.00115289 0.000244345 7.53063e-05 0.000101404 0.000443188 0.000731849 0.000485273 0.000234197 0.000176983 0.000155392 0.000116649 3.19288e-05 5.1172e-05
0.00185038 1.31194e-05 4.96401e-06 1.62941e-05 0.000120053 0.000427424 0.000587674 0.000537245 0.000782809 0.00103562 0.00226972 0.0124981 0.0234196 0.0093847 0.00615461 0.00458471 0.000932474 0.000198655 0.000368099 0.00130068 0.00105035 0.000445341 0.000172844 0.00010877 5.32949e-05 2.88398e-05 1.08068e-05 2.54173e-05
0.00113043 5.04971e-06 2.34026e-06 1.73052e-05 0.000342113 0.00191514 0.00326233 0.00241804 0.00186509 0.0027061 0.0101955 0.0333976 0.0198465 0.0122547 0.0483139 0.118254 0.0264191 0.00407268 0.00624257 0.00822657 0.00268456 0.000636542 0.000193696 0.000108247 4.78032e-05 1.92417e-05 7.27866e-06 1.82804e-05
0.00122709 5.38013e-06 2.02578e-06 2.02195e-05 0.000772811 0.00691966 0.0299814 0.0450801 0.0242378 0.0265509 0.051092 0.0545546 0.017688 0.0256067 0.265447 0.571333 0.255089 0.0401564 0.0214109 0.00558749 0.00102601 0.000212486 6.45529e-05 5.7292e-05 3.57921e-05 2.00172e-05 2.02752e-05 4.77007e-05
0.0018771 1.26833e-05 5.92764e-06 7.19481e-05 0.00313161 0.0383148 0.250552 0.576115 0.483524 0.436048 0.449036 0.313512 0.169073 0.224381 0.602986 0.797198 0.621898 0.169202 0.0258873 0.00155246 0.000262024 8.7602e-05 3.86152e-05 7.25721e-05 6.82419e-05 6.119e-05 0.000113818 0.000165074
0.00338114 5.78777e-05 7.63777e-05 0.00149445 0.029651 0.162846 0.633313 0.920354 0.919425 0.925112 0.944703 0.928777 0.890979 0.870315 0.894578 0.915785 0.888048 0.501957 0.0371652 0.000767383 0.000107495 5.26696e-05 4.25802e-05 0.000129961 0.00010606 6.92479e-05 0.0001125 0.000168171
0.00600185 0.000376326 0.0013562 0.0272667 0.168821 0.332801 0.687368 0.904278 0.915613 0.933065 0.97541 0.984929 0.982818 0.978229 0.961274 0.955616 0.934594 0.508375 0.0216339 0.000341862 6.72703e-05 6.7471e-05 9.12694e-05 0.000253409 0.000128674 4.43025e-05 3.6108e-05 6.55036e-05
0.00408203 0.00025718 0.00183922 0.0419078 0.141432 0.210972 0.377985 0.536821 0.534974 0.474801 0.692152 0.852357 0.923317 0.970952 0.961965 0.944365 0.814718 0.113772 0.0021798 7.06442e-05 3.24851e-05 5.73185e-05 0.000121283 0.000299256 0.00012503 3.3659e-05 1.53053e-05 3.55213e-05
0.00240319 8.53698e-05 0.000319457 0.00547887 0.0159371 0.0218323 0.036943 0.0550171 0.0437525 0.0186528 0.0311641 0.0924593 0.402756 0.915707 0.976178 0.960679 0.57664 0.0177066 0.000468622 5.03855e-05 5.94115e-05 0.000146413 0.00025989 0.000411036 0.00011856 2.65237e-05 8.29901e-06 2.45396e-05
0.00216791 4.63339e-05 6.71404e-05 0.000492797 0.00122724 0.0018879 0.00456436 0.01091 0.00707899 0.00245956 0.0038711 0.0107527 0.153919 0.885324 0.986959 0.976924 0.484906 0.0177914 0.000890208 0.000192382 0.000320506 0.000712865 0.000953758 0.00063521 8.64452e-05 1.34366e-05 5.48571e-06 1.5487e-05
0.00201205 3.01537e-05 2.553e-05 0.000119998 0.000298627 0.000610354 0.00341082 0.0185708 0.01852 0.00901056 0.0170705 0.0319863 0.257336 0.935766 0.990967 0.970896 0.52918 0.0512352 0.00669131 0.00234206 0.00310431 0.00545905 0.00550418 0.0019282 0.000211434 3.65877e-05 1.59688e-05 2.70207e-05
0.00236801 3.34379e-05 1.7569e-05 6.35392e-05 0.000214363 0.000452073 0.00350454 0.0425032 0.160694 0.251085 0.323179 0.371251 0.697636 0.961433 0.986088 0.956445 0.780787 0.50964 0.325401 0.267423 0.305372 0.367287 0.263537 0.0742754 0.0124203 0.00206983 0.000674819 0.000189991
0.00277881 3.88065e-05 2.05236e-05 6.87339e-05 0.000308548 0.000690475 0.00415852 0.064684 0.397331 0.686259 0.746209 0.765456 0.915833 0.974066 0.972451 0.937777 0.921851 0.949604 0.948024 0.959017 0.973451 0.967956 0.90841 0.71621 0.453529 0.181366 0.0369253 0.00144865
0.00281569 4.34297e-05 2.45271e-05 9.07005e-05 0.00047182 0.00112989 0.00393328 0.0246517 0.11038 0.2129 0.366729 0.658854 0.929115 0.973453 0.951713 0.90201 0.941418 0.957281 0.925284 0.925088 0.93957 0.936125 0.899061 0.911791 0.89324 0.624126 0.0818517 0.00141812
0.00253206 3.62923e-05 2.64963e-05 0.000112649 0.000410545 0.000755531 0.00188107 0.00401872 0.0055529 0.00753622 0.0261135 0.278213 0.900919 0.970584 0.938673 0.854316 0.818616 0.649007 0.200825 0.0919465 0.102246 0.134492 0.302118 0.689101 0.75148 0.288809 0.0108794 0.000212609
0.00182327 2.05567e-05 1.89465e-05 0.000105491 0.00041089 0.000809735 0.00181808 0.00260875 0.00180393 0.00148937 0.00600502 0.139286 0.904648 0.976695 0.902972 0.571623 0.183476 0.0297746 0.00254777 0.00073973 0.00122069 0.00269485 0.0173175 0.127825 0.208287 0.0395682 0.000742849 3.07098e-05
0.00154017 1.31659e-05 1.45503e-05 0.000126835 0.000676269 0.00186473 0.00328042 0.00314074 0.00225991 0.00108795 0.00366493 0.130645 0.895787 0.977048 0.85717 0.204263 0.0173224 0.00196756 0.000364251 0.000161623 0.0002383 0.000619956 0.00320367 0.0288063 0.0525571 0.00561021 0.000145879 1.82627e-05
0.00144714 1.19891e-05 1.20011e-05 0.000124324 0.000941347 0.00235425 0.0023527 0.0012365 0.000766439 0.000449532 0.00191684 0.108292 0.888853 0.9763 0.847201 0.142071 0.0135984 0.00307061 0.00111028 0.000466543 0.00049705 0.000847958 0.00138213 0.00570609 0.00977205 0.00141218 6.31928e-05 2.06863e-05
0.00163678 1.46598e-05 1.22568e-05 0.000139744 0.00111557 0.0016816 0.00079809 0.000226363 0.000142228 0.000180808 0.00177868 0.142781 0.86958 0.956147 0.730082 0.10224 0.0312428 0.02767 0.0114219 0.00266727 0.00186153 0.00155898 0.00138158 0.00255312 0.00188604 0.000410479 3.05187e-05 2.28943e-05
0.0025546 4.41886e-05 4.66467e-05 0.000389141 0.00133397 0.000823563 0.000239867 5.55589e-05 5.11739e-05 0.000182922 0.00651081 0.448961 0.931503 0.948463 0.613647 0.113851 0.102154 0.186439 0.0722218 0.00965085 0.00486629 0.00261096 0.00155067 0.00171881 0.000544114 0.000141495 2.14962e-05 2.77858e-05
0.00394035 0.000150861 0.000198704 0.000691284 0.00112988 0.000507482 0.000175678 6.32945e-05 0.00012758 0.00123986 0.0552082 0.838317 0.967932 0.903002 0.379763 0.108312 0.174147 0.295849 0.100791 0.0117854 0.00519406 0.00257654 0.0013635 0.0011095 0.000260101 8.24788e-05 2.44308e-05 3.33996e-05
0.00352047 0.000123241 0.000114241 0.000369569 0.00120529 0.00134086 0.00081502 0.000426011 0.00114618 0.0071518 0.171274 0.893574 0.931049 0.723839 0.223844 0.0950718 0.146064 0.160837 0.0375008 0.00658844 0.00290699 0.00114611 0.00069812 0.000675504 0.000186813 6.04225e-05 2.35282e-05 2.90303e-05
0.00298396 2.57238e-05 1.54552e-05 0.000133495 0.00254495 0.00574713 0.00308578 0.00131783 0.00210377 0.00669223 0.0817979 0.566653 0.565265 0.252836 0.0726187 0.0344101 0.0251273 0.0143566 0.00432338 0.00132688 0.000505805 0.000181023 0.000140778 0.000223443 9.67138e-05 2.92518e-05 1.01421e-05 1.32838e-05
0.00170583 5.88922e-06 3.2273e-06 5.86265e-05 0.00256557 0.00600753 0.00249125 0.000877836 0.000641955 0.00106577 0.00612502 0.0395033 0.0632041 0.0333775 0.00911058 0.00296464 0.00130368 0.000780207 0.000556346 0.000307217 9.39642e-05 4.16301e-05 6.44397e-05 0.000138081 4.9425e-05 9.58833e-06 2.89393e-06 5.8903e-06
0.0017394 1.17754e-05 1.2877e-05 0.00014009 0.00204712 0.0031509 0.00182764 0.000830351 0.000412697 0.000438553 0.00120041 0.0050741 0.0145912 0.0119687 0.00368168 0.00119688 0.000759381 0.000702284 0.000817266 0.000599849 0.000210262 0.000112808 0.000240572 0.000413695 0.000103253 2.22979e-05 6.99878e-06 2.16015e-05
0.012287 0.000953539 0.0010619 0.00228896 0.00460662 0.00489017 0.00456449 0.00302804 0.00240219 0.00244276 0.00314142 0.00613558 0.0106659 0.00958679 0.00581685 0.00380098 0.00299742 0.00329818 0.0046618 0.00430842 0.0023783 0.00177072 0.00277867 0.00346845 0.00196873 0.000961091 0.000689532 0.00209906
