0.00637759 0.000168962 0.000143412 0.000447474 0.00118304 0.00133687 0.000968409 0.00070746 0.00103336 0.00265488 0.00556423 0.00513282 0.00435904 0.00319557 0.00188574 0.00223129 0.00221698 0.00207291 0.00276741 0.00251422 0.00129279 0.000854183 0.00100679 0.00127355 0.00140511 0.000995824 0.000664978 0.00136972
0.00153725 8.43544e-06 7.37964e-06 4.5957e-05 0.000339736 0.000632163 0.000264232 0.000139615 0.000295434 0.001353 0.00452266 0.00344295 0.00138191 0.000426239 0.000222531 0.000287567 0.000186658 0.000185697 0.00036749 0.000415592 0.000267073 0.000210773 0.000176438 0.000146886 0.000158692 0.0001363 8.09784e-05 0.000111563
0.00133755 1.03517e-05 9.07523e-06 0.000109431 0.00177017 0.00474645 0.00230333 0.000942062 0.00274171 0.0283372 0.0982978 0.0494894 0.0065189 0.000507311 0.000231991 0.00032916 0.000194919 0.000309849 0.000733166 0.00116527 0.00109117 0.000697172 0.000364883 0.000229817 0.000195201 0.000177674 0.000169165 0.000177271
0.00118563 1.20243e-05 8.87086e-06 0.000171989 0.00539358 0.0173498 0.00739755 0.00489135 0.0360675 0.449269 0.806637 0.503849 0.0224004 0.00031022 9.2927e-05 0.000132757 0.000144128 0.000501472 0.00101001 0.000958008 0.000615565 0.000287968 0.000148472 0.00015202 0.000157732 0.000146518 0.00013748 0.000128593
0.00157965 1.51597e-05 1.19553e-05 0.000330407 0.0152098 0.036337 0.0225855 0.0485025 0.433779 0.9565 0.986057 0.868966 0.0552458 0.000392152 0.000141002 0.000355906 0.000675726 0.00291127 0.00347438 0.00115713 0.000401918 0.000215938 0.000205646 0.00039645 0.000472494 0.000283037 0.000124629 8.24086e-05
0.00148126 1.34863e-05 1.34431e-05 0.000245871 0.00358376 0.00652309 0.0162787 0.16793 0.835112 0.986474 0.988847 0.763091 0.0207615 0.000303755 0.0002003 0.000667694 0.00166532 0.00456986 0.00239549 0.000388228 0.000133804 0.000120173 0.000157381 0.000348557 0.000515781 0.000368069 0.000181913 0.00012641
0.00126758 1.36958e-05 1.97729e-05 0.000155837 0.000878243 0.00270087 0.0248433 0.522895 0.953043 0.987638 0.971668 0.321103 0.00472514 0.000305485 0.000351465 0.000991342 0.00214524 0.0034907 0.00115195 0.000176736 0.000102374 0.000131958 0.000154984 0.000408306 0.000732346 0.000726266 0.000526285 0.000308904
0.00363528 7.31658e-05 9.84731e-05 0.000382129 0.00185176 0.0154991 0.263089 0.890823 0.974781 0.97252 0.814179 0.0548578 0.00265728 0.000802775 0.000634749 0.000908202 0.00238191 0.0033188 0.000521358 7.33426e-05 6.47258e-05 9.61468e-05 0.000154822 0.000551132 0.000923559 0.000700164 0.000535853 0.000340435
0.0151775 0.000707892 0.000579382 0.00134282 0.01347 0.219773 0.855005 0.977635 0.979497 0.88999 0.252972 0.0115385 0.00315858 0.00215988 0.000890995 0.000933754 0.00415431 0.00556883 0.000628629 0.000106088 0.000108009 0.000190279 0.000527811 0.00173795 0.00148431 0.000474175 0.000199644 0.000118419
0.0178052 0.00083828 0.000417229 0.000928365 0.0122223 0.271075 0.923021 0.981917 0.935379 0.449898 0.0332881 0.00323949 0.00146097 0.000980539 0.000552548 0.00133152 0.009045 0.0165383 0.00563023 0.00339042 0.00457479 0.00686018 0.0187952 0.0229616 0.00466952 0.000462137 0.000125214 5.91622e-05
0.00860899 0.000146753 4.39663e-05 9.43775e-05 0.00171443 0.117813 0.930181 0.985666 0.865715 0.115387 0.00716171 0.00115925 0.000458145 0.000443678 0.00115278 0.00573765 0.0318518 0.111387 0.158759 0.201539 0.239111 0.272688 0.322839 0.16331 0.0194701 0.00124686 0.000224105 7.11373e-05
0.00408485 2.97729e-05 8.12595e-06 2.18403e-05 0.000516082 0.0524004 0.926145 0.986999 0.807512 0.0621956 0.00304957 0.000549205 0.000513318 0.00262649 0.0188902 0.0974287 0.364236 0.750989 0.902854 0.912458 0.880477 0.870636 0.792688 0.499428 0.114512 0.00975814 0.00109609 0.000120253
0.00197791 1.17511e-05 4.42015e-06 1.95663e-05 0.000542467 0.0600039 0.927729 0.98489 0.780188 0.0500182 0.0036659 0.00127878 0.0036329 0.0595755 0.276127 0.570034 0.852786 0.921891 0.928573 0.914929 0.897644 0.894708 0.795404 0.646076 0.498333 0.127296 0.00671715 0.00018706
0.00187099 1.55981e-05 1.08852e-05 7.84717e-05 0.00161214 0.0980036 0.91773 0.98241 0.844928 0.113006 0.0141894 0.00690498 0.027844 0.406345 0.785679 0.882544 0.914414 0.824685 0.665913 0.516887 0.482926 0.543704 0.468527 0.651948 0.854415 0.546367 0.0170692 0.00019695
0.00258974 5.02586e-05 5.18877e-05 0.000414639 0.00491357 0.144428 0.869038 0.960505 0.820632 0.148708 0.0252246 0.0113629 0.0298007 0.415412 0.854155 0.921605 0.882066 0.616572 0.318821 0.142151 0.0701164 0.065029 0.0786283 0.335386 0.837813 0.582303 0.0137543 0.000168604
0.00219015 4.88959e-05 7.8665e-05 0.000851635 0.0087126 0.175109 0.817037 0.948874 0.876642 0.221307 0.0164227 0.0044194 0.0128281 0.198128 0.78512 0.922868 0.834158 0.442101 0.0973449 0.0257739 0.00959661 0.00654765 0.0105939 0.0793229 0.616794 0.421945 0.0141632 0.000294274
0.00174874 3.0443e-05 5.69869e-05 0.000829896 0.00746702 0.0925036 0.64347 0.93087 0.927114 0.442046 0.0215578 0.00241657 0.00679592 0.121553 0.688157 0.899795 0.82007 0.484007 0.0832687 0.0140983 0.00569724 0.00387825 0.00970237 0.0937327 0.450651 0.341862 0.0341346 0.000992856
0.00160512 2.10958e-05 3.34793e-05 0.000355837 0.00307662 0.0375639 0.383167 0.878148 0.948875 0.794401 0.162364 0.0173619 0.0128816 0.0404857 0.213901 0.533646 0.664248 0.66444 0.257478 0.0502893 0.0245879 0.021259 0.055549 0.315736 0.55074 0.386596 0.0611132 0.00157642
0.00199216 2.03011e-05 2.56495e-05 0.0001842 0.0011772 0.0129779 0.153363 0.615739 0.872211 0.883176 0.528889 0.0955761 0.0361404 0.014813 0.0185884 0.106147 0.499859 0.794486 0.625635 0.262903 0.228066 0.319533 0.450381 0.752006 0.780323 0.464484 0.057986 0.00115056
0.00422929 6.00285e-05 4.23769e-05 0.000131299 0.00115943 0.0109055 0.0421811 0.144224 0.562408 0.874061 0.804535 0.414767 0.17622 0.0450314 0.0165387 0.0779904 0.665229 0.898712 0.821151 0.544908 0.548482 0.684345 0.737062 0.882986 0.830594 0.403838 0.0339823 0.000731362
0.00804877 0.000174125 9.92146e-05 0.000213995 0.0022008 0.00868429 0.011227 0.0422916 0.450927 0.894118 0.892083 0.834043 0.754993 0.320889 0.120654 0.375289 0.85553 0.91501 0.791917 0.506083 0.480505 0.490229 0.415105 0.572095 0.475141 0.113961 0.00867912 0.000299806
0.0150904 0.000470366 0.000132456 0.000166506 0.00214395 0.0059971 0.00579924 0.0217779 0.241094 0.646362 0.72891 0.838597 0.897196 0.699392 0.504174 0.794644 0.912138 0.865709 0.575512 0.224827 0.138918 0.0678461 0.0324703 0.0597182 0.0699072 0.0191549 0.00138443 8.93176e-05
0.0162806 0.000385 8.82227e-05 0.000121394 0.00155583 0.00527252 0.00671134 0.0112377 0.0381249 0.106042 0.203626 0.431769 0.611006 0.513165 0.504714 0.708636 0.716677 0.4873 0.164044 0.0390621 0.0128675 0.00307705 0.00193573 0.00710182 0.0106415 0.00337875 0.000364774 5.99769e-05
0.00757889 8.95354e-05 3.27773e-05 0.000108844 0.00192399 0.00648561 0.00881979 0.0065244 0.00709458 0.0129348 0.0246895 0.0476434 0.0726714 0.0598366 0.0643614 0.0864625 0.0623538 0.0407202 0.0172595 0.00458671 0.00110985 0.000265835 0.000288573 0.00151852 0.00256275 0.00106068 0.00023872 8.14851e-05
0.0033747 1.71383e-05 1.25517e-05 0.000118407 0.00246017 0.00692616 0.00519232 0.00219785 0.00182062 0.00225299 0.00269273 0.00300651 0.00220093 0.00101832 0.000948656 0.00127629 0.00161757 0.00272631 0.0022749 0.000690716 0.000138745 5.64087e-05 0.000137892 0.000840626 0.00120949 0.000440957 0.000164116 9.90043e-05
0.00237275 1.00914e-05 1.34566e-05 0.000271751 0.0063321 0.0104214 0.00282144 0.000558581 0.00034044 0.000334179 0.000282482 0.000217777 8.76901e-05 3.2574e-05 5.14795e-05 0.000124288 0.000207416 0.00036733 0.000407125 0.000161651 4.21626e-05 3.37413e-05 0.000108977 0.000458095 0.00036124 0.000100139 7.12606e-05 8.95457e-05
0.0040549 6.0008e-05 7.75745e-05 0.00125451 0.02277 0.0245413 0.00388174 0.000607635 0.000363631 0.000379796 0.000363144 0.000254839 9.32556e-05 5.98133e-05 0.000155151 0.00038074 0.000602263 0.000719571 0.000622502 0.000304514 0.000150896 0.000168797 0.000321854 0.000571545 0.000323 0.000121147 9.58404e-05 0.000219779
0.0199958 0.0024908 0.00256677 0.0093176 0.035365 0.030968 0.0100378 0.00382928 0.0031518 0.00312079 0.00340659 0.00289933 0.00166625 0.0015156 0.0030526 0.00484978 0.0047831 0.00449898 0.0039905 0.00294109 0.00260396 0.00281045 0.00372907 0.00423583 0.00294803 0.00168523 0.0018633 0.00595238
