0.0086047 0.000372435 0.000287224 0.000586967 0.00208171 0.00451978 0.00556878 0.0036265 0.00167918 0.000684516 0.000489864 0.0005978 0.000821182 0.000962253 0.00107098 0.00243568 0.00486544 0.00445979 0.00192856 0.000768122 0.000825403 0.00100556 0.000909949 0.00080046 0.000636457 0.000537137 0.000477078 0.00173587
0.00262361 2.71547e-05 1.52503e-05 3.89656e-05 0.000327089 0.00121487 0.00167893 0.00106387 0.000381552 0.000111448 7.25709e-05 9.60878e-05 0.000133405 0.000141516 0.000182397 0.000617479 0.00136347 0.00095699 0.000303095 0.000146056 0.000239118 0.000309916 0.000286919 0.000242831 0.000107328 5.90262e-05 2.63943e-05 8.74701e-05
0.00344344 4.19918e-05 1.62168e-05 5.01416e-05 0.000629841 0.00346155 0.00484329 0.00321245 0.00134971 0.000386557 0.000247422 0.000289449 0.000412138 0.000497275 0.0010314 0.00455775 0.00653541 0.00287567 0.00109912 0.000991864 0.00136287 0.00146799 0.00129491 0.000786131 0.000150998 3.85922e-05 1.95258e-05 5.82603e-05
0.00259035 3.0279e-05 1.10514e-05 5.09817e-05 0.000538447 0.00279115 0.00550395 0.00433548 0.00153059 0.00034499 0.000220342 0.00021886 0.000199334 0.000301216 0.00133934 0.0072088 0.00677453 0.00226234 0.00148313 0.00152031 0.000822139 0.000626209 0.000823059 0.00060997 0.000105694 2.30257e-05 1.08085e-05 2.84042e-05
0.00252394 3.38334e-05 2.84882e-05 0.000189213 0.00107842 0.00442728 0.0145936 0.0127462 0.0025644 0.000387814 0.000193578 0.00017688 0.000235746 0.000961075 0.00909016 0.0370051 0.020022 0.0048247 0.00348797 0.00213632 0.000618767 0.000574632 0.00116834 0.00100021 0.000143552 2.54378e-05 7.85882e-06 1.74891e-05
0.00231046 3.17343e-05 3.22281e-05 0.000220522 0.00101979 0.00407218 0.0128286 0.00762638 0.000898432 0.000132452 7.70702e-05 9.87932e-05 0.000324764 0.00429631 0.0610663 0.103339 0.0221513 0.00303175 0.00170669 0.00075604 0.000320098 0.000580809 0.000941769 0.000471271 6.81958e-05 1.93818e-05 6.54033e-06 1.78538e-05
0.00258775 3.17821e-05 1.91749e-05 0.000123687 0.000960542 0.00432235 0.0140707 0.00753916 0.000810835 0.000128216 0.000143293 0.000395367 0.00191249 0.0385741 0.24492 0.165129 0.029812 0.00357812 0.0013087 0.000588214 0.000485757 0.000884988 0.000594696 0.000179161 3.62243e-05 1.90257e-05 7.47415e-06 2.1422e-05
0.00192128 1.74116e-05 1.0256e-05 5.9954e-05 0.000423016 0.00239431 0.0174914 0.0254323 0.0090768 0.00296472 0.00426616 0.01152 0.069816 0.645304 0.826319 0.596834 0.207866 0.0339885 0.00638647 0.00168474 0.00187838 0.00148557 0.000357987 0.000113803 4.01118e-05 2.64089e-05 9.85277e-06 2.20187e-05
0.0011943 8.59899e-06 5.92954e-06 3.14226e-05 0.000309142 0.00393715 0.0558213 0.205564 0.232079 0.120664 0.149205 0.231235 0.530369 0.925861 0.944321 0.855181 0.732264 0.499292 0.117428 0.0185801 0.00842961 0.00161817 0.00024251 0.000137009 7.79726e-05 4.21013e-05 1.47343e-05 2.34126e-05
0.00151053 1.24417e-05 7.72109e-06 4.30078e-05 0.000709791 0.0276488 0.455523 0.78425 0.767598 0.425778 0.293108 0.275781 0.498995 0.808192 0.713692 0.55984 0.767835 0.930877 0.816002 0.246469 0.0249869 0.000912248 0.00013871 0.000160801 0.00011321 5.67027e-05 4.01749e-05 4.94327e-05
0.00267528 1.99339e-05 1.19023e-05 8.41669e-05 0.00199961 0.140407 0.830074 0.863474 0.601035 0.145649 0.0591716 0.0658701 0.148286 0.202287 0.0821643 0.0590793 0.289346 0.93047 0.956322 0.458306 0.0149959 0.000283407 0.000107757 0.000277418 0.000166127 0.000106496 0.000135007 0.000116186
0.00209933 1.22267e-05 7.99516e-06 0.000119014 0.00971087 0.460055 0.883739 0.76346 0.337046 0.0730919 0.0318261 0.0455161 0.0708325 0.0342713 0.00814735 0.00707812 0.0911104 0.86482 0.956342 0.415611 0.00525054 0.00015943 0.000201089 0.00107743 0.000653528 0.000308372 0.000205872 9.91098e-05
0.00128154 7.12344e-06 7.9227e-06 0.000355047 0.0483658 0.659165 0.793248 0.57246 0.3711 0.161341 0.0750944 0.102662 0.0789541 0.0180744 0.00668301 0.0084117 0.0815439 0.846831 0.940411 0.196269 0.00288089 0.00031027 0.000501266 0.00273795 0.00205287 0.000508093 0.000124549 4.27794e-05
0.00170856 1.79652e-05 4.62877e-05 0.0033187 0.204922 0.639791 0.475313 0.188604 0.121356 0.0813447 0.0704793 0.173419 0.133818 0.0379195 0.0190467 0.0227579 0.169519 0.862292 0.862071 0.0787198 0.00358321 0.00128465 0.00148815 0.00356017 0.00195782 0.000358572 8.48127e-05 3.51397e-05
0.00360522 0.00011824 0.000366973 0.0229512 0.378712 0.405098 0.136204 0.0209907 0.0070006 0.010195 0.0205071 0.0594959 0.0847216 0.0547226 0.0472952 0.10783 0.535991 0.909166 0.700302 0.0480518 0.0102448 0.00576857 0.00308265 0.00327472 0.00127062 0.000258212 9.45526e-05 5.38323e-05
0.00527153 0.000267204 0.00120745 0.048461 0.256829 0.103536 0.0137274 0.00166891 0.000693359 0.00154754 0.00373424 0.00910601 0.0256702 0.0584865 0.199262 0.54269 0.802625 0.831845 0.287234 0.015855 0.00667401 0.00357243 0.00196142 0.00335039 0.0015167 0.000298401 0.000112688 6.47072e-05
0.00689087 0.000607022 0.00284858 0.0393592 0.0721643 0.0149748 0.00183687 0.000439152 0.000436187 0.000709744 0.00124095 0.00333046 0.0162638 0.181211 0.666621 0.772509 0.666423 0.266443 0.0247655 0.0032427 0.0016442 0.00136149 0.00282693 0.0103109 0.00387878 0.00042164 7.8516e-05 4.64927e-05
0.00823035 0.000893566 0.00295971 0.0156102 0.0168555 0.00356652 0.000765335 0.000413772 0.000656976 0.000765977 0.00121545 0.00832745 0.0797824 0.578558 0.821539 0.532271 0.125092 0.0238453 0.00645149 0.00305834 0.00173285 0.00111117 0.00287501 0.00794322 0.00200799 0.000139499 2.18547e-05 2.13657e-05
0.00911923 0.00101976 0.00270776 0.00898112 0.00904706 0.00258186 0.000962415 0.000742465 0.00134909 0.00169399 0.00426848 0.0865403 0.507653 0.813496 0.662375 0.12912 0.025153 0.013064 0.0123609 0.00921873 0.00431423 0.00175401 0.00396483 0.0118567 0.00258784 0.000105108 1.3633e-05 1.44017e-05
0.00790565 0.000767943 0.00240646 0.00889814 0.00798562 0.00246547 0.00179932 0.00165296 0.00200338 0.00294668 0.0205084 0.45549 0.809171 0.829569 0.514317 0.106542 0.0461445 0.0389492 0.0468309 0.0315205 0.0172671 0.0212532 0.103525 0.290074 0.0543593 0.000760087 5.19339e-05 2.25313e-05
0.00500488 0.000461501 0.00205216 0.00799964 0.00694036 0.0027926 0.00302218 0.00239026 0.00248594 0.00561407 0.0511897 0.603934 0.800893 0.803916 0.690549 0.305817 0.169866 0.103439 0.0920571 0.0842245 0.0722429 0.253875 0.773982 0.905223 0.418005 0.00449086 0.000262358 5.19022e-05
0.00630121 0.000579217 0.00209331 0.00603773 0.00396832 0.0017084 0.00221543 0.00186576 0.00213203 0.0050832 0.0330785 0.241265 0.343882 0.439623 0.488592 0.186722 0.0656461 0.0346299 0.0384193 0.0962077 0.181164 0.561531 0.910359 0.945562 0.487993 0.0058832 0.000340033 6.48962e-05
0.00871171 0.000523016 0.000654873 0.0012777 0.00105982 0.000525925 0.000658422 0.00074356 0.00078828 0.00136288 0.0050905 0.0190923 0.0249465 0.033095 0.0261268 0.00509523 0.00256324 0.0033197 0.0113324 0.0915851 0.226531 0.450222 0.616449 0.477283 0.0600829 0.001039 9.88502e-05 4.49805e-05
0.00434855 0.000127024 9.46426e-05 0.000236436 0.000277871 0.000206884 0.000397518 0.00054598 0.000343632 0.000296171 0.000683871 0.00192944 0.00235089 0.00232172 0.00115952 0.000249686 0.000272183 0.00109637 0.0149424 0.154191 0.189337 0.137229 0.0704124 0.0235145 0.00219824 0.000123282 2.32047e-05 2.53746e-05
0.00217581 1.40332e-05 1.02611e-05 4.24875e-05 7.82322e-05 0.000107631 0.000262848 0.000269094 9.7702e-05 6.13527e-05 0.000134767 0.000386059 0.000497291 0.00036706 0.000197975 8.24214e-05 0.000168494 0.00193289 0.032209 0.115476 0.0407319 0.00716499 0.0022607 0.000977111 0.000181191 3.63673e-05 1.02595e-05 1.69785e-05
0.00112816 2.94461e-06 1.96306e-06 1.05621e-05 2.72852e-05 4.32073e-05 5.76601e-05 3.50718e-05 1.75266e-05 1.7299e-05 3.10562e-05 6.20386e-05 8.36373e-05 6.26703e-05 3.46187e-05 3.92251e-05 0.000357373 0.00712751 0.0279159 0.0123872 0.00135065 0.000157256 4.88614e-05 3.38735e-05 2.00598e-05 1.02145e-05 4.11123e-06 1.10487e-05
0.0017059 9.56127e-06 1.12653e-05 4.44887e-05 8.40135e-05 8.63148e-05 5.91083e-05 3.76589e-05 3.66477e-05 4.93648e-05 7.0016e-05 9.87103e-05 0.0001273 0.00010481 5.41216e-05 0.000120267 0.00210317 0.016016 0.0142085 0.00243502 0.000396002 7.35262e-05 3.85017e-05 3.94323e-05 3.35293e-05 2.06344e-05 8.62092e-06 3.05438e-05
0.0117419 0.000920286 0.00118152 0.00164518 0.00194706 0.00185025 0.00116865 0.000927424 0.00127595 0.00162927 0.00156677 0.00171172 0.00233091 0.0023112 0.00136271 0.00200269 0.00924168 0.0183094 0.0102417 0.0036222 0.00232859 0.00123459 0.00111505 0.00128398 0.00147909 0.001133 0.000762923 0.00226921
