0.00682342 0.000455024 0.000655962 0.00127528 0.0015269 0.00105955 0.00113515 0.00160908 0.00258317 0.00325387 0.00229108 0.0015513 0.00164683 0.00179002 0.00203561 0.00334152 0.00645744 0.0128441 0.012497 0.00415209 0.00123328 0.000764287 0.0010895 0.00164485 0.00127088 0.000780661 0.000425107 0.00132784
0.00334924 0.000106934 0.000155499 0.000312202 0.00037356 0.000191754 0.000176834 0.000303693 0.000578098 0.000715731 0.000362297 0.000163119 0.000142904 0.000171567 0.000269893 0.000699131 0.00230712 0.00400894 0.00218167 0.000471147 0.000120478 7.95307e-05 0.000109227 0.00011723 8.08548e-05 5.05859e-05 1.84578e-05 6.65522e-05
0.0107748 0.000995212 0.000872982 0.0012015 0.00149201 0.000666545 0.000719325 0.00176155 0.00304569 0.00245339 0.00105301 0.000428197 0.000334639 0.000532067 0.00111458 0.00413596 0.0151887 0.0127835 0.0030711 0.000645541 0.000260627 0.000172666 0.000158911 0.000108003 3.79548e-05 2.68367e-05 1.2182e-05 5.54036e-05
0.00649106 0.000507489 0.000499573 0.00114827 0.0014653 0.000596762 0.000843524 0.00375097 0.00753977 0.00565085 0.00319327 0.00209757 0.00297768 0.00748272 0.0186907 0.0517948 0.0910933 0.0413108 0.0117815 0.00284942 0.000705133 0.000236916 0.00013482 7.10754e-05 1.91839e-05 1.32658e-05 6.45281e-06 3.12919e-05
0.00302284 0.000193063 0.000530299 0.00241608 0.00260639 0.00117437 0.00249572 0.0176607 0.0674326 0.0783272 0.06915 0.0795515 0.149141 0.405042 0.632611 0.716786 0.626437 0.303008 0.136803 0.028017 0.00337038 0.000862717 0.000489448 0.000227052 4.07515e-05 1.5504e-05 6.14281e-06 2.06121e-05
0.00336432 0.000261435 0.00151609 0.00795109 0.00541346 0.0026838 0.00687154 0.0820851 0.491364 0.654146 0.596089 0.601564 0.78419 0.891381 0.898071 0.831777 0.536363 0.163789 0.0539674 0.0135828 0.00411212 0.00299678 0.00191181 0.000682062 0.000157544 4.46558e-05 2.19356e-05 3.70491e-05
0.00682584 0.00069446 0.00287208 0.0111385 0.00789361 0.00465114 0.0167468 0.265019 0.86794 0.939927 0.869472 0.76388 0.810222 0.74904 0.385654 0.102638 0.0269339 0.00559455 0.00304139 0.00329078 0.00450301 0.00903678 0.00511075 0.00190527 0.000735055 0.000182844 8.48248e-05 8.10988e-05
0.00381625 0.000224715 0.000737272 0.00365032 0.00313458 0.00247965 0.0120565 0.211095 0.851161 0.95596 0.892642 0.621242 0.334385 0.0878089 0.00907344 0.00130562 0.00047434 0.00019287 0.000396792 0.00168984 0.00632496 0.0208638 0.00992287 0.0042013 0.0015358 0.000318459 0.000174564 0.000145612
0.00163046 5.20476e-05 0.000147657 0.00089751 0.000711917 0.000482811 0.0021513 0.0420125 0.504297 0.911422 0.91982 0.617437 0.104511 0.00764568 0.000966197 0.000311936 0.000216588 0.000222351 0.000914446 0.00427628 0.00992518 0.0159854 0.00781284 0.00340682 0.0011524 0.000335583 0.000254219 0.000185437
0.00115509 2.69065e-05 5.15965e-05 0.000302752 0.00034426 0.000300881 0.000663149 0.00655395 0.147595 0.779985 0.937777 0.756509 0.0889805 0.00550741 0.00181306 0.00153454 0.00128084 0.00125437 0.00322551 0.00470948 0.00354642 0.0022223 0.00098832 0.000672868 0.000318094 0.0001552 0.000141542 0.000109168
0.00129946 2.00823e-05 2.61948e-05 0.000153931 0.000246818 0.000299084 0.000672549 0.00402827 0.0845551 0.708498 0.931737 0.800713 0.240462 0.0456621 0.0470498 0.0627889 0.0229945 0.00902398 0.00792192 0.00276578 0.000837762 0.000352976 0.000203163 0.000364745 0.000284746 0.000120628 6.38571e-05 4.04104e-05
0.00125075 1.4171e-05 1.01024e-05 5.78915e-05 0.000227533 0.000414651 0.000984949 0.00761511 0.179467 0.822305 0.945211 0.872781 0.604628 0.429677 0.641593 0.81908 0.647408 0.277529 0.0597085 0.00563564 0.00100447 0.000429678 0.000566751 0.00152963 0.00094345 0.000222307 6.7803e-05 3.07815e-05
0.00113162 7.9299e-06 5.18265e-06 4.2044e-05 0.000339503 0.000722908 0.00160685 0.0244652 0.487313 0.913268 0.944526 0.826495 0.546303 0.448518 0.706386 0.933783 0.958373 0.861681 0.338276 0.0478117 0.0146734 0.00617341 0.00689046 0.0124148 0.00613765 0.00130881 0.000278458 7.0199e-05
0.00109647 7.565e-06 5.35084e-06 4.54382e-05 0.000292353 0.00056304 0.0026249 0.0534861 0.526448 0.823248 0.78792 0.452381 0.144437 0.0740305 0.140186 0.563499 0.887151 0.919711 0.809449 0.699601 0.5057 0.18487 0.079297 0.0707971 0.0750995 0.0293145 0.00400996 0.000283741
0.00124555 8.82387e-06 8.39199e-06 5.69414e-05 0.000218947 0.000363415 0.00211203 0.0231758 0.106621 0.220152 0.189591 0.0635585 0.0185208 0.00607649 0.00887941 0.0588643 0.267823 0.645029 0.841142 0.914691 0.886302 0.644446 0.275045 0.242539 0.421502 0.283838 0.0343555 0.000897525
0.00223945 1.8034e-05 1.25141e-05 4.94078e-05 0.000192326 0.000303104 0.00121066 0.00592587 0.0127512 0.0281201 0.0266917 0.00809241 0.00311534 0.00097498 0.00108916 0.00652721 0.0354078 0.15125 0.330805 0.516831 0.699458 0.778785 0.662229 0.649305 0.614174 0.166774 0.0119859 0.000573423
0.00399853 3.2313e-05 1.46544e-05 4.88779e-05 0.000260138 0.00047273 0.000901324 0.0030072 0.0103619 0.0247175 0.0170729 0.00340899 0.000907566 0.000349099 0.000488943 0.00279868 0.0137563 0.0262736 0.0225002 0.0402388 0.18348 0.678937 0.892199 0.865569 0.279603 0.00598089 0.000266528 8.1002e-05
0.00720599 0.000101424 5.5151e-05 0.000165967 0.000548012 0.000475839 0.000572479 0.00158715 0.00561252 0.0113818 0.00773926 0.0016865 0.000414868 0.000236677 0.000585083 0.00288362 0.00493963 0.00357709 0.00251857 0.00548991 0.0318529 0.274434 0.838273 0.809316 0.041999 0.000368478 9.97142e-06 1.35333e-05
0.00893408 0.00023404 0.00018451 0.00039381 0.00063657 0.000365343 0.000580252 0.00179835 0.00561658 0.00990666 0.00872464 0.00326446 0.000919559 0.000669376 0.0017664 0.00487923 0.0023528 0.00105433 0.00120126 0.002196 0.00913312 0.13648 0.738444 0.645704 0.0108576 8.38588e-05 2.83049e-06 1.04454e-05
0.00621665 0.000164772 0.000164528 0.000361903 0.000541957 0.000507158 0.00122492 0.00676135 0.0314981 0.054813 0.0522566 0.0179509 0.00278105 0.00104908 0.00224326 0.00457395 0.00192585 0.00102594 0.00133474 0.00241688 0.0142938 0.238925 0.770363 0.519256 0.00546662 4.50116e-05 3.20978e-06 1.46512e-05
0.00425162 0.000105502 0.000108095 0.000270517 0.000673108 0.00111478 0.00331321 0.0322629 0.190922 0.217479 0.139582 0.0331695 0.00476116 0.00201061 0.00413537 0.00892362 0.00871893 0.00707674 0.00704555 0.012593 0.072943 0.586968 0.809287 0.286468 0.00256732 3.01425e-05 4.58513e-06 1.66758e-05
0.00253936 4.14174e-05 3.73995e-05 0.000102175 0.000362837 0.00127275 0.00737467 0.149484 0.650529 0.656535 0.395784 0.143359 0.0599628 0.0813456 0.187494 0.223366 0.280757 0.232389 0.229067 0.269315 0.378605 0.775658 0.697301 0.118076 0.00217176 4.34715e-05 1.09661e-05 2.26247e-05
0.00157143 1.43948e-05 9.76022e-06 3.08328e-05 0.000173721 0.00112546 0.0107462 0.291475 0.883727 0.92995 0.873907 0.811304 0.777627 0.878294 0.932113 0.871771 0.876625 0.839175 0.794608 0.77424 0.550193 0.460109 0.188623 0.0219496 0.00178913 0.000103381 2.77587e-05 3.65851e-05
0.00136241 9.04797e-06 4.74804e-06 1.9263e-05 0.000186063 0.00135388 0.0120684 0.188535 0.794155 0.9246 0.935458 0.946283 0.939959 0.949452 0.93363 0.807003 0.693195 0.551024 0.407677 0.36782 0.129578 0.0396214 0.00931339 0.00213871 0.000723327 0.000130986 4.87946e-05 5.67134e-05
0.00176899 5.89314e-06 2.30433e-06 1.22438e-05 0.000122131 0.000515668 0.0024098 0.0154857 0.082974 0.213327 0.349219 0.37127 0.287849 0.23064 0.125595 0.0388297 0.0178428 0.00999876 0.00715877 0.00789502 0.00372565 0.00139956 0.000597365 0.000472721 0.000269337 0.000105069 5.9821e-05 5.3719e-05
0.001592 4.00026e-06 1.39154e-06 7.34041e-06 4.81929e-05 0.000116008 0.000235865 0.000623939 0.0014487 0.00243011 0.00345819 0.00245885 0.00249142 0.00233347 0.000914583 0.000280076 0.00014816 0.000134 0.000208406 0.000351389 0.000261049 0.000198935 0.000220247 0.000327128 0.000124138 3.13093e-05 1.72274e-05 2.29507e-05
0.00243897 1.663e-05 1.28053e-05 4.40106e-05 0.000102944 0.000177629 0.000209965 0.000314242 0.00043717 0.000514855 0.000471918 0.000371199 0.000643514 0.000690696 0.000249061 9.25318e-05 6.92524e-05 9.38373e-05 0.000241983 0.000441532 0.000448096 0.000493825 0.000870035 0.000899603 0.000199954 3.63081e-05 1.3803e-05 4.063e-05
0.0153938 0.00113305 0.00123877 0.00168876 0.00172194 0.00191451 0.00206287 0.00217158 0.00214753 0.00201481 0.00155569 0.00144675 0.00222086 0.00252141 0.0015426 0.00107042 0.0011605 0.00167718 0.00290013 0.00388633 0.00377952 0.00400649 0.00620637 0.00532007 0.00245111 0.000967266 0.000687105 0.00230408
