0.0134307 0.000709782 0.000414572 0.000572948 0.000985742 0.000830935 0.000662643 0.000792871 0.00165545 0.00199961 0.000935108 0.000452661 0.000513059 0.000511137 0.000450576 0.000849731 0.00258674 0.00718711 0.0144574 0.0223663 0.0188808 0.00672613 0.00147749 0.000539805 0.000560791 0.000863196 0.00103735 0.00270198
0.00401796 5.10735e-05 3.72021e-05 7.31745e-05 0.000181488 0.000153359 0.000102388 0.000120264 0.000318994 0.000363346 0.000135157 7.00955e-05 8.60533e-05 8.25856e-05 5.83523e-05 0.00012786 0.000282183 0.000665373 0.00247584 0.00535298 0.00412086 0.000926964 9.38894e-05 3.21422e-05 3.73176e-05 7.64475e-05 7.2888e-05 0.00015712
0.00466201 0.000101917 7.60892e-05 0.000221121 0.000702373 0.000559067 0.000366502 0.000400265 0.000707524 0.000704203 0.000336052 0.000231257 0.000183044 0.000147907 0.000181685 0.000301433 0.000470733 0.00114884 0.00510693 0.0121032 0.00621771 0.00101858 0.000164029 9.36484e-05 7.02894e-05 6.59852e-05 4.40521e-05 5.87869e-05
0.00405738 0.000100823 6.23053e-05 0.000236512 0.000864062 0.000640158 0.00050462 0.000521956 0.000499011 0.000494244 0.000417523 0.000287905 0.000121194 8.72381e-05 0.000151452 0.000299611 0.000878599 0.00408957 0.0114787 0.014446 0.00567864 0.00100294 0.000447531 0.000427814 0.000212597 6.98518e-05 1.95914e-05 1.52662e-05
0.00464373 0.000152018 0.000134327 0.000752809 0.00212023 0.00156235 0.00175233 0.00159481 0.00120562 0.001423 0.00173836 0.000833087 0.00034111 0.000238626 0.000395253 0.00238858 0.0254724 0.161639 0.223802 0.1183 0.041678 0.00951626 0.00579148 0.0090303 0.00455237 0.000502872 4.62023e-05 1.41885e-05
0.0040352 0.000157033 0.000252012 0.00208038 0.00348363 0.00161569 0.00156999 0.0014473 0.00143551 0.00277155 0.00519469 0.00303674 0.00282499 0.00760389 0.0223583 0.181018 0.765966 0.936447 0.922852 0.793869 0.525779 0.23683 0.17318 0.243296 0.164848 0.0150626 0.000798208 6.86691e-05
0.00368869 0.00020748 0.000482469 0.00352465 0.00329509 0.000770083 0.000695375 0.00120189 0.00437892 0.0147838 0.0366857 0.0381111 0.0787186 0.442466 0.767084 0.920525 0.978553 0.991334 0.986755 0.967638 0.946828 0.905906 0.878757 0.903373 0.827768 0.245123 0.0139903 0.000455432
0.00288151 0.000165099 0.000466587 0.0030239 0.00168545 0.000304293 0.000307567 0.00141849 0.0254825 0.139246 0.256718 0.233221 0.520159 0.940606 0.971441 0.961497 0.968705 0.983191 0.978578 0.955267 0.94624 0.917119 0.877468 0.902018 0.752012 0.16968 0.0134701 0.000697379
0.00207025 9.63481e-05 0.000275676 0.00202558 0.00141341 0.000244179 0.000319358 0.00707296 0.241227 0.623369 0.657101 0.424891 0.534164 0.908716 0.902607 0.742162 0.662021 0.697979 0.688139 0.516036 0.388732 0.226459 0.135976 0.111917 0.0338825 0.00525735 0.00126632 0.000244715
0.00176091 7.3705e-05 0.000237632 0.00267927 0.00297339 0.00119052 0.00390297 0.178114 0.897491 0.907603 0.630691 0.139092 0.104265 0.388094 0.345362 0.117553 0.0518436 0.0277224 0.0238834 0.0138687 0.00658061 0.00299749 0.00182468 0.00159311 0.000638232 0.000258665 0.000102941 6.18171e-05
0.00199663 9.31728e-05 0.000403337 0.00760332 0.0161086 0.0194111 0.0997563 0.811879 0.968712 0.769647 0.0866683 0.00429203 0.00560721 0.0715722 0.129007 0.0416226 0.0102124 0.00303424 0.00133727 0.000658412 0.000329351 0.000206241 0.000240258 0.000374433 0.000174294 8.0495e-05 2.4156e-05 2.81982e-05
0.00251535 0.000162223 0.000853732 0.0237008 0.0912985 0.218354 0.663927 0.951453 0.935221 0.201573 0.00364152 0.000360376 0.00179255 0.0459178 0.158273 0.073376 0.0122846 0.00251712 0.000645064 0.000158393 8.30326e-05 8.23862e-05 0.000131846 0.000213216 8.11281e-05 3.78924e-05 9.06435e-06 1.91586e-05
0.00444089 0.000416851 0.00227415 0.0470435 0.170267 0.573022 0.917467 0.958741 0.736241 0.0300666 0.000999763 0.00040555 0.00426602 0.117053 0.373318 0.246451 0.0632805 0.00890635 0.00149076 0.000190661 9.54297e-05 0.000167853 0.000253578 0.000248836 5.89862e-05 2.11616e-05 4.83727e-06 1.46019e-05
0.00624443 0.000766849 0.00438081 0.0695627 0.242974 0.765593 0.952114 0.916716 0.348476 0.0123144 0.00124929 0.00107172 0.00828553 0.107551 0.353034 0.410869 0.260853 0.0461753 0.00395774 0.000283693 0.000229125 0.000649369 0.000667477 0.000349241 7.78125e-05 2.7401e-05 6.37176e-06 1.78344e-05
0.00596452 0.000767709 0.0061145 0.0992345 0.411559 0.897056 0.967184 0.853619 0.249103 0.0258156 0.00816688 0.00964511 0.0360511 0.124927 0.238131 0.482279 0.507388 0.119107 0.00746122 0.000570944 0.000798689 0.00256643 0.00122448 0.000356129 8.92788e-05 3.84306e-05 9.69413e-06 2.47404e-05
0.0070262 0.000666406 0.00339973 0.0473314 0.3469 0.886234 0.964937 0.918994 0.621991 0.322638 0.311399 0.407069 0.489094 0.524053 0.59564 0.828118 0.857235 0.420633 0.0242869 0.00239961 0.00635655 0.0117106 0.00263939 0.000461675 7.8941e-05 3.00746e-05 8.5483e-06 2.54403e-05
0.00530424 0.000237205 0.000440169 0.00638975 0.120923 0.749416 0.956904 0.963632 0.94728 0.930289 0.923487 0.948327 0.934268 0.872249 0.873119 0.940161 0.933708 0.720124 0.124808 0.0212124 0.0358337 0.0192985 0.00258572 0.000357171 4.52231e-05 1.83692e-05 5.85062e-06 2.10349e-05
0.00404886 0.000121545 0.00013591 0.00169285 0.0321971 0.260951 0.778658 0.899974 0.916062 0.915542 0.909378 0.971665 0.975462 0.936561 0.879135 0.884174 0.880452 0.833402 0.587596 0.216077 0.0644879 0.00577564 0.000767532 0.000202744 3.20931e-05 1.50445e-05 5.83276e-06 1.92436e-05
0.00406012 0.000120208 0.000142219 0.00124346 0.0112241 0.0328701 0.111482 0.197464 0.234517 0.29156 0.55576 0.938301 0.978846 0.957009 0.837681 0.614675 0.506564 0.813215 0.885512 0.437107 0.0313278 0.00112685 0.000283483 0.000201225 4.35321e-05 1.82695e-05 7.71893e-06 2.09548e-05
0.00351009 9.60825e-05 0.000146827 0.00101186 0.00399467 0.00547984 0.00898119 0.00888011 0.00690571 0.0120731 0.186019 0.892747 0.981459 0.972688 0.738021 0.337191 0.275112 0.765402 0.918619 0.400416 0.0172791 0.00129897 0.000639204 0.000608322 0.000149237 4.18459e-05 1.84523e-05 3.34506e-05
0.00268497 7.28048e-05 0.000112093 0.000783674 0.00204964 0.00180385 0.00240086 0.00119315 0.00058666 0.00187114 0.0732463 0.805438 0.981284 0.979441 0.774838 0.555983 0.683922 0.906928 0.862143 0.179045 0.0179244 0.00377664 0.00171746 0.00143374 0.000382429 8.78712e-05 4.25453e-05 5.88902e-05
0.00472316 0.000166767 0.000169762 0.000546524 0.00105615 0.000621498 0.000561333 0.000245368 0.000197517 0.00122207 0.0308729 0.415771 0.905615 0.951097 0.896572 0.94005 0.964986 0.941124 0.488625 0.0270261 0.00727324 0.00333588 0.00144513 0.00115435 0.000240396 5.07607e-05 3.65342e-05 6.65824e-05
0.00983129 0.000382898 0.000217371 0.000333159 0.000442864 0.000195175 0.000132507 0.000113045 0.000236663 0.0014584 0.0129477 0.0832852 0.360287 0.695404 0.832254 0.955371 0.968433 0.743199 0.0627059 0.00357102 0.0016786 0.00118645 0.000555685 0.000383159 8.59044e-05 2.40846e-05 2.56566e-05 6.26923e-05
0.00614827 0.00015295 9.37787e-05 0.000186905 0.000284226 0.000155284 0.000102739 0.00010568 0.000394781 0.00179249 0.00570054 0.0156609 0.051346 0.203109 0.476141 0.637313 0.556662 0.128914 0.00909232 0.00153308 0.000527572 0.000219129 0.000121251 0.000114843 3.83889e-05 1.85223e-05 2.90882e-05 6.95857e-05
0.00287455 2.18105e-05 2.15229e-05 8.27378e-05 0.000148109 8.05783e-05 6.3297e-05 8.13677e-05 0.000216869 0.000679787 0.00148196 0.00216054 0.00637546 0.0365218 0.116855 0.0874821 0.0225057 0.00514467 0.00173161 0.000543691 8.14522e-05 1.84447e-05 1.80598e-05 3.40031e-05 1.94773e-05 1.60033e-05 2.83257e-05 5.04949e-05
0.00182159 7.12911e-06 7.69608e-06 4.0535e-05 7.86889e-05 5.17881e-05 4.47084e-05 7.07751e-05 0.000179864 0.000339186 0.000383085 0.000420829 0.00192484 0.0135887 0.02766 0.0108386 0.00165109 0.000421081 0.000199782 4.75705e-05 7.58634e-06 4.32903e-06 1.01911e-05 3.24599e-05 2.86211e-05 1.83758e-05 1.70001e-05 2.35063e-05
0.00278099 2.76278e-05 3.82857e-05 0.000131469 0.000212585 0.000194524 0.000211795 0.000331929 0.000671059 0.000833446 0.000411532 0.00048187 0.00314764 0.0163404 0.019101 0.00613528 0.00189646 0.000541899 0.000143698 3.8328e-05 1.96375e-05 3.01807e-05 0.00010263 0.000270631 0.000203938 7.46182e-05 2.69635e-05 4.99713e-05
0.0146981 0.0014621 0.00171513 0.00229552 0.00260388 0.00268844 0.0027477 0.00323611 0.00447447 0.00455443 0.00268749 0.00294911 0.00760355 0.0150897 0.0129433 0.00720743 0.0058409 0.00352623 0.00174331 0.00107886 0.00108781 0.00154521 0.00272293 0.00361522 0.00332753 0.00172629 0.000992964 0.002543
