0.0136384 0.0011426 0.00116244 0.00203568 0.00239639 0.00135318 0.00105654 0.00069669 0.000482473 0.000610675 0.00129682 0.00161663 0.00128448 0.000962449 0.000925682 0.00102963 0.000762267 0.0005158 0.000331231 0.000286632 0.0003542 0.000712797 0.00164954 0.00273811 0.00267497 0.00212607 0.00129623 0.00169488
0.00327952 5.37379e-05 8.04692e-05 0.000174831 0.000208545 0.000137899 8.0282e-05 4.41519e-05 2.80951e-05 3.92663e-05 9.48152e-05 9.75602e-05 7.19913e-05 4.87394e-05 5.54221e-05 7.8075e-05 6.7677e-05 4.51582e-05 2.21553e-05 1.95931e-05 3.12358e-05 9.5467e-05 0.000306036 0.000618161 0.000760606 0.000647767 0.000270696 0.000156679
0.00225912 3.36443e-05 3.06385e-05 7.40293e-05 0.000115156 0.00011338 8.50224e-05 5.59115e-05 5.94126e-05 0.000106738 0.000155389 0.000114653 8.76288e-05 8.28419e-05 0.000118153 0.000171201 0.000124834 5.36503e-05 2.67782e-05 2.78951e-05 6.4311e-05 0.000308662 0.00105227 0.0024811 0.00321826 0.00161405 0.000636542 0.000213791
0.00183107 2.04695e-05 8.04096e-06 1.69272e-05 3.96457e-05 7.05681e-05 0.000113857 0.000249471 0.00115974 0.00448934 0.00491403 0.00264602 0.0015197 0.00121295 0.00124936 0.000661477 0.000225631 4.78138e-05 2.6344e-05 4.20701e-05 0.000126964 0.000695264 0.00120682 0.00164323 0.00170345 0.000500546 0.000151544 9.78484e-05
0.0024975 2.89874e-05 1.08501e-05 2.51933e-05 0.000133417 0.000390217 0.00156323 0.0126142 0.128978 0.471991 0.554084 0.405287 0.26823 0.199611 0.129904 0.0189258 0.00150445 0.000135341 5.54626e-05 0.000153489 0.000803067 0.00467808 0.00451035 0.00298582 0.00123876 0.000261082 4.77557e-05 4.81429e-05
0.00282411 3.46611e-05 9.74754e-06 2.45936e-05 0.000294579 0.00266349 0.02882 0.302281 0.814102 0.943435 0.95302 0.958605 0.964016 0.969116 0.946573 0.437604 0.0131998 0.000479748 0.000130468 0.000235773 0.00164184 0.0121831 0.0132071 0.00600546 0.000820444 0.000106757 2.47956e-05 3.35658e-05
0.00331682 3.1148e-05 9.72124e-06 3.76803e-05 0.000736895 0.0169371 0.257582 0.762639 0.902619 0.894421 0.802316 0.854733 0.943315 0.981957 0.983354 0.703741 0.0328824 0.00122441 0.000502739 0.000914591 0.00368304 0.0275964 0.0327763 0.0105598 0.000990092 9.19097e-05 2.59243e-05 3.09261e-05
0.00235174 1.67527e-05 1.04461e-05 7.56032e-05 0.00170866 0.0441234 0.457984 0.727227 0.616943 0.279069 0.0640159 0.0588682 0.26932 0.74285 0.890458 0.585367 0.0531589 0.0058831 0.00522237 0.0110135 0.0392669 0.175008 0.131453 0.0393704 0.00592824 0.000540771 0.000106183 4.76363e-05
0.0014847 9.07429e-06 1.14489e-05 0.000100341 0.00196105 0.0443652 0.277531 0.315377 0.0974515 0.0120341 0.00358593 0.00796172 0.108493 0.566611 0.787249 0.680197 0.249542 0.0644981 0.069427 0.107406 0.20344 0.294698 0.110597 0.0495162 0.0223591 0.00312537 0.000393703 8.91952e-05
0.00136116 7.86363e-06 8.33662e-06 8.01966e-05 0.00303742 0.0824195 0.224456 0.114785 0.0133131 0.00198067 0.00329753 0.0314706 0.46046 0.855987 0.912967 0.894141 0.669139 0.241668 0.163158 0.118425 0.0733385 0.0441261 0.0112403 0.00939771 0.00861291 0.0019243 0.000328929 0.000103034
0.0015541 9.15787e-06 6.0085e-06 0.000107526 0.00899541 0.199483 0.370142 0.128111 0.0137804 0.00831393 0.0630145 0.512299 0.907933 0.940343 0.928554 0.900542 0.643779 0.203289 0.0918319 0.0220109 0.00480551 0.00236781 0.00164066 0.00261926 0.00221235 0.000710656 0.000178949 8.02257e-05
0.00258363 2.44163e-05 1.96292e-05 0.000337238 0.0137493 0.144872 0.408892 0.363501 0.157037 0.277787 0.788444 0.941341 0.951175 0.916109 0.845296 0.741561 0.370673 0.0758327 0.0187932 0.00190683 0.000290163 0.000159462 0.000269707 0.000764813 0.000935139 0.000395461 9.3382e-05 5.12679e-05
0.0043609 8.5425e-05 0.000127467 0.000814802 0.00695709 0.0509419 0.37499 0.682765 0.744946 0.910159 0.958961 0.951841 0.895574 0.809497 0.779174 0.714143 0.481062 0.131189 0.0134309 0.000728091 0.000174954 0.000173825 0.000416425 0.00169065 0.00167241 0.000336282 6.28382e-05 4.09433e-05
0.0070229 0.000202682 0.000305106 0.00092999 0.00425883 0.0316742 0.291948 0.667153 0.871805 0.946533 0.916624 0.786117 0.500884 0.365042 0.473067 0.67447 0.758625 0.634082 0.156285 0.0137255 0.00449528 0.00597269 0.0235742 0.0465488 0.00924712 0.000398033 6.46839e-05 4.97433e-05
0.00842431 0.000308835 0.000290507 0.000648831 0.00408732 0.0219077 0.0814367 0.30464 0.690944 0.779509 0.478395 0.080832 0.0154471 0.0112884 0.0379338 0.261835 0.715926 0.856626 0.729512 0.419189 0.239094 0.337475 0.593151 0.344868 0.0197459 0.00042465 7.72881e-05 6.19995e-05
0.00718444 0.000219273 0.000121166 0.00023299 0.00171586 0.00710386 0.0155471 0.0706854 0.302374 0.30793 0.0483811 0.00264594 0.000643796 0.00107584 0.00513288 0.0382522 0.225698 0.563004 0.810869 0.921984 0.920102 0.911813 0.848472 0.253836 0.00806072 0.000260279 4.75084e-05 4.40789e-05
0.00573492 0.000114599 3.60477e-05 7.3014e-05 0.000510309 0.00204845 0.0058665 0.0345836 0.142653 0.100246 0.00777124 0.000520491 0.000355141 0.00134388 0.00537635 0.0101342 0.0277532 0.175032 0.729039 0.971494 0.981223 0.903558 0.427469 0.0272027 0.00158253 0.000128409 2.27798e-05 2.60389e-05
0.00415872 6.66221e-05 2.03303e-05 4.99058e-05 0.000326726 0.00112664 0.00427944 0.0271504 0.0842449 0.0549795 0.00427969 0.000509237 0.000774082 0.00447106 0.0201387 0.0268586 0.046649 0.309006 0.896796 0.980264 0.95881 0.544505 0.0539286 0.00645467 0.000865164 0.000105577 2.42841e-05 2.46236e-05
0.00334819 5.10958e-05 2.2927e-05 7.43016e-05 0.000458517 0.00153088 0.00555224 0.0227335 0.0439543 0.0286114 0.00600648 0.00123936 0.0024789 0.0282475 0.201937 0.439798 0.61694 0.885027 0.977198 0.977551 0.747846 0.0771788 0.0120449 0.00394294 0.000801452 0.00011963 3.31756e-05 3.05304e-05
0.00247026 3.3243e-05 2.00176e-05 8.4734e-05 0.00050969 0.00133193 0.00265534 0.00652348 0.0120721 0.0143467 0.00657652 0.00297162 0.0120172 0.170144 0.763513 0.948129 0.965703 0.97442 0.974429 0.885275 0.144423 0.00477652 0.0016978 0.00122024 0.000705471 0.000224174 6.26558e-05 4.16036e-05
0.00194824 2.39053e-05 1.46204e-05 7.64742e-05 0.000441055 0.000633437 0.000652742 0.00131796 0.00397577 0.00838536 0.00783832 0.0116949 0.0860546 0.525505 0.853095 0.940632 0.946909 0.958623 0.936151 0.469094 0.015723 0.000641988 0.000314075 0.000683873 0.00100888 0.000460316 0.000125281 5.99906e-05
0.00238593 3.01803e-05 1.77809e-05 7.77625e-05 0.000278844 0.000207499 0.00015769 0.000307116 0.00103004 0.00344347 0.0115017 0.0917444 0.596922 0.82993 0.704947 0.544109 0.71747 0.913544 0.850205 0.192624 0.00692686 0.000655828 0.000398692 0.000917075 0.00112713 0.000344389 8.47583e-05 5.63167e-05
0.00301366 4.14141e-05 2.27085e-05 7.32275e-05 0.000165481 9.91549e-05 7.78174e-05 0.000105024 0.000305512 0.00164313 0.0150576 0.417821 0.935637 0.902798 0.581827 0.431963 0.73388 0.925464 0.777558 0.111337 0.0108023 0.00258709 0.00135345 0.00160226 0.00089308 0.000176626 3.94965e-05 4.01047e-05
0.0032394 4.92536e-05 2.59556e-05 7.64072e-05 0.000173832 9.48794e-05 6.49832e-05 5.73512e-05 0.00013023 0.000940826 0.0224661 0.656681 0.968389 0.890438 0.434178 0.357389 0.655089 0.806988 0.403832 0.037692 0.00748091 0.00315479 0.00188996 0.00198528 0.000620912 0.000109081 2.63824e-05 3.57802e-05
0.00402833 3.32313e-05 1.48086e-05 4.35877e-05 9.75061e-05 4.48798e-05 1.91192e-05 1.21931e-05 3.82356e-05 0.000499701 0.0220318 0.650216 0.920697 0.612598 0.128712 0.0513171 0.0474644 0.034547 0.00755359 0.00135228 0.000684458 0.000777308 0.000793252 0.000763578 0.000157184 3.6727e-05 1.3194e-05 2.77756e-05
0.00271074 1.29162e-05 8.72452e-06 3.30427e-05 4.49205e-05 1.67021e-05 6.72464e-06 4.8125e-06 1.62909e-05 0.000197358 0.00808975 0.194337 0.298158 0.0461815 0.00619492 0.00173472 0.000610497 0.000277823 7.66386e-05 3.00232e-05 6.10488e-05 0.0001708 0.000279146 0.000267951 3.51975e-05 8.07339e-06 3.72081e-06 1.32681e-05
0.00309957 3.56935e-05 5.75123e-05 0.000166121 0.000119587 4.70319e-05 2.28403e-05 2.15314e-05 4.45576e-05 0.000299763 0.0043467 0.0277922 0.0182596 0.00329522 0.00101631 0.000422651 0.000213265 0.000116627 4.3451e-05 3.11202e-05 9.939e-05 0.000269568 0.000552056 0.000437391 6.74793e-05 1.73195e-05 6.15501e-06 3.04344e-05
0.0139106 0.00134302 0.00218693 0.00289645 0.00200983 0.00137026 0.00118552 0.0010644 0.001415 0.00307255 0.00763913 0.0133253 0.00659481 0.0027079 0.00235382 0.00205402 0.00179372 0.00149605 0.00102438 0.00102402 0.00160348 0.00245223 0.00366603 0.00300044 0.00166093 0.000894799 0.000582933 0.00225217
