0.0105961 0.000252055 9.58781e-05 0.000220742 0.000573995 0.000702401 0.000751392 0.00107703 0.00332003 0.0093005 0.0100124 0.00506629 0.00266708 0.00208664 0.00183452 0.00206804 0.00319672 0.00211325 0.00102284 0.000688939 0.000734943 0.000770029 0.000837922 0.000836088 0.000813822 0.000867918 0.00089807 0.00202295
0.00248944 1.03896e-05 5.48132e-06 2.3039e-05 7.53379e-05 0.000102413 0.000143631 0.000375581 0.00287123 0.0190312 0.0385224 0.0201265 0.00738256 0.0046912 0.00271406 0.00172018 0.00096935 0.000251085 8.94041e-05 5.9348e-05 7.69432e-05 9.94091e-05 0.00012483 0.000162278 0.00015634 0.000139809 6.82585e-05 9.1627e-05
0.00292655 2.05276e-05 1.63227e-05 7.36502e-05 0.000290476 0.000353422 0.000820196 0.00446476 0.0495155 0.496529 0.815596 0.650477 0.358966 0.225472 0.104378 0.0380199 0.00649284 0.000709875 0.000215705 0.000132808 0.00012172 0.000207718 0.000309708 0.000499875 0.000381556 0.000130704 5.18004e-05 5.5227e-05
0.00608294 7.36668e-05 3.3823e-05 6.78607e-05 0.000376084 0.000529471 0.00138945 0.0117196 0.134502 0.713677 0.786395 0.43734 0.30259 0.416269 0.449435 0.322025 0.0724437 0.0058282 0.000735642 0.00012943 8.4196e-05 0.000164857 0.000196436 0.000345669 0.000267594 7.4034e-05 4.24295e-05 5.19308e-05
0.0172053 0.000295705 0.000107024 0.000140618 0.000774586 0.00109697 0.00176868 0.0123944 0.0965291 0.248697 0.119456 0.0381594 0.0802185 0.417231 0.717918 0.806517 0.628514 0.116362 0.00653991 0.000288824 0.000158163 0.00036179 0.00042146 0.000944989 0.00063414 0.000156956 0.000106372 0.000100546
0.0306716 0.000917779 0.0004067 0.000384741 0.00100785 0.000788275 0.000792925 0.0026373 0.00960999 0.0106627 0.00436851 0.00424026 0.0257277 0.222249 0.510559 0.788923 0.844765 0.449928 0.0232315 0.000589446 0.000256766 0.000527846 0.00114996 0.00419467 0.00206046 0.000332458 0.000194528 0.000158669
0.0188191 0.000887333 0.000850244 0.000744937 0.000920282 0.000472906 0.000362658 0.000646291 0.00143811 0.00195632 0.00167877 0.00332248 0.016159 0.0585572 0.100067 0.35969 0.796387 0.657163 0.0611246 0.00162176 0.000670372 0.00156032 0.00425983 0.012398 0.00371894 0.000341414 0.000144445 0.000109638
0.00629384 0.000169052 0.000198437 0.000297983 0.000482781 0.000283796 0.000179181 0.00021638 0.000377866 0.000662807 0.00103063 0.00194913 0.00510668 0.00926763 0.0103744 0.0664935 0.628455 0.718295 0.126591 0.00558503 0.00239736 0.00496034 0.00890991 0.0115454 0.00186756 0.000140568 6.09961e-05 6.31986e-05
0.0027876 4.94478e-05 3.78548e-05 0.000100093 0.000271371 0.000177854 0.000133719 0.000175756 0.000293816 0.000529999 0.000714633 0.00111847 0.0019427 0.00213732 0.00300989 0.032307 0.452624 0.640487 0.186423 0.0145269 0.00563743 0.00886838 0.00999343 0.00667987 0.000944327 7.7391e-05 2.84214e-05 3.97066e-05
0.00370671 8.47815e-05 5.94497e-05 0.000131293 0.000198306 0.000104249 0.000171471 0.000507482 0.000960405 0.00125765 0.00129717 0.00152861 0.00155983 0.00114636 0.00171046 0.0183447 0.24985 0.441663 0.152662 0.0159303 0.00642604 0.0073958 0.00506951 0.00289434 0.000589874 7.76021e-05 3.20706e-05 3.86608e-05
0.00916284 0.000329746 0.000180451 0.000189885 0.000240441 0.000242993 0.000786381 0.00299519 0.00455864 0.0035605 0.00288269 0.00225593 0.00126979 0.000767998 0.00151743 0.0160044 0.18229 0.368257 0.105033 0.00995907 0.00389339 0.00261533 0.00168789 0.00177331 0.000686515 0.000162436 8.15805e-05 6.44181e-05
0.00614916 0.000184359 8.67035e-05 0.000123358 0.000342552 0.0011938 0.00580129 0.0105169 0.00637784 0.00233798 0.00138132 0.00118055 0.000683322 0.000516203 0.00157586 0.019143 0.199963 0.400179 0.130916 0.0112972 0.00260302 0.00125264 0.00140025 0.003548 0.0023871 0.000567815 0.000229263 0.000105825
0.00274827 4.19421e-05 2.54039e-05 0.000101459 0.000677486 0.00490601 0.0193439 0.0152375 0.00574389 0.00159024 0.000864357 0.00123579 0.0013391 0.00152788 0.00472348 0.044325 0.280916 0.438961 0.14392 0.0107267 0.00247264 0.00187882 0.00369458 0.0131732 0.00911353 0.00169983 0.000489452 0.000136898
0.00229397 3.03919e-05 3.02707e-05 0.000274536 0.00358784 0.0374097 0.107258 0.0761378 0.0252817 0.00884381 0.0105631 0.0208337 0.0230024 0.018923 0.0431389 0.221766 0.441057 0.357406 0.0874018 0.00618532 0.00166817 0.00254141 0.00781097 0.0285431 0.0187038 0.00270774 0.000545478 0.000131294
0.00330486 6.85085e-05 8.43216e-05 0.000898409 0.0141722 0.122273 0.353172 0.361674 0.177759 0.130189 0.302298 0.376966 0.269278 0.182055 0.246359 0.588816 0.610393 0.202724 0.0235737 0.00210049 0.000948979 0.00250372 0.0089616 0.0342196 0.0150742 0.0015162 0.000185062 7.26525e-05
0.00485114 0.00012706 0.000101198 0.000606126 0.00757912 0.0493531 0.217802 0.530581 0.649963 0.710258 0.784206 0.552937 0.268 0.324713 0.609 0.843832 0.603184 0.0578706 0.00464845 0.00082579 0.00082335 0.00317876 0.0154984 0.0467811 0.00720008 0.00032851 2.97028e-05 2.4897e-05
0.00516203 0.000107106 5.86464e-05 0.000209687 0.002 0.0126256 0.0610901 0.492534 0.87579 0.832941 0.489795 0.0868656 0.0350205 0.182519 0.693505 0.837972 0.386668 0.0240666 0.00399205 0.00143992 0.00184372 0.0078546 0.032764 0.039897 0.00262866 8.92369e-05 1.22242e-05 1.86982e-05
0.00331299 6.54054e-05 6.30794e-05 0.000433144 0.00362154 0.0145103 0.0574716 0.440389 0.848013 0.571449 0.056956 0.0073973 0.00956865 0.144113 0.707726 0.795875 0.395753 0.09922 0.0395787 0.0136295 0.0122403 0.0266064 0.0414091 0.0210969 0.00190974 0.000157577 5.349e-05 5.22929e-05
0.00241293 8.1021e-05 0.000188642 0.00225038 0.0112319 0.0198745 0.059115 0.332656 0.675849 0.267707 0.0240248 0.00703484 0.0190978 0.313152 0.730632 0.688038 0.551662 0.492708 0.346911 0.115785 0.0649413 0.0539716 0.0333472 0.0162116 0.0038881 0.000907303 0.000389891 0.000171706
0.00358829 0.000201865 0.000819922 0.00710319 0.0162196 0.0171982 0.0324338 0.153246 0.522505 0.319281 0.073342 0.0279212 0.0556707 0.290035 0.271967 0.161376 0.278943 0.479288 0.427184 0.24126 0.156932 0.0927536 0.0371515 0.0227186 0.00954773 0.00207076 0.000562543 0.000189142
0.00607142 0.000453657 0.00129733 0.00535204 0.00805917 0.00801545 0.0173107 0.137804 0.574486 0.493462 0.184222 0.0551981 0.0469361 0.0474596 0.0157194 0.00944784 0.0295919 0.0944814 0.111435 0.142185 0.166703 0.0982435 0.0364535 0.0248908 0.00954875 0.00131782 0.000255866 9.39439e-05
0.00572574 0.00028751 0.000461816 0.00141819 0.00308656 0.0055672 0.0163956 0.128496 0.391961 0.226773 0.0532699 0.0106527 0.0069727 0.00519396 0.00205721 0.00184195 0.00529034 0.0108666 0.0187911 0.0559044 0.0839791 0.0540775 0.0232575 0.0190706 0.0053914 0.000554596 0.000121111 6.60045e-05
0.00366023 8.83483e-05 9.97233e-05 0.000421989 0.00203746 0.00663369 0.0189858 0.0533462 0.0573669 0.0185854 0.00445677 0.00137625 0.00150997 0.00253317 0.00193072 0.00164971 0.00258415 0.00307984 0.00611922 0.0193891 0.0192215 0.0120178 0.00949589 0.00986706 0.00202508 0.000219793 7.53761e-05 7.19189e-05
0.00340791 6.25943e-05 3.77929e-05 0.000170175 0.00201071 0.00843918 0.0158667 0.0221287 0.0126301 0.00527477 0.00191564 0.00082776 0.00134437 0.00265949 0.00201094 0.000976238 0.000802902 0.000911547 0.00195876 0.00480902 0.00334904 0.00249585 0.00372303 0.00461601 0.00075905 0.000103149 5.27325e-05 6.64572e-05
0.00495067 4.18122e-05 1.873e-05 0.000104976 0.00157108 0.00595472 0.00730558 0.00806237 0.00641858 0.00410416 0.00172585 0.000903958 0.00148952 0.00174899 0.000664849 0.000190344 0.000141298 0.00023897 0.000670508 0.0012495 0.000658316 0.000590331 0.000990799 0.00112607 0.000307329 6.69365e-05 4.30981e-05 6.70311e-05
0.00348805 1.60049e-05 9.69647e-06 7.44789e-05 0.000612644 0.00134554 0.00137477 0.00148759 0.00174651 0.00135068 0.000655183 0.000471231 0.000737087 0.000527658 0.000110806 2.51418e-05 1.93791e-05 3.60029e-05 0.000105601 0.000150592 6.98832e-05 6.14302e-05 7.81109e-05 8.63313e-05 6.15089e-05 3.59179e-05 5.6807e-05 0.00011494
0.00288131 2.93246e-05 4.41834e-05 0.000248464 0.000811641 0.00109048 0.000982431 0.000984594 0.00137048 0.00121294 0.000592005 0.000447463 0.000677395 0.00045338 0.000107247 3.03792e-05 2.78328e-05 4.51245e-05 9.17892e-05 0.000108814 6.29013e-05 5.37101e-05 5.57526e-05 7.26677e-05 9.55592e-05 0.000109061 0.0002099 0.000487299
0.0137385 0.00114828 0.00188788 0.00320257 0.00391473 0.00403841 0.00370542 0.00388415 0.00516159 0.00484089 0.0028996 0.0025065 0.0032446 0.00275009 0.00156019 0.000887859 0.000961606 0.00124208 0.00151638 0.0014803 0.00130173 0.00127041 0.00126245 0.00158036 0.0021251 0.00220594 0.00327234 0.00967833
