0.00678021 0.000233334 0.000258137 0.000720116 0.00158356 0.00119366 0.00104401 0.00110477 0.00129326 0.00164673 0.00176202 0.00170759 0.00185669 0.00229795 0.00222731 0.00208629 0.00227188 0.00170375 0.000841258 0.000507589 0.000548248 0.000639556 0.000711053 0.000718284 0.000548794 0.000597392 0.00102957 0.00301055
0.00193617 1.3112e-05 1.45943e-05 6.36924e-05 0.000229209 0.000199369 0.000187195 0.000250637 0.000353738 0.00038421 0.00028177 0.000190996 0.000241076 0.000387836 0.000346244 0.000293835 0.000315842 0.00019401 8.62961e-05 5.65652e-05 5.90539e-05 5.94683e-05 6.7912e-05 7.19298e-05 4.6154e-05 5.52579e-05 6.43207e-05 0.00016952
0.00242039 2.65897e-05 1.85307e-05 0.000117515 0.000494353 0.000604128 0.000835647 0.00119044 0.00147861 0.000854912 0.0004401 0.000267908 0.000404496 0.000710227 0.000495046 0.000345147 0.000302029 0.000203984 0.000144659 0.000142362 0.000136505 0.000108281 0.000111585 0.000104168 4.31018e-05 3.60758e-05 3.22341e-05 7.6256e-05
0.00167592 2.44293e-05 2.46019e-05 0.000309265 0.0010049 0.00107635 0.00205907 0.00277085 0.0023165 0.000879526 0.000379028 0.000262065 0.000450383 0.000814113 0.000593933 0.000390014 0.000239846 0.000147693 0.000142442 0.000151849 0.000125367 6.38776e-05 4.83654e-05 4.22114e-05 1.6892e-05 1.58471e-05 8.58657e-06 2.54337e-05
0.00160559 4.59688e-05 0.000173942 0.00347708 0.00717323 0.00719925 0.0158666 0.0186721 0.0122526 0.00429434 0.00224951 0.00192348 0.00248043 0.00390674 0.00315937 0.00171878 0.00105371 0.00069063 0.000653919 0.000598528 0.000343385 0.000105163 5.78148e-05 6.07353e-05 2.43529e-05 1.85277e-05 6.63062e-06 1.76539e-05
0.00218528 8.46308e-05 0.000379613 0.00562646 0.0119971 0.0174681 0.0329137 0.0285199 0.018234 0.0083529 0.00519109 0.00474397 0.00456769 0.00339145 0.00147601 0.000691343 0.000622327 0.000797087 0.00179603 0.00250644 0.000904673 0.000158852 7.71967e-05 7.61697e-05 3.38933e-05 2.41287e-05 8.32514e-06 1.97309e-05
0.00256026 9.82734e-05 0.000249663 0.00291897 0.0161979 0.0237749 0.0294877 0.0257512 0.0234478 0.0212992 0.0116379 0.00698834 0.00523268 0.00207737 0.000655645 0.000407027 0.00056336 0.00213487 0.0137352 0.0230466 0.0047316 0.000413357 0.000215206 0.000214719 6.82747e-05 3.34126e-05 1.00821e-05 1.92343e-05
0.00348376 0.00014079 0.000203243 0.00213137 0.0259108 0.0524828 0.0748545 0.117915 0.184328 0.277477 0.18586 0.0713906 0.0249919 0.00995868 0.00504018 0.00598326 0.0118557 0.0613403 0.377314 0.354399 0.065813 0.00493532 0.00205138 0.00159194 0.000327432 6.83808e-05 1.45801e-05 1.99473e-05
0.0050034 0.000160163 0.000278957 0.00584398 0.0974093 0.327646 0.559509 0.61712 0.67824 0.811509 0.804116 0.622293 0.396467 0.328853 0.266992 0.316986 0.451095 0.69451 0.866721 0.651307 0.173748 0.030359 0.0113992 0.00679746 0.00102925 0.000101337 1.70652e-05 2.14743e-05
0.00776208 0.000317529 0.000959148 0.034828 0.502106 0.857518 0.911745 0.826155 0.801731 0.908863 0.940698 0.932207 0.918832 0.954795 0.959455 0.956317 0.960411 0.942057 0.84368 0.336112 0.0923455 0.0616113 0.0300436 0.0120725 0.00143164 0.000107864 1.80179e-05 2.45085e-05
0.0090896 0.00060925 0.00248671 0.0761023 0.592772 0.781285 0.729265 0.48944 0.555012 0.798057 0.849118 0.849334 0.842554 0.914342 0.958972 0.979049 0.979881 0.880211 0.317917 0.0376638 0.0203075 0.0438285 0.0279616 0.00773121 0.000906365 9.24671e-05 1.59266e-05 2.84502e-05
0.0104312 0.000856217 0.00245219 0.0337965 0.182833 0.137522 0.0590703 0.0304199 0.0805119 0.265211 0.243684 0.156133 0.130577 0.222783 0.656172 0.9218 0.914922 0.40586 0.0153373 0.00193038 0.00286549 0.00951372 0.00677268 0.00238484 0.000329807 5.21293e-05 1.07794e-05 2.86425e-05
0.012836 0.000926845 0.00103642 0.0061371 0.0151381 0.00545883 0.0015367 0.0015705 0.011602 0.0654638 0.0507479 0.011721 0.00863942 0.0499576 0.569661 0.949478 0.896874 0.131649 0.00295807 0.000546648 0.00108083 0.00361127 0.00271371 0.000992922 0.000145444 3.55864e-05 8.16e-06 2.75145e-05
0.00659 0.000321785 0.000424743 0.00292805 0.00299246 0.000644207 0.000233168 0.000374684 0.00407075 0.033807 0.0396254 0.0103988 0.00671612 0.0565616 0.752922 0.974834 0.892446 0.0913222 0.00186768 0.000404097 0.000940481 0.00239803 0.00183769 0.000602955 7.13252e-05 2.14453e-05 6.36851e-06 2.95326e-05
0.00273123 0.000127144 0.00033116 0.00233519 0.00146231 0.000311376 0.000208736 0.000443356 0.00438035 0.056574 0.141281 0.069151 0.0576156 0.254234 0.844812 0.957691 0.779578 0.0921831 0.00532461 0.00193205 0.00488475 0.00686463 0.00287303 0.000622867 5.19073e-05 1.62749e-05 5.90874e-06 3.07203e-05
0.00163978 5.18663e-05 0.000160275 0.000955077 0.000644751 0.00023259 0.000339469 0.00105778 0.00808319 0.130472 0.539274 0.568753 0.546515 0.749282 0.892333 0.931339 0.830194 0.483902 0.25397 0.175914 0.185377 0.0766071 0.0152507 0.00157743 6.49963e-05 1.62796e-05 6.10874e-06 3.05928e-05
0.00145529 3.08504e-05 6.19572e-05 0.000317317 0.000412041 0.000292287 0.000553176 0.00161402 0.00991806 0.159338 0.760496 0.930788 0.948654 0.947959 0.934397 0.91429 0.868034 0.903912 0.922845 0.888349 0.754536 0.231239 0.0320838 0.00219933 7.00146e-05 1.68707e-05 6.14988e-06 2.83584e-05
0.0015626 2.91447e-05 3.25843e-05 0.000138757 0.000294648 0.000297578 0.000548087 0.00130568 0.00481449 0.0510243 0.556549 0.887735 0.924397 0.911478 0.868662 0.820391 0.676459 0.687068 0.755006 0.708238 0.409749 0.0670154 0.0097845 0.000984263 5.17427e-05 1.6549e-05 6.99902e-06 2.60576e-05
0.00206288 3.07864e-05 2.22132e-05 8.90448e-05 0.000208836 0.000206308 0.000270507 0.000334879 0.000669025 0.00433908 0.0326457 0.102241 0.131211 0.200474 0.538359 0.644968 0.330696 0.0929194 0.0283603 0.0212537 0.0158524 0.00454681 0.00161431 0.000452188 4.59389e-05 1.69654e-05 7.86311e-06 2.58925e-05
0.00286852 4.53606e-05 2.21586e-05 6.96528e-05 0.000157683 0.000125961 0.000104865 0.000104551 0.000262848 0.00152528 0.0022057 0.0017926 0.0021723 0.0126523 0.422148 0.678905 0.154293 0.00878772 0.00128107 0.00121096 0.0015073 0.000853258 0.000626731 0.000390349 6.34108e-05 2.27728e-05 1.31952e-05 3.26164e-05
0.00341278 4.21849e-05 2.14635e-05 6.76401e-05 0.000159964 0.000100566 5.38391e-05 8.82261e-05 0.000281301 0.000898388 0.000642068 0.000262386 0.000615712 0.020234 0.683315 0.81893 0.134691 0.00363571 0.00094643 0.00105403 0.000998282 0.000689256 0.000622137 0.000469159 0.000109358 3.64736e-05 2.71508e-05 5.19069e-05
0.0034942 3.6817e-05 1.9453e-05 5.45317e-05 0.00012732 7.37892e-05 3.46432e-05 5.64049e-05 0.000148286 0.000256677 0.000182575 0.000203574 0.00204276 0.181415 0.916538 0.879259 0.147965 0.00506463 0.00206783 0.00172896 0.00120918 0.000997133 0.00100168 0.000939382 0.000329713 0.000114243 9.56883e-05 0.000105739
0.00341632 3.75609e-05 2.06507e-05 4.6422e-05 9.52583e-05 5.54907e-05 3.66303e-05 4.31953e-05 5.9436e-05 8.36258e-05 0.0001492 0.000767474 0.0164743 0.635262 0.949908 0.786302 0.118001 0.00848912 0.00542745 0.00446085 0.00237743 0.00190128 0.00210871 0.00227586 0.000807544 0.000322123 0.000243126 0.000158608
0.00604433 9.68538e-05 3.78026e-05 4.67186e-05 8.55158e-05 5.89568e-05 4.46485e-05 4.22856e-05 5.30296e-05 0.000106586 0.000308905 0.00285158 0.125681 0.911221 0.95998 0.772364 0.217771 0.0345805 0.0232463 0.0115299 0.00379629 0.00207536 0.00155506 0.00143625 0.000526604 0.000229621 8.66524e-05 7.17052e-05
0.0102561 9.88586e-05 2.27834e-05 2.04841e-05 3.94935e-05 3.15877e-05 2.17818e-05 2.15448e-05 5.85245e-05 0.000195192 0.000649996 0.00863918 0.255366 0.881146 0.924665 0.791108 0.3954 0.0847054 0.02796 0.00586593 0.00127003 0.000602824 0.00034131 0.000305464 0.000114484 5.17805e-05 1.02772e-05 1.78708e-05
0.00387836 1.2792e-05 3.50699e-06 6.73895e-06 1.38267e-05 1.09792e-05 7.4252e-06 1.00279e-05 5.48898e-05 0.000393008 0.0032259 0.0314749 0.189307 0.454212 0.609796 0.588106 0.316459 0.0587578 0.0069791 0.00101477 0.000324471 0.000191656 8.25362e-05 5.16143e-05 1.79159e-05 8.6803e-06 1.63054e-06 6.88893e-06
0.0024985 1.40005e-05 1.06728e-05 2.90885e-05 4.1541e-05 3.34666e-05 2.6317e-05 4.0768e-05 0.000167845 0.00152554 0.0155502 0.0426399 0.0480271 0.0630901 0.151464 0.189179 0.115474 0.0220123 0.00338514 0.00071086 0.000491233 0.000367871 0.000138059 7.01512e-05 2.62807e-05 1.3963e-05 3.91221e-06 2.7724e-05
0.0119407 0.000780405 0.000967467 0.0013986 0.00140637 0.00124869 0.00124807 0.0017748 0.00298181 0.00732938 0.0282296 0.0323148 0.0184541 0.0206641 0.0366174 0.03845 0.0331885 0.0143108 0.00601917 0.00321118 0.00365863 0.00354117 0.0019527 0.00137792 0.00112586 0.000824431 0.000578944 0.00270222
