0.00880846 0.000226148 0.000140307 0.000327838 0.000732568 0.00088799 0.00103215 0.000965819 0.000770499 0.000597241 0.000536647 0.000746962 0.00176455 0.00569922 0.0108678 0.0113655 0.00406806 0.000955168 0.000501961 0.00045467 0.000706255 0.000929827 0.000835498 0.00101575 0.00147963 0.00127143 0.000998508 0.00272321
0.00218216 9.99867e-06 7.44092e-06 2.88767e-05 6.75508e-05 7.05431e-05 7.40616e-05 6.77252e-05 5.56743e-05 4.84567e-05 4.58067e-05 9.87132e-05 0.000373501 0.00226049 0.00852533 0.0108331 0.0021438 0.000259252 9.77973e-05 7.63213e-05 0.000105537 0.000121364 0.000110825 0.000134372 0.000145704 7.54295e-05 7.06143e-05 0.000248148
0.00206122 1.53979e-05 1.1736e-05 4.86451e-05 0.000118423 9.54949e-05 7.99201e-05 7.34701e-05 5.58112e-05 5.05783e-05 7.84492e-05 0.000234594 0.00103878 0.0121819 0.0653769 0.0582519 0.0122895 0.00156934 0.000521878 0.00029247 0.000229797 0.000195689 0.000180462 0.000207651 9.96383e-05 4.69099e-05 9.9773e-05 0.000299117
0.00194635 1.82239e-05 7.42447e-06 2.21097e-05 7.24987e-05 6.6984e-05 7.17154e-05 7.63214e-05 4.77805e-05 3.72812e-05 6.91908e-05 0.000258812 0.00143312 0.0185089 0.0419336 0.0192061 0.00554816 0.00125463 0.000683318 0.000355393 0.000187551 0.000135468 0.000174467 0.000226103 6.2852e-05 2.73284e-05 5.50473e-05 0.000139007
0.00274557 3.73845e-05 2.0394e-05 8.18297e-05 0.000322559 0.0003246 0.000353614 0.000288213 0.000138732 8.25269e-05 0.00011917 0.000501805 0.00281183 0.0161456 0.0230294 0.013534 0.0115117 0.00615983 0.00320373 0.00135344 0.000529813 0.000342489 0.000491596 0.00056642 9.72897e-05 2.73972e-05 2.98271e-05 4.9607e-05
0.00716985 0.000325358 0.00045731 0.00214587 0.00572394 0.0022972 0.00101545 0.000364485 0.00014062 0.000104214 0.000124087 0.000373767 0.00103075 0.00255935 0.00511387 0.0133355 0.0467739 0.0461725 0.0186219 0.00406209 0.000932808 0.000420284 0.000504453 0.000562301 0.000135372 4.86337e-05 3.44956e-05 3.35189e-05
0.018686 0.00376231 0.0166746 0.0586974 0.0669412 0.00707791 0.00117674 0.000263948 0.000112533 0.000142587 0.000133217 0.000205629 0.000439013 0.000915084 0.00412622 0.054558 0.306681 0.380364 0.143653 0.0114639 0.0017558 0.000620442 0.000467328 0.000564407 0.000213181 8.08595e-05 4.14901e-05 3.02684e-05
0.0257284 0.00891287 0.0653975 0.137459 0.0812353 0.00491793 0.000579781 0.000172884 0.000117889 0.000205029 0.000217211 0.000225197 0.000306844 0.00104375 0.0147239 0.370243 0.878021 0.88181 0.439497 0.0195466 0.00251611 0.000780809 0.000337907 0.000369508 0.00022133 0.000105201 5.17524e-05 3.46011e-05
0.0146678 0.0040697 0.027492 0.0426476 0.0190761 0.00171022 0.000373966 0.00020084 0.000179376 0.000313471 0.000352338 0.000337863 0.000584564 0.00427725 0.0697567 0.67961 0.939695 0.893388 0.325584 0.0094474 0.00155417 0.000494548 0.000200948 0.000267428 0.000224511 0.000170879 9.90044e-05 5.91258e-05
0.0121502 0.00274653 0.0189206 0.0343933 0.0128961 0.00201189 0.000928398 0.000635684 0.000647234 0.000941849 0.000827432 0.000832428 0.00213092 0.0290561 0.360257 0.835058 0.90594 0.739826 0.15678 0.0052993 0.000823328 0.000253824 0.000134495 0.000288093 0.000432984 0.000436455 0.000226998 9.10669e-05
0.01605 0.00495323 0.0358019 0.0639881 0.0227363 0.00523585 0.00330056 0.0023255 0.00231999 0.00251919 0.00180596 0.00150319 0.00466022 0.0983872 0.707755 0.918069 0.867694 0.497782 0.0574132 0.00219634 0.00032879 0.000148914 0.00019493 0.00065908 0.00100573 0.000859196 0.000343531 9.27658e-05
0.00862348 0.00149397 0.00984104 0.0292416 0.0168047 0.00670735 0.00459551 0.00275762 0.00273873 0.00236212 0.00103233 0.000902106 0.00466882 0.127707 0.820434 0.942669 0.80549 0.185821 0.00781204 0.000353548 8.41154e-05 9.9001e-05 0.000305504 0.00103861 0.00145867 0.00102987 0.000253867 6.07407e-05
0.00366462 0.000249046 0.000952172 0.00559306 0.0112866 0.00980081 0.00548452 0.0021023 0.00133934 0.000736451 0.000325748 0.000457129 0.00465793 0.214214 0.911128 0.967206 0.712072 0.025382 0.000983106 0.00014047 7.26157e-05 0.00017611 0.000537631 0.00136949 0.00172556 0.000722103 0.000131255 3.4796e-05
0.00389886 0.000178251 0.000288473 0.00209517 0.0166838 0.0212808 0.00614207 0.00133125 0.000588256 0.000301618 0.000178569 0.000584109 0.0145266 0.52428 0.95993 0.95342 0.260958 0.00223012 0.00043716 0.000566648 0.00101872 0.00249665 0.00214886 0.00163503 0.00126407 0.000352388 7.16695e-05 2.70141e-05
0.0080061 0.000318584 0.000246789 0.00267796 0.0369902 0.0300781 0.0047788 0.000727026 0.000278403 0.000210295 0.000337403 0.0028658 0.0601219 0.729517 0.96688 0.876636 0.0596271 0.000856888 0.000745873 0.00494246 0.0144589 0.0129765 0.00394549 0.00141787 0.000759 0.000231869 6.62613e-05 3.31643e-05
0.00763101 0.000446461 0.000432752 0.00684485 0.0603648 0.0220977 0.00409077 0.000986089 0.000393546 0.00038161 0.000984942 0.00909854 0.146791 0.813049 0.958634 0.809915 0.0565196 0.00184583 0.00148705 0.00426471 0.00765453 0.00475797 0.00183371 0.00159356 0.000932711 0.000211224 5.99486e-05 3.12459e-05
0.00532942 0.000523607 0.00178307 0.0358587 0.103424 0.020309 0.00562376 0.00209541 0.000895434 0.000718787 0.0016124 0.0134572 0.190283 0.82967 0.920962 0.682803 0.0920393 0.00517047 0.00186053 0.00110042 0.000836443 0.000837481 0.000960054 0.00257735 0.00134328 0.000169417 3.12693e-05 2.13518e-05
0.0043419 0.000635086 0.00636558 0.121793 0.149915 0.0228762 0.00814038 0.00350392 0.00167841 0.00138337 0.00206838 0.0197351 0.425594 0.906186 0.851718 0.369033 0.0543064 0.00657229 0.00261692 0.00109355 0.000362461 0.000344729 0.00123386 0.00491296 0.000939279 6.4133e-05 1.40333e-05 1.85545e-05
0.00524997 0.00131028 0.0165135 0.174465 0.135053 0.01836 0.0066323 0.00281745 0.00159369 0.00144702 0.00225747 0.0476175 0.78613 0.954561 0.74637 0.0915249 0.0107369 0.00366726 0.00311138 0.00153711 0.000408047 0.000415528 0.00187485 0.00440488 0.000455954 3.23991e-05 1.28939e-05 2.59447e-05
0.0125254 0.00518766 0.0742635 0.331484 0.156888 0.0202095 0.0060579 0.00156739 0.000749376 0.0010354 0.00335468 0.135396 0.921059 0.9502 0.414216 0.0167613 0.0039507 0.00269333 0.00213813 0.00110566 0.000383953 0.000512304 0.00197058 0.00305692 0.000385726 4.30946e-05 2.84122e-05 4.58076e-05
0.0246254 0.0120973 0.115663 0.259006 0.115609 0.0163705 0.00405336 0.000719237 0.000349542 0.0010345 0.00578152 0.309378 0.957233 0.902121 0.163506 0.00575236 0.00245359 0.00246927 0.0013572 0.000664046 0.000421089 0.000635382 0.00143116 0.00206753 0.000557944 0.000107882 6.77151e-05 6.9194e-05
0.0180607 0.00366017 0.015005 0.0317074 0.0189018 0.00346659 0.000850921 0.000215946 0.00017445 0.000931934 0.0116955 0.50397 0.952724 0.777508 0.0658639 0.00278951 0.00122088 0.0011729 0.000644479 0.000439894 0.000498511 0.000873337 0.00122236 0.00146101 0.000533199 0.000112329 6.11718e-05 6.27213e-05
0.00605955 0.000262645 0.0003744 0.001231 0.00177921 0.000676842 0.00018941 8.23803e-05 0.000160256 0.00123895 0.0175838 0.521623 0.891979 0.482875 0.0341257 0.0020072 0.000661612 0.000506347 0.000297104 0.000310837 0.000483093 0.000788711 0.000999308 0.00111652 0.000374227 6.85249e-05 3.44814e-05 3.56209e-05
0.00219846 3.53272e-05 2.43149e-05 0.000136696 0.000679525 0.000547643 0.000139851 6.29547e-05 0.000138331 0.00083779 0.0161086 0.423524 0.674226 0.191035 0.0158783 0.0013296 0.000505758 0.0004375 0.000215612 0.00019849 0.000294869 0.000502413 0.000855072 0.00123096 0.000420028 7.05857e-05 3.2181e-05 2.78013e-05
0.00184841 1.11269e-05 7.71841e-06 8.17893e-05 0.000581012 0.000379784 7.69191e-05 2.86402e-05 5.5892e-05 0.000348624 0.00869608 0.161508 0.183835 0.0239316 0.0023691 0.000409569 0.00022414 0.0001964 9.49036e-05 6.73993e-05 9.00664e-05 0.000262897 0.000881009 0.00134466 0.000329049 4.79771e-05 2.3343e-05 2.30307e-05
0.00145781 6.00906e-06 4.20635e-06 4.28057e-05 0.00019042 0.000108835 4.34651e-05 2.81566e-05 3.86469e-05 0.000148607 0.0023295 0.0164636 0.0114654 0.00171939 0.000255643 6.87645e-05 3.8044e-05 2.90509e-05 1.60428e-05 1.50241e-05 2.97826e-05 0.000131452 0.0005507 0.000617041 0.000134134 2.0903e-05 8.72434e-06 1.23599e-05
0.00206183 1.85627e-05 2.26389e-05 0.000102356 0.00017481 0.000137338 0.000153193 0.000182334 0.000160889 0.000326496 0.00209501 0.00553963 0.00388697 0.00102527 0.000236874 7.59174e-05 4.39628e-05 3.59279e-05 2.46334e-05 3.17604e-05 8.06278e-05 0.000268667 0.000670645 0.000608028 0.000207473 5.12105e-05 1.45501e-05 3.26386e-05
0.0127993 0.00114142 0.00158222 0.00245151 0.00191345 0.00175687 0.00273704 0.00308883 0.00241493 0.00285425 0.00521514 0.00719119 0.00605062 0.00336499 0.00220081 0.00148977 0.00120349 0.00111584 0.0010639 0.00125009 0.0019126 0.00307954 0.00338028 0.00302076 0.00271895 0.00153354 0.000874448 0.00235488
