0.0161268 0.00130106 0.000733475 0.000685117 0.00103142 0.001297 0.00185394 0.0019308 0.00105385 0.000635384 0.000880192 0.00109631 0.000814237 0.000814189 0.00119998 0.00174012 0.00206925 0.00288239 0.00788394 0.00815978 0.0029201 0.00113018 0.000958439 0.00102203 0.000748157 0.000638791 0.00108259 0.00381477
0.0045777 0.000103003 7.90104e-05 0.000105796 0.000201143 0.000288459 0.000509584 0.000481365 0.000142638 5.9316e-05 9.71804e-05 0.000149073 0.000122855 0.000176293 0.000291208 0.000426985 0.000669287 0.00112738 0.00377049 0.00336588 0.000710409 0.000220494 0.000212637 0.00020244 9.89629e-05 6.8967e-05 0.000107026 0.000299262
0.00496285 0.000172896 0.000161965 0.000401701 0.00099661 0.00152397 0.00212977 0.00131188 0.00034425 0.00013213 0.000194122 0.000360282 0.000613363 0.00122899 0.00200788 0.00283181 0.00499595 0.0134558 0.0333792 0.022774 0.00509785 0.00150342 0.000955275 0.00056093 0.000192208 9.20434e-05 0.000132648 0.000222554
0.00291733 7.30328e-05 7.1822e-05 0.000308541 0.00073798 0.000870766 0.00103501 0.000599102 0.000188138 9.21776e-05 0.000127396 0.000294691 0.00113858 0.00566064 0.0239833 0.0814479 0.203269 0.443118 0.544986 0.310129 0.0676422 0.00800085 0.00127375 0.000293545 9.95331e-05 5.65169e-05 7.43269e-05 0.00011694
0.00219986 4.97397e-05 6.90007e-05 0.000415499 0.000792223 0.00071037 0.00092619 0.000672347 0.00024661 0.000130708 0.00028177 0.000992377 0.00739146 0.092589 0.433654 0.822525 0.91126 0.936841 0.928602 0.770352 0.307834 0.0217659 0.00197325 0.000405339 0.000131952 8.40553e-05 7.60986e-05 9.55515e-05
0.00217964 4.99953e-05 6.41767e-05 0.000345914 0.000740651 0.000676897 0.00070492 0.00055831 0.000282587 0.000181873 0.000409881 0.00278137 0.0593766 0.530291 0.836972 0.879557 0.753846 0.608113 0.531231 0.359226 0.145542 0.0201286 0.00342046 0.00123439 0.000463307 0.000237617 0.000159487 0.00013108
0.0033996 8.91703e-05 9.18049e-05 0.000434995 0.00127528 0.00092575 0.000636187 0.000648473 0.00052595 0.000373286 0.000876063 0.0151463 0.359586 0.835289 0.826267 0.386157 0.0564857 0.0256377 0.0412059 0.0606089 0.0534154 0.0260461 0.0116356 0.00686966 0.00221894 0.000707061 0.000368264 0.000170911
0.00394416 9.85553e-05 8.77049e-05 0.000374518 0.00117052 0.00105874 0.00138671 0.00284015 0.00231741 0.00205879 0.0115092 0.228912 0.853479 0.893733 0.411235 0.0243637 0.00349047 0.00360741 0.00824307 0.0102748 0.0113912 0.00876463 0.00543741 0.00384304 0.00121828 0.000391288 0.000170651 9.53034e-05
0.00335776 7.32491e-05 8.06471e-05 0.000414705 0.00127458 0.00180538 0.00749133 0.0190639 0.011843 0.0217111 0.164003 0.789108 0.947285 0.757932 0.079521 0.00705341 0.00513713 0.00758066 0.00696107 0.00390635 0.00357942 0.00272914 0.00164201 0.000895055 0.000257265 8.82405e-05 3.67347e-05 3.49416e-05
0.00588749 0.00017274 0.000180539 0.000603934 0.00128449 0.00137292 0.00743666 0.0289978 0.0415677 0.248649 0.747062 0.884679 0.734713 0.126125 0.0140231 0.010403 0.0192504 0.0152675 0.00590129 0.00338283 0.00405963 0.00347365 0.00159364 0.000473448 0.000121722 5.02467e-05 1.74121e-05 2.02898e-05
0.0103234 0.000418054 0.00031903 0.00050667 0.000845668 0.000689015 0.00296331 0.021564 0.129248 0.782859 0.929459 0.652575 0.0725333 0.00729934 0.00812919 0.027937 0.0260713 0.00896947 0.00402366 0.00351904 0.00489115 0.0037587 0.00122405 0.000301665 9.23182e-05 4.82805e-05 1.80015e-05 2.20157e-05
0.00999107 0.000433334 0.000288049 0.000365974 0.000620867 0.000585509 0.00161918 0.0136472 0.281444 0.901924 0.834283 0.110606 0.00409825 0.00157688 0.00610997 0.0141833 0.00530499 0.00173477 0.00132869 0.00192501 0.00289149 0.00186729 0.000482188 0.000154825 8.56063e-05 5.54043e-05 2.30874e-05 2.51861e-05
0.00760181 0.000265175 0.000148774 0.000189737 0.000341231 0.000381953 0.00110949 0.013048 0.44076 0.927551 0.676004 0.0315916 0.00262916 0.00199211 0.00372845 0.0026135 0.000870871 0.000413258 0.000491914 0.0012756 0.00225734 0.00122371 0.000284784 0.000138171 9.59696e-05 6.44968e-05 2.63987e-05 2.4824e-05
0.00876179 0.000343608 0.000190559 0.000266361 0.000783139 0.0012425 0.00198866 0.0184763 0.58429 0.931861 0.611595 0.0462133 0.0107893 0.00469652 0.00223815 0.000886064 0.000283233 0.000188448 0.000369171 0.00111718 0.00208512 0.00106186 0.000324397 0.00026752 0.000162466 7.63434e-05 2.72989e-05 2.27523e-05
0.0124924 0.000611175 0.000379308 0.000642721 0.00259599 0.00401031 0.00488505 0.0501398 0.790893 0.955688 0.605908 0.0577055 0.0164078 0.00465043 0.00166409 0.000894883 0.000546665 0.000569652 0.00115497 0.0029646 0.00346066 0.00117054 0.000473198 0.000432155 0.000231234 7.75993e-05 2.57207e-05 2.2983e-05
0.00974537 0.000388056 0.000193978 0.000361652 0.00215119 0.00520876 0.00859368 0.115317 0.884945 0.963299 0.506979 0.024016 0.00366782 0.00134427 0.00170268 0.00322828 0.00509953 0.00804235 0.0129359 0.0143741 0.00422449 0.000537598 0.000353887 0.000362848 0.000178885 7.67947e-05 3.51883e-05 3.20397e-05
0.00588063 0.000129681 5.53793e-05 0.000130438 0.000905345 0.00365966 0.0100642 0.128297 0.862695 0.945764 0.450095 0.0155082 0.00236967 0.00193936 0.0113729 0.0640049 0.110898 0.174373 0.198447 0.0916275 0.00935476 0.000611987 0.000349839 0.000405173 0.000197217 0.000122135 6.78276e-05 4.93805e-05
0.00344945 4.65662e-05 2.16229e-05 8.8617e-05 0.000864624 0.00360647 0.00935478 0.0702216 0.678989 0.936021 0.74853 0.136749 0.0411547 0.0767895 0.412818 0.720073 0.792997 0.899114 0.919797 0.76698 0.171818 0.0086023 0.00165897 0.000613908 0.000263599 0.000169526 6.96435e-05 4.50121e-05
0.00255901 3.37862e-05 1.94904e-05 0.000121907 0.00112925 0.00295039 0.00512823 0.0228469 0.298459 0.891036 0.919286 0.714436 0.524965 0.619642 0.778999 0.72139 0.634714 0.880805 0.964347 0.943109 0.605026 0.0389672 0.00403109 0.000793658 0.000300367 0.000154254 4.33292e-05 2.71625e-05
0.0023069 3.6192e-05 3.66707e-05 0.000312024 0.00176764 0.00234232 0.00288898 0.00985304 0.132209 0.843067 0.970369 0.94583 0.862768 0.809745 0.60628 0.251905 0.130085 0.436426 0.901885 0.916842 0.489176 0.021538 0.00346668 0.00171348 0.000688562 0.000203175 3.30405e-05 2.0242e-05
0.00235444 6.08404e-05 8.71555e-05 0.000761096 0.00245966 0.00196422 0.00235648 0.00676675 0.0988763 0.836672 0.985913 0.984948 0.954998 0.930363 0.771947 0.325075 0.183855 0.505221 0.871008 0.824007 0.175487 0.00580518 0.00232082 0.00271065 0.00089264 0.000173653 2.04722e-05 1.83853e-05
0.00216532 5.72135e-05 8.98166e-05 0.000603147 0.0011737 0.000612832 0.000767334 0.0024268 0.0537503 0.660514 0.940435 0.952243 0.956336 0.97792 0.959345 0.844531 0.68137 0.786902 0.855778 0.666254 0.0593991 0.00197466 0.000813108 0.000806067 0.00018457 4.76567e-05 6.90574e-06 1.509e-05
0.00174798 3.50745e-05 4.0353e-05 0.000190152 0.00043211 0.000281409 0.000287766 0.000987483 0.0188523 0.155291 0.240625 0.32112 0.612295 0.847894 0.85926 0.784114 0.710217 0.754166 0.75894 0.436789 0.0314528 0.00128937 0.000335869 0.000203453 3.57668e-05 1.61343e-05 3.53188e-06 1.44078e-05
0.00250213 4.66357e-05 3.01243e-05 9.02011e-05 0.00029778 0.000337368 0.000469116 0.00113116 0.00394476 0.00580482 0.00448856 0.00834293 0.0240849 0.0378091 0.0494026 0.0647871 0.108572 0.259043 0.347308 0.137681 0.00977586 0.000726141 0.000333188 0.000236963 3.58745e-05 1.57565e-05 3.80781e-06 1.50384e-05
0.00403052 3.99928e-05 1.5732e-05 4.38206e-05 0.000207128 0.000416622 0.00041891 0.000344363 0.00026482 0.000148691 0.000172581 0.000365598 0.000503468 0.000444991 0.000609613 0.00156489 0.00677427 0.0385966 0.0925595 0.0256874 0.0019073 0.000427751 0.000332974 0.000199754 2.85912e-05 1.10309e-05 2.78266e-06 1.09123e-05
0.00336302 2.12189e-05 6.24023e-06 2.23663e-05 0.000144342 0.000263278 0.000138416 4.25736e-05 1.71323e-05 1.13301e-05 2.4743e-05 5.66825e-05 6.28004e-05 6.66131e-05 0.000101745 0.000296724 0.00149189 0.0074697 0.0170221 0.00682332 0.00158716 0.000758003 0.000265156 6.22576e-05 8.60508e-06 3.40434e-06 1.1715e-06 6.37503e-06
0.00409092 5.04858e-05 2.99105e-05 9.03603e-05 0.000498021 0.000630904 0.000199277 5.13982e-05 2.98128e-05 3.13084e-05 7.36815e-05 0.000175735 0.00023434 0.000272569 0.000371953 0.00077508 0.00192831 0.00424678 0.00682752 0.00520531 0.00511019 0.00293366 0.000541576 8.73626e-05 1.97533e-05 1.07738e-05 3.62025e-06 2.28541e-05
0.0182956 0.00175592 0.00146308 0.00180753 0.00342598 0.00364026 0.00203752 0.00114894 0.00120224 0.00144012 0.00210964 0.00311657 0.00354496 0.00351049 0.00413084 0.00531735 0.00623922 0.00809574 0.00845994 0.00772348 0.0125099 0.0103932 0.00381949 0.00160428 0.00128661 0.000970473 0.000581187 0.00226213
