0.0180074 0.00235568 0.00300845 0.00316036 0.00121494 0.000409962 0.00039666 0.000693793 0.00072394 0.000484715 0.000407681 0.000371879 0.000447613 0.00108266 0.00231428 0.00349305 0.00354442 0.00218035 0.00126097 0.000743202 0.0007579 0.00160506 0.00240955 0.00138236 0.000562178 0.000374503 0.000458191 0.00146018
0.00783097 0.000653374 0.00300324 0.00481977 0.000524744 5.79452e-05 5.09461e-05 0.000104372 9.33182e-05 5.13184e-05 3.36175e-05 3.54975e-05 7.86863e-05 0.000339144 0.000734955 0.000769136 0.00065707 0.000306341 9.35162e-05 5.18465e-05 9.54221e-05 0.000272001 0.000385541 0.00015414 7.60186e-05 9.08586e-05 7.56446e-05 0.000105203
0.0102635 0.00402287 0.0452414 0.0524869 0.00346758 0.000159517 0.000119457 0.000236117 0.000141844 0.000105505 9.82666e-05 0.000148103 0.000581492 0.00218969 0.00281419 0.00216148 0.00180902 0.00083215 0.000274592 0.000236992 0.000683449 0.00165749 0.00118328 0.000472594 0.000372467 0.000412995 0.000223714 0.000136662
0.0117357 0.0054084 0.060725 0.0478708 0.0040836 0.000229632 0.000177162 0.000329437 0.000214009 0.000338377 0.000575343 0.000981706 0.00478658 0.0189248 0.0279451 0.0386763 0.0510545 0.0362272 0.0214028 0.0239278 0.0386969 0.024621 0.00455133 0.00091365 0.000897863 0.000517417 0.000132602 8.98337e-05
0.0162702 0.00382533 0.0372856 0.0351042 0.00541154 0.00073417 0.000923995 0.00187591 0.0028442 0.00810378 0.0192924 0.0400487 0.164867 0.517089 0.73888 0.81735 0.863768 0.894164 0.87306 0.854388 0.783186 0.430953 0.0676295 0.00716917 0.00211121 0.000477026 4.81326e-05 4.57032e-05
0.0147309 0.00201114 0.0116084 0.0123856 0.00277984 0.000698144 0.000820731 0.00271909 0.0228889 0.135955 0.360492 0.544778 0.809263 0.940641 0.960104 0.9462 0.950143 0.974576 0.972403 0.973126 0.965254 0.877918 0.33834 0.0227147 0.00143788 0.000104887 9.3883e-06 2.26659e-05
0.0114739 0.00111824 0.00332416 0.00317653 0.00166572 0.000692525 0.000664591 0.00575072 0.149526 0.637745 0.838298 0.838457 0.844296 0.850694 0.743543 0.573078 0.574411 0.677746 0.671071 0.801228 0.932847 0.938299 0.605267 0.0341045 0.000667913 2.43684e-05 3.00068e-06 1.43454e-05
0.0101684 0.000715128 0.000801818 0.00087846 0.00202969 0.00258858 0.00392819 0.0665662 0.726366 0.882309 0.805311 0.46724 0.205099 0.118082 0.0481655 0.0256925 0.0227143 0.0229413 0.0296188 0.10923 0.665678 0.920922 0.736644 0.0626031 0.000616207 1.62555e-05 3.85449e-06 1.41714e-05
0.0132544 0.000631931 0.000309504 0.000613949 0.00408891 0.0101144 0.0212719 0.349982 0.867405 0.715654 0.224317 0.0190047 0.00468763 0.0036874 0.00217858 0.00168021 0.00143384 0.00141043 0.00352528 0.0266662 0.407865 0.909219 0.825875 0.0951718 0.00120572 3.79017e-05 1.23191e-05 2.3927e-05
0.00633157 0.000213611 0.000139794 0.000668168 0.00407666 0.0101572 0.0655188 0.658534 0.754186 0.166178 0.0111971 0.000767955 0.000338182 0.000473131 0.000431692 0.000529868 0.000770765 0.00130866 0.00278759 0.0196342 0.407977 0.91595 0.828741 0.0972945 0.00241475 0.0001268 3.96564e-05 4.05242e-05
0.00274797 7.3589e-05 0.000122868 0.00085878 0.00207722 0.00691367 0.127825 0.65077 0.36917 0.0245347 0.00187357 0.000268522 0.000248479 0.000460613 0.000432123 0.000654372 0.00167726 0.00372664 0.00697955 0.0579285 0.698686 0.937157 0.699206 0.0489739 0.00311757 0.000322608 8.1404e-05 5.25236e-05
0.0017439 3.62487e-05 9.82827e-05 0.000786571 0.00120958 0.00337188 0.0427486 0.129393 0.0353459 0.00476446 0.000656853 0.000146704 0.00016331 0.000238927 0.000252879 0.000717599 0.00266923 0.00897574 0.0312423 0.250184 0.867314 0.918208 0.458969 0.0266182 0.00327654 0.00043532 8.92661e-05 5.32739e-05
0.00137278 2.37747e-05 4.57431e-05 0.000416474 0.000810608 0.001354 0.00533992 0.00861837 0.00609923 0.00245571 0.00045012 0.000126413 9.15495e-05 8.29992e-05 0.000189653 0.00117517 0.00608004 0.0381454 0.157757 0.5664 0.863244 0.70352 0.149115 0.0134134 0.00221558 0.000303676 6.17459e-05 4.74571e-05
0.0013095 2.12645e-05 3.87787e-05 0.000324518 0.000600102 0.000654448 0.000948915 0.001138 0.00248873 0.00376371 0.00212076 0.00105337 0.000296421 0.000113304 0.000248929 0.00225791 0.0348732 0.324497 0.693982 0.823715 0.70962 0.204566 0.0240738 0.00343169 0.000496888 8.02968e-05 3.00773e-05 4.26532e-05
0.00142613 2.43072e-05 5.15259e-05 0.00036668 0.000582276 0.000478235 0.000564239 0.00070992 0.002044 0.00737549 0.011133 0.00600145 0.00121654 0.000268737 0.000505883 0.00912634 0.243749 0.854352 0.919888 0.720732 0.206219 0.0242131 0.00497496 0.00120538 0.000155063 3.11951e-05 2.06878e-05 4.51994e-05
0.00145346 2.5048e-05 3.47518e-05 0.000220441 0.000633002 0.00056197 0.000330804 0.000399858 0.000984348 0.0027806 0.00603177 0.00482883 0.00172197 0.00130254 0.00722274 0.15649 0.816462 0.948916 0.858488 0.22149 0.0262884 0.00900176 0.0035696 0.00105955 0.000164204 3.57619e-05 3.36486e-05 6.76815e-05
0.00159613 2.40051e-05 2.16002e-05 0.000176398 0.0008433 0.0005876 0.00029081 0.000359735 0.000653055 0.0010563 0.00244223 0.00440025 0.00384918 0.0152822 0.180743 0.765136 0.954002 0.921302 0.417162 0.0271745 0.0114635 0.0150932 0.00623429 0.00177213 0.000354136 7.68395e-05 6.09192e-05 9.29624e-05
0.0027572 5.34486e-05 3.42746e-05 0.000178585 0.000589698 0.000385645 0.000474727 0.0012783 0.00154725 0.00150126 0.00360017 0.0158018 0.0574119 0.31569 0.793051 0.915244 0.904353 0.585726 0.0447917 0.00387303 0.00522967 0.00835186 0.00402008 0.0013427 0.000242573 4.86643e-05 3.22635e-05 6.47836e-05
0.0038049 7.72456e-05 6.20725e-05 0.000189901 0.000609005 0.000917894 0.00330292 0.0167563 0.0200853 0.0193134 0.049794 0.240952 0.75022 0.935268 0.943221 0.932616 0.837209 0.333871 0.0268495 0.004868 0.00585107 0.00674998 0.0030843 0.000868012 0.000140721 2.37169e-05 1.40907e-05 3.37423e-05
0.00580445 0.000187541 0.000211839 0.000871216 0.00445487 0.0216389 0.1739 0.497391 0.522264 0.609541 0.885183 0.960209 0.987297 0.983675 0.939421 0.951995 0.92332 0.67576 0.218224 0.0880112 0.0774484 0.0555925 0.0228048 0.00490451 0.000697694 8.4917e-05 4.10964e-05 5.41954e-05
0.00949459 0.000567326 0.00111742 0.00546456 0.0404147 0.341102 0.815505 0.912169 0.907509 0.949589 0.991375 0.994609 0.988753 0.936015 0.77636 0.879537 0.944021 0.926671 0.80521 0.707218 0.635344 0.474019 0.219029 0.0418992 0.00459329 0.000412054 0.000187512 0.000140244
0.00702921 0.000336051 0.000904241 0.00719915 0.0905719 0.71326 0.945779 0.964253 0.961435 0.956307 0.967683 0.910881 0.509635 0.11547 0.069317 0.228848 0.762339 0.920443 0.88911 0.868462 0.842369 0.840703 0.62019 0.143581 0.0111007 0.000636136 0.000161703 0.000111169
0.00416794 0.000125337 0.000260137 0.00355655 0.083816 0.771916 0.958127 0.965043 0.942239 0.802497 0.376355 0.0385763 0.00345002 0.000781817 0.00175918 0.0194987 0.182957 0.494057 0.452824 0.412755 0.495621 0.616535 0.389899 0.0623354 0.0040888 0.000241746 3.53406e-05 4.1637e-05
0.0059288 0.000186126 0.000242276 0.00198702 0.0439511 0.400923 0.739164 0.75635 0.578066 0.185337 0.0110114 0.0006747 0.000162316 0.000129894 0.000670515 0.0068931 0.0421115 0.0985835 0.0462493 0.0226036 0.0333246 0.0457557 0.0154006 0.00288789 0.000367751 6.46229e-05 1.0729e-05 2.41912e-05
0.0101718 0.000205922 9.92069e-05 0.000332681 0.00301725 0.0111533 0.0310848 0.0552508 0.0374911 0.00762081 0.000654505 0.000107172 7.15431e-05 0.000180611 0.00090135 0.00444162 0.0188232 0.023301 0.00459224 0.0010583 0.000917782 0.000700126 0.000278097 0.000144016 3.60136e-05 1.93281e-05 5.50304e-06 2.00953e-05
0.00614635 6.11413e-05 1.98217e-05 5.07343e-05 0.000132288 0.000177862 0.000384603 0.000843734 0.00121131 0.000474527 0.000105786 4.24324e-05 4.18692e-05 0.000111787 0.000418598 0.0014189 0.00326526 0.00206309 0.000309507 6.31197e-05 2.83104e-05 1.86462e-05 2.30237e-05 3.4406e-05 1.22188e-05 7.22662e-06 2.36395e-06 1.12415e-05
0.00482429 7.6376e-05 5.09892e-05 0.000109036 0.000107551 9.38425e-05 0.000213908 0.000451308 0.000835997 0.000477133 0.000178058 9.32967e-05 8.60268e-05 0.000154615 0.000434259 0.000965873 0.00140602 0.000834943 0.000188106 6.08511e-05 3.13204e-05 3.20195e-05 0.000100543 0.000180709 5.21875e-05 1.99483e-05 5.74472e-06 2.89437e-05
0.0158268 0.00159273 0.00173129 0.00177709 0.00144232 0.00134736 0.00189921 0.00287514 0.00398115 0.0032344 0.0024557 0.00190146 0.00167691 0.00189917 0.00302078 0.00402857 0.00374719 0.00274637 0.00177906 0.00134006 0.0010331 0.00119705 0.00268706 0.00343314 0.00180372 0.000972956 0.000613758 0.00222512
