0.0141476 0.000799818 0.000425201 0.000525649 0.00135334 0.00127292 0.000634398 0.000422251 0.000623428 0.000947647 0.000828474 0.00102131 0.00231767 0.00362789 0.00185598 0.000764362 0.000476577 0.000465278 0.000661756 0.000976898 0.000828971 0.000558712 0.000452889 0.000435937 0.000614353 0.000768352 0.000783483 0.00219593
0.00523387 9.13222e-05 4.72044e-05 5.03445e-05 0.000175012 0.000179528 7.53672e-05 3.97902e-05 6.3872e-05 0.00012991 0.000107796 0.000124777 0.000377049 0.000619794 0.000218364 7.25438e-05 3.70685e-05 2.77631e-05 6.75864e-05 0.000162527 0.000153297 0.00011123 7.1365e-05 5.67886e-05 8.25441e-05 0.000102 8.6699e-05 0.000173431
0.00889815 0.000244855 8.98021e-05 8.17617e-05 0.000254015 0.000324572 0.000176065 9.34728e-05 0.000138241 0.000286388 0.000246449 0.00023597 0.000586707 0.000778951 0.000259943 0.000100405 6.81134e-05 6.68445e-05 0.00021189 0.00069356 0.000690262 0.000440147 0.000251086 0.000192813 0.000210628 0.000173839 0.000167933 0.000247458
0.00773215 0.000238746 7.43277e-05 0.000103441 0.000383392 0.000490553 0.000214443 7.46406e-05 0.000127923 0.000302056 0.000205127 0.000176711 0.000418321 0.000808934 0.00054769 0.000249425 0.000108343 7.41003e-05 0.000214747 0.000588988 0.00066785 0.000365465 0.00016871 0.000155732 0.000167146 0.000142554 0.000184456 0.000280884
0.00651617 0.000215865 9.72455e-05 0.000254068 0.00130597 0.00143716 0.00044677 0.00013794 0.000298321 0.000687297 0.000375804 0.000368862 0.00100113 0.00375351 0.00568389 0.00244041 0.000828996 0.000562965 0.00117857 0.00180681 0.00149216 0.000595699 0.000260901 0.000329044 0.000287353 0.000266897 0.000334119 0.000294622
0.00314105 6.10838e-05 3.65171e-05 0.000197935 0.00151093 0.00161813 0.000434491 0.000169441 0.000377541 0.000628111 0.000341398 0.000410348 0.00103222 0.00479114 0.0113356 0.0105573 0.0166646 0.02779 0.0260532 0.00998704 0.00409193 0.000919444 0.000484765 0.000941958 0.00049216 0.000255778 0.000224543 0.000179876
0.00207119 2.84752e-05 1.98073e-05 0.000190806 0.00182315 0.00198152 0.00071739 0.000325132 0.000436662 0.000445653 0.00024179 0.000261236 0.000987645 0.00544863 0.0187784 0.0662261 0.292541 0.579314 0.415945 0.0765 0.0131566 0.00168602 0.00103039 0.00260988 0.000843999 0.000165789 6.18679e-05 6.32686e-05
0.00141743 1.62303e-05 1.64804e-05 0.000196003 0.00121411 0.00113103 0.00068063 0.000466133 0.00034445 0.000168039 8.1444e-05 0.000123963 0.000832541 0.00853087 0.0852249 0.496593 0.838512 0.924976 0.836663 0.282458 0.0195641 0.000921287 0.00063862 0.00165402 0.000350666 4.64124e-05 1.7551e-05 3.00219e-05
0.00114498 1.49231e-05 1.94657e-05 0.000162674 0.000615895 0.000765512 0.00079431 0.000795117 0.000515533 0.000149005 9.36447e-05 0.00030453 0.00267341 0.0375015 0.355209 0.738081 0.761962 0.837051 0.798917 0.245215 0.00978131 0.000294146 0.000231263 0.000710899 0.000159347 2.6019e-05 1.70725e-05 3.45212e-05
0.00221013 4.21735e-05 3.78595e-05 0.000169258 0.000566604 0.00161044 0.00538962 0.00812213 0.00320231 0.000861793 0.00146618 0.0100982 0.0534466 0.209944 0.506746 0.526256 0.307288 0.502599 0.651489 0.162944 0.00502656 0.000246462 0.000444867 0.0020314 0.00076475 0.00013914 7.1851e-05 6.23745e-05
0.00467369 9.30494e-05 4.94974e-05 0.000154753 0.000916797 0.0059683 0.0442145 0.0713211 0.0283497 0.0164647 0.0637714 0.363973 0.469546 0.329138 0.33505 0.331098 0.24063 0.550928 0.706614 0.198455 0.0108311 0.00172428 0.00462707 0.0153807 0.00582729 0.000882162 0.000267074 9.74191e-05
0.00382098 5.82815e-05 2.56722e-05 0.00011386 0.00136048 0.0155604 0.178853 0.325448 0.171881 0.253306 0.759433 0.922865 0.767117 0.272678 0.178477 0.341228 0.55504 0.859864 0.91201 0.553902 0.123128 0.0528534 0.0690482 0.0614591 0.0115212 0.00101875 0.000180196 7.25993e-05
0.00240395 2.25327e-05 1.67959e-05 0.000149305 0.00219174 0.0281084 0.209444 0.277407 0.184532 0.453381 0.924215 0.960514 0.768008 0.256903 0.248553 0.67367 0.879701 0.957684 0.954747 0.712961 0.389423 0.219653 0.10734 0.0419981 0.00421931 0.000316117 4.03357e-05 3.70551e-05
0.00171144 1.42753e-05 1.91883e-05 0.000339062 0.00698656 0.0549514 0.123018 0.077915 0.0710778 0.275947 0.853965 0.937116 0.800712 0.613327 0.781911 0.931429 0.937237 0.896244 0.635557 0.155954 0.0914299 0.0670339 0.0278672 0.0153476 0.00129818 8.51792e-05 1.41286e-05 2.34819e-05
0.00144297 2.03761e-05 3.24542e-05 0.000974584 0.0219556 0.0609519 0.0401467 0.0197073 0.0317987 0.186398 0.704038 0.818359 0.770862 0.866501 0.957653 0.969698 0.832875 0.188788 0.0113832 0.00204909 0.00304694 0.00540625 0.00624682 0.00590019 0.000548849 4.92669e-05 1.57012e-05 3.19295e-05
0.00159577 3.5027e-05 7.6844e-05 0.00224173 0.0236712 0.0299983 0.0140076 0.00926866 0.0186388 0.0554694 0.143844 0.190664 0.376523 0.830097 0.96422 0.929811 0.221743 0.00405475 0.000240533 0.000106722 0.000241627 0.000596547 0.00161604 0.00281301 0.000619239 0.000128554 7.57861e-05 7.97156e-05
0.00187459 4.91991e-05 0.000112933 0.00190126 0.00918832 0.00901742 0.00714249 0.00842219 0.00952789 0.00594467 0.00614199 0.0126785 0.0941655 0.79461 0.967026 0.792493 0.0225439 0.000280154 6.23489e-05 6.28308e-05 8.9924e-05 0.000230776 0.000882691 0.00231147 0.00134616 0.000549214 0.000323915 0.00016268
0.00171832 3.11824e-05 4.62015e-05 0.000428195 0.00162069 0.00246123 0.00577319 0.0117622 0.0068251 0.00162115 0.000740613 0.00271617 0.103361 0.855311 0.94388 0.436519 0.00478422 0.000121205 4.34047e-05 4.18857e-05 6.75029e-05 0.000281352 0.00079323 0.00173445 0.00148247 0.000617812 0.000288368 0.000145472
0.00148339 1.37932e-05 1.37484e-05 0.000113241 0.000492606 0.00166093 0.00700971 0.0140175 0.00449615 0.000631721 0.000548756 0.00729603 0.460722 0.964262 0.914364 0.110918 0.00217547 0.000150264 3.08928e-05 3.28111e-05 0.000114887 0.000483319 0.000838381 0.00159962 0.00132597 0.000394064 0.000145763 8.27951e-05
0.00139233 1.21614e-05 1.24899e-05 0.00011309 0.000431911 0.0010461 0.00260282 0.0029449 0.00100567 0.00032015 0.000930744 0.0480961 0.887753 0.981032 0.700986 0.0134789 0.000772164 0.000120417 2.22778e-05 3.34337e-05 0.00016148 0.0005416 0.00108606 0.00238124 0.00118092 0.000213813 8.78697e-05 6.52744e-05
0.00180514 2.70348e-05 3.79751e-05 0.000270224 0.000919405 0.000821518 0.00067096 0.000406302 0.000237104 0.000261642 0.00184385 0.264216 0.977762 0.954345 0.179755 0.00254092 0.000322433 8.37158e-05 2.76718e-05 4.98875e-05 0.000166961 0.000566411 0.00172159 0.00284289 0.000749706 0.000122687 7.26913e-05 8.50191e-05
0.00589631 0.000170216 0.000150757 0.000362903 0.0011036 0.000734282 0.000376024 0.000217487 0.000109368 0.000236251 0.0060367 0.618535 0.978817 0.837129 0.0691417 0.00371209 0.000755121 0.000142043 9.04038e-05 0.000236176 0.000462621 0.00115633 0.00289528 0.00257215 0.000566664 0.00016928 0.000182806 0.000201396
0.018662 0.000644035 0.000283424 0.000310835 0.000793757 0.000617084 0.000404871 0.000225801 0.000111793 0.000399735 0.0149429 0.665511 0.93047 0.683536 0.146471 0.0178628 0.0026064 0.000401619 0.000469006 0.00149289 0.00182483 0.00300419 0.00515138 0.00362674 0.0010932 0.000522053 0.000529506 0.000395866
0.0259738 0.00131278 0.000728199 0.000763732 0.00111244 0.000494175 0.000308901 0.000162066 0.000139329 0.00117304 0.0492585 0.764971 0.941935 0.893616 0.623086 0.123052 0.0121056 0.00175837 0.00176499 0.00375686 0.00412773 0.00623549 0.00801527 0.00408007 0.00126393 0.000520486 0.000316285 0.000257699
0.0146727 0.000562212 0.000565971 0.00061318 0.000422001 0.000103286 6.98047e-05 6.38761e-05 0.000177453 0.00553213 0.226516 0.903294 0.979785 0.973194 0.824705 0.173312 0.0201822 0.00305173 0.00155521 0.00347368 0.00676107 0.00870654 0.00546732 0.00155751 0.00033328 0.00012555 7.34721e-05 7.71931e-05
0.00499101 6.05538e-05 5.77081e-05 8.68172e-05 5.8976e-05 2.17668e-05 1.6082e-05 2.96029e-05 0.000420497 0.0193982 0.3561 0.824799 0.910026 0.849261 0.445426 0.0419301 0.00341736 0.000761746 0.000534132 0.00216208 0.00920396 0.00773433 0.00154314 0.000246999 5.82484e-05 2.57523e-05 1.27796e-05 2.03726e-05
0.00423529 6.43797e-05 5.57529e-05 9.19663e-05 8.80711e-05 5.54087e-05 3.87536e-05 0.000102582 0.00146307 0.0186117 0.0722222 0.145126 0.164787 0.0930568 0.0509334 0.00810847 0.00106059 0.000475176 0.0006425 0.00243127 0.00842288 0.00466301 0.000775229 0.000152428 7.5029e-05 4.15574e-05 1.37479e-05 3.86485e-05
0.0149415 0.00149428 0.00134563 0.00147588 0.00190085 0.0018218 0.00146866 0.00230202 0.0097216 0.022043 0.0233208 0.0259614 0.022021 0.0151984 0.0168927 0.00784298 0.00394416 0.00376008 0.00354824 0.00595337 0.00963118 0.00647154 0.00272962 0.00139528 0.00185127 0.00152459 0.000774219 0.00226737
