0.0171773 0.00112973 0.0007024 0.00135827 0.00359319 0.00632305 0.00891273 0.00719083 0.00402047 0.00267289 0.00269831 0.00213897 0.00120009 0.000576782 0.000565765 0.000684722 0.00048318 0.000370804 0.000368439 0.000579056 0.00106482 0.0026373 0.00325426 0.00168147 0.000704394 0.0003659 0.000455675 0.00186342
0.00401859 7.32347e-05 8.86331e-05 0.000404986 0.0023132 0.00585485 0.0085889 0.00456637 0.00145898 0.000718542 0.000665854 0.000413952 0.000122084 3.90155e-05 3.9965e-05 5.57717e-05 3.78465e-05 2.82929e-05 4.19866e-05 0.00012697 0.00066708 0.00312636 0.00259918 0.000611626 0.00011547 4.84873e-05 4.64794e-05 0.000132948
0.00363478 0.000132855 0.000263736 0.00332423 0.0324811 0.068165 0.0565542 0.0193177 0.00564145 0.0023381 0.00166979 0.000791502 0.000209017 8.04938e-05 9.60889e-05 0.000136209 9.87531e-05 0.000105363 0.000241124 0.00151361 0.0107864 0.0364113 0.016398 0.00198738 0.000292174 8.73749e-05 7.78257e-05 0.000130797
0.00342262 0.000152089 0.000381169 0.0080063 0.0576381 0.0754318 0.0378455 0.0126599 0.00446513 0.00184885 0.00111988 0.000543965 0.00023687 0.000180482 0.000365445 0.000616832 0.000593131 0.000704102 0.00170507 0.00805137 0.0218248 0.0246777 0.0067677 0.000926812 0.000202909 5.96144e-05 3.46201e-05 5.68777e-05
0.00455602 0.000234657 0.000653577 0.0119409 0.0442453 0.0440107 0.029034 0.0183215 0.0135197 0.00727159 0.00437663 0.0023423 0.00187666 0.00376317 0.0110942 0.0158669 0.0138692 0.0113695 0.0134108 0.0179474 0.0121011 0.00630826 0.00267484 0.000941701 0.000232641 5.94384e-05 1.78892e-05 2.46026e-05
0.00440071 0.000204118 0.000510603 0.00628216 0.0184073 0.0188454 0.0146671 0.0131969 0.0189367 0.0234799 0.0199836 0.0183548 0.0276448 0.0988859 0.232385 0.128681 0.0638758 0.0251713 0.0141035 0.0103802 0.00371476 0.00186736 0.001541 0.00107761 0.000263152 5.96736e-05 1.33961e-05 1.88321e-05
0.00403577 0.000198684 0.000610096 0.00617605 0.0209347 0.0192992 0.0113469 0.011234 0.0279129 0.0781816 0.13402 0.228203 0.357947 0.615155 0.605369 0.151747 0.0420809 0.0147981 0.00650986 0.00466882 0.00215162 0.00157353 0.00199919 0.00222095 0.000430079 5.50148e-05 9.91914e-06 1.71067e-05
0.0048363 0.000232699 0.000514153 0.00328755 0.013957 0.0173754 0.0127215 0.015893 0.0329695 0.134659 0.477712 0.831679 0.898416 0.862608 0.425633 0.022013 0.00445752 0.00199872 0.00126266 0.00109119 0.000635063 0.000705004 0.00170535 0.00313732 0.00059173 5.0035e-05 1.07438e-05 1.73537e-05
0.00594807 0.00022602 0.000244457 0.00115787 0.0058804 0.0111543 0.0148896 0.0137342 0.016793 0.0932177 0.55649 0.922219 0.958291 0.865868 0.228764 0.00791864 0.00155762 0.000682081 0.000421549 0.000385542 0.000310097 0.000477801 0.00153809 0.0033717 0.000626628 5.22008e-05 1.80649e-05 2.55028e-05
0.00720969 0.000254769 0.000134287 0.000372727 0.00151176 0.00222856 0.00377615 0.00344532 0.00489976 0.0374393 0.321118 0.812908 0.933695 0.900613 0.489337 0.051044 0.00579482 0.000799893 0.000328362 0.000244657 0.000206845 0.000512989 0.00255899 0.00763685 0.0015987 0.000142954 5.74619e-05 4.80857e-05
0.00789487 0.000206392 7.30542e-05 0.000117506 0.000350785 0.00045115 0.000557825 0.000608735 0.00130898 0.00844387 0.0718046 0.45957 0.864407 0.944418 0.875937 0.355987 0.0265512 0.00115779 0.00040501 0.000312688 0.000247553 0.00108364 0.0048788 0.0102885 0.00224108 0.000317047 7.98017e-05 6.46011e-05
0.00461167 7.29648e-05 2.96815e-05 5.61713e-05 0.000157017 0.000201433 0.000216606 0.000225326 0.000489663 0.00133462 0.00491956 0.0548443 0.548072 0.943163 0.961123 0.701739 0.0617555 0.00275654 0.00115199 0.000705164 0.000534844 0.00176323 0.00254963 0.00190224 0.000309655 7.50383e-05 1.48573e-05 3.17347e-05
0.00229317 1.97143e-05 1.13909e-05 3.48812e-05 0.000120538 0.000161149 0.000169252 0.000188165 0.000285862 0.000290641 0.000657446 0.00905522 0.205237 0.836458 0.95988 0.869335 0.181554 0.00946871 0.00245669 0.000911672 0.000534482 0.000724597 0.000513524 0.000242867 4.15597e-05 2.06689e-05 3.69345e-06 1.53267e-05
0.00155424 8.14682e-06 4.63729e-06 1.81394e-05 8.94996e-05 0.000166471 0.000200663 0.000213609 0.000237426 0.000158062 0.000282566 0.00261457 0.0315818 0.340038 0.909795 0.936502 0.36287 0.013314 0.00121171 0.000192015 0.00011897 0.000146248 9.41829e-05 7.13119e-05 2.76673e-05 1.9619e-05 3.79914e-06 1.45168e-05
0.00129215 5.51815e-06 2.47922e-06 1.36822e-05 8.32797e-05 0.000164382 0.000237456 0.00023283 0.000147916 9.77792e-05 0.000172637 0.000524885 0.00349002 0.101131 0.893736 0.974769 0.547271 0.0126292 0.000534606 4.24418e-05 3.02879e-05 6.57847e-05 7.6917e-05 0.000132514 7.22047e-05 3.36966e-05 7.19141e-06 1.95118e-05
0.00135609 7.03199e-06 3.04003e-06 1.75841e-05 8.10857e-05 0.000104433 0.000126396 0.000133528 0.000100833 9.37458e-05 0.000164797 0.000216618 0.000721123 0.0297667 0.82818 0.982111 0.820582 0.0639442 0.00168151 8.88716e-05 5.92628e-05 0.000164564 0.000398017 0.000902428 0.000282421 5.23616e-05 1.22709e-05 2.65559e-05
0.00163766 1.16577e-05 5.43584e-06 2.09677e-05 6.67937e-05 6.43214e-05 6.77115e-05 8.64301e-05 9.37487e-05 0.000117724 0.000146895 0.000134785 0.000499866 0.016329 0.480194 0.942985 0.907961 0.234904 0.00866507 0.000458564 0.00029461 0.000894828 0.00187244 0.0024817 0.000404943 4.97296e-05 1.60437e-05 3.17453e-05
0.002393 2.25622e-05 9.10192e-06 2.18949e-05 5.40394e-05 5.76783e-05 6.40482e-05 9.95987e-05 0.000128105 0.000151472 0.000188981 0.000282324 0.00154341 0.0238392 0.248682 0.857762 0.94027 0.438523 0.0169764 0.00113178 0.000847812 0.00243733 0.00371225 0.00268793 0.000322524 4.63235e-05 1.69159e-05 2.97022e-05
0.00309155 2.73321e-05 8.97897e-06 1.81916e-05 5.13889e-05 8.08033e-05 0.000110373 0.000184044 0.000276585 0.000314639 0.000397198 0.00129656 0.00762487 0.0366423 0.186154 0.773273 0.923656 0.467361 0.0212207 0.00272877 0.00268387 0.005012 0.00399154 0.00154721 0.000210002 4.55953e-05 1.42645e-05 2.65381e-05
0.00202698 1.23096e-05 4.18102e-06 1.19691e-05 4.66712e-05 9.31664e-05 0.000130994 0.000215956 0.000364608 0.000502091 0.00117517 0.00519843 0.017195 0.0304841 0.0956807 0.602756 0.859781 0.469863 0.0419389 0.0107446 0.0122145 0.00902786 0.00283975 0.000506056 6.45453e-05 2.72076e-05 1.1899e-05 2.8455e-05
0.00128062 6.03259e-06 2.44023e-06 1.01329e-05 5.0746e-05 0.000102875 0.00017169 0.000328852 0.000533447 0.000787483 0.0027666 0.00818249 0.00733837 0.0078031 0.0496096 0.545548 0.821509 0.592368 0.151107 0.0667952 0.0565673 0.0115491 0.00188716 0.00025337 3.54542e-05 2.57335e-05 1.6725e-05 3.40488e-05
0.00164884 9.13351e-06 3.51771e-06 1.18589e-05 6.58146e-05 0.000167193 0.000427713 0.00111088 0.00148893 0.00152806 0.00415718 0.00631017 0.00310466 0.00442126 0.0356527 0.489493 0.858073 0.818361 0.600696 0.433347 0.24741 0.0222836 0.00154617 0.000255358 9.60635e-05 8.64239e-05 4.28358e-05 3.68772e-05
0.00257673 1.7781e-05 5.81713e-06 1.50769e-05 8.91858e-05 0.000301646 0.000909039 0.00257987 0.00297176 0.0023513 0.00380599 0.00348103 0.00232967 0.00423052 0.0244172 0.406366 0.86033 0.864452 0.649119 0.333354 0.116322 0.0078186 0.000775696 0.000374806 0.000405661 0.000302231 8.2164e-05 3.51442e-05
0.00303039 2.24583e-05 6.45009e-06 1.74543e-05 0.000119834 0.000475674 0.00151056 0.00298137 0.00183364 0.00095458 0.00102918 0.00080484 0.00105527 0.00301718 0.0313374 0.50943 0.819145 0.689112 0.203759 0.0299976 0.00645463 0.00104795 0.000372833 0.000549383 0.000960249 0.000466474 0.000103828 4.15024e-05
0.00337717 1.46288e-05 3.41289e-06 1.06206e-05 7.85195e-05 0.000327238 0.00091215 0.000900012 0.000379971 0.000155434 0.000130416 0.000146483 0.000329236 0.00193648 0.0385796 0.44422 0.482545 0.138176 0.0143519 0.0013296 0.000343074 0.000202054 0.000197437 0.000571674 0.00100369 0.000351993 0.000107314 5.23497e-05
0.00233439 6.48195e-06 1.42622e-06 4.63959e-06 2.43595e-05 6.99045e-05 0.000148018 0.00010924 5.47836e-05 3.76175e-05 3.78094e-05 5.82785e-05 0.000132512 0.000598955 0.0101763 0.0672664 0.0223788 0.00249705 0.000371675 7.27241e-05 3.79598e-05 4.9393e-05 9.37784e-05 0.000335196 0.000436092 0.000130345 5.86615e-05 4.47439e-05
0.00299121 2.00981e-05 8.61201e-06 1.81463e-05 4.20091e-05 7.99498e-05 0.000123314 0.000106936 8.59999e-05 0.000101354 0.000132259 0.00018111 0.000176612 0.000396899 0.0033783 0.00865072 0.00248454 0.00051371 0.000173065 8.28891e-05 7.24847e-05 0.000101742 0.000183852 0.000427521 0.000449828 0.000158124 7.13711e-05 0.000111408
0.016424 0.00114455 0.00100872 0.00105915 0.00108962 0.00142092 0.00151999 0.00150097 0.00169753 0.00211442 0.00265474 0.00256148 0.00165135 0.00195257 0.00493699 0.00679909 0.00341454 0.00194403 0.00181165 0.00170441 0.00172206 0.00192176 0.00229796 0.00310864 0.00323749 0.00182362 0.00154282 0.00416392
