0.0153459 0.000801844 0.000664752 0.00251624 0.00953426 0.0063184 0.00314131 0.00229683 0.0022034 0.00278602 0.00286394 0.00244949 0.00187978 0.00139655 0.00108834 0.000880581 0.00100784 0.00133013 0.0021193 0.00262062 0.00172268 0.00128123 0.00136578 0.00165138 0.00189357 0.00167595 0.00116498 0.00167208
0.00370993 6.30377e-05 0.000214304 0.00249498 0.00641147 0.00131477 0.000394174 0.00028706 0.000277274 0.000389828 0.000339137 0.000220984 0.000145093 0.000125297 0.00013482 0.000155338 0.000260215 0.000523996 0.00126411 0.00149652 0.000572355 0.000257245 0.0002552 0.000369098 0.000548993 0.000666593 0.000493529 0.000284708
0.00354765 0.000210452 0.0019481 0.0202836 0.0124217 0.000949316 0.000384914 0.000389973 0.00042819 0.00061644 0.000465793 0.000223554 0.000142641 0.000198102 0.000338715 0.000888004 0.00236421 0.00669166 0.0168448 0.0102163 0.00367447 0.00131508 0.00124146 0.00221846 0.00282883 0.00538024 0.00514054 0.00114115
0.00526388 0.000606699 0.00782501 0.0444194 0.00926903 0.000602611 0.000281868 0.000250821 0.000312008 0.000453858 0.000279275 0.000106682 0.000100068 0.000223735 0.000427922 0.00173475 0.00513926 0.0119129 0.0202278 0.00667331 0.00255247 0.00132157 0.0018939 0.00454631 0.0067651 0.0150784 0.00935057 0.00145342
0.00844135 0.00140017 0.0122115 0.0336736 0.00946062 0.00100129 0.000650052 0.000826667 0.00180508 0.00343759 0.00152877 0.000412091 0.000404052 0.000814338 0.00123816 0.00458438 0.011836 0.0165491 0.0185034 0.00762722 0.00463076 0.0052465 0.0121625 0.0345599 0.0366803 0.0266543 0.00571429 0.000699
0.0112318 0.00130905 0.00257331 0.00268982 0.000992374 0.000230295 0.000345426 0.00139616 0.00822201 0.0164741 0.00360138 0.000549468 0.000447898 0.000799467 0.0017099 0.007388 0.0169657 0.0187222 0.0137055 0.00819798 0.00907053 0.0132341 0.0253599 0.0335752 0.0191839 0.00422494 0.000380922 0.000140932
0.0133083 0.000577198 0.000201556 0.000144449 0.000133819 0.000105601 0.000546309 0.0056427 0.0351574 0.0572079 0.0123459 0.00160563 0.000991454 0.00151851 0.00442322 0.0243916 0.0587212 0.0715727 0.0578891 0.0555585 0.0831299 0.0846921 0.0594376 0.0206444 0.00289596 0.000343096 2.40705e-05 3.71156e-05
0.00462563 6.91448e-05 1.35566e-05 2.18256e-05 5.89071e-05 0.00019264 0.00437307 0.0840535 0.308848 0.46235 0.294297 0.0852192 0.029497 0.0188709 0.0363591 0.144802 0.3701 0.566193 0.64481 0.752601 0.87533 0.763436 0.29607 0.0217955 0.000609414 5.31561e-05 4.8394e-06 1.82205e-05
0.00149277 1.10402e-05 4.98565e-06 2.2745e-05 0.000135417 0.00141193 0.06509 0.555027 0.764657 0.873937 0.895323 0.78464 0.531495 0.322083 0.455339 0.715316 0.850872 0.929574 0.939411 0.961888 0.976033 0.924553 0.451209 0.0155038 0.000252286 2.32085e-05 3.67679e-06 1.79059e-05
0.00122198 9.38185e-06 7.93693e-06 5.92333e-05 0.000547663 0.0112316 0.459913 0.914402 0.919807 0.938934 0.965508 0.959945 0.937696 0.905085 0.939885 0.961419 0.961213 0.971315 0.950732 0.942997 0.948518 0.862536 0.38218 0.0149969 0.000275071 2.13201e-05 5.36558e-06 2.0628e-05
0.00155602 1.5571e-05 1.64129e-05 0.000126657 0.00144216 0.0409151 0.701935 0.948453 0.934813 0.886741 0.882436 0.934269 0.969851 0.97571 0.983984 0.977171 0.956299 0.968668 0.944289 0.925838 0.918108 0.74757 0.197961 0.00767476 0.000265905 2.36577e-05 8.52164e-06 2.20599e-05
0.00205216 2.67998e-05 3.19895e-05 0.000236975 0.00360526 0.0841237 0.780386 0.940909 0.853162 0.546382 0.417648 0.654753 0.852138 0.862616 0.837782 0.760811 0.763354 0.934604 0.956481 0.953905 0.921453 0.643651 0.0886508 0.0040621 0.000283559 3.6525e-05 1.4853e-05 2.76275e-05
0.00273501 4.71543e-05 5.71974e-05 0.000416395 0.00563776 0.0988766 0.625659 0.733488 0.360322 0.0846988 0.0633337 0.121366 0.113833 0.0536352 0.038135 0.0570648 0.340904 0.903927 0.963625 0.967369 0.920478 0.552624 0.062351 0.00377248 0.000376434 6.59469e-05 1.80666e-05 3.01224e-05
0.00365903 8.78585e-05 9.3121e-05 0.000548676 0.00583267 0.0463966 0.0991804 0.0565782 0.0191196 0.00883695 0.00940064 0.0121362 0.00474329 0.0019172 0.00350308 0.0172229 0.376275 0.914169 0.95389 0.949977 0.84826 0.381504 0.0354458 0.00230333 0.000199808 4.47592e-05 8.49479e-06 2.15065e-05
0.00426872 0.000108531 9.11673e-05 0.000497301 0.00332766 0.0075181 0.00538127 0.00327755 0.00243074 0.00297847 0.00470114 0.00479269 0.00290847 0.00242498 0.0114192 0.146254 0.786335 0.958627 0.958749 0.901639 0.496911 0.050779 0.0044719 0.000449167 5.08253e-05 1.75337e-05 3.76961e-06 1.60398e-05
0.00260208 3.81891e-05 2.63651e-05 0.000143035 0.000898411 0.00139071 0.000874897 0.00100678 0.00146488 0.00191925 0.00326785 0.00609378 0.0113343 0.0288339 0.204089 0.795967 0.967472 0.982434 0.952051 0.691964 0.0600434 0.00168976 0.000257379 6.08442e-05 1.40497e-05 1.00592e-05 4.24824e-06 1.96641e-05
0.00170463 1.36722e-05 1.03973e-05 7.16976e-05 0.000379009 0.000572845 0.000751347 0.00140591 0.00219506 0.00187629 0.00335588 0.0177133 0.107219 0.431468 0.828431 0.965835 0.986059 0.980798 0.884508 0.225582 0.00689075 0.000282239 8.0691e-05 4.36299e-05 1.28586e-05 1.113e-05 8.5201e-06 3.0498e-05
0.00402394 4.47102e-05 3.13167e-05 0.000127746 0.0005146 0.00108617 0.0036428 0.00804281 0.00554723 0.00288327 0.00568043 0.0576415 0.561345 0.91016 0.965114 0.974518 0.964099 0.885544 0.473137 0.0595654 0.00633122 0.000967961 0.000256777 8.78713e-05 2.75125e-05 2.04432e-05 1.59097e-05 3.78332e-05
0.01215 0.000269443 0.000254757 0.000571447 0.00150917 0.00449783 0.0245754 0.0442242 0.0172822 0.0054689 0.011628 0.173604 0.815282 0.970493 0.974639 0.899708 0.544158 0.130316 0.0251132 0.0109845 0.0153813 0.00888602 0.00110857 0.000155801 6.24089e-05 3.90319e-05 2.32953e-05 3.66524e-05
0.0331914 0.00159467 0.00157744 0.00250003 0.006728 0.016244 0.0355444 0.0506294 0.0482976 0.0390118 0.085904 0.465242 0.92988 0.982608 0.957637 0.514871 0.0263768 0.00335845 0.0013057 0.0018948 0.016127 0.0193448 0.0020391 0.000312974 0.000134755 6.45852e-05 2.95147e-05 3.65156e-05
0.0576715 0.00413559 0.0029372 0.0035096 0.0119872 0.0138337 0.0141795 0.0430565 0.174037 0.369539 0.55134 0.828828 0.96965 0.983989 0.869488 0.0949805 0.0036306 0.000792101 0.000737891 0.00246146 0.0131688 0.0145079 0.00303555 0.000615209 0.000201582 8.27517e-05 3.49876e-05 3.91595e-05
0.030873 0.00168069 0.00117938 0.00139684 0.00413761 0.00477187 0.00907185 0.102957 0.693493 0.886655 0.877579 0.921947 0.961278 0.93091 0.377319 0.012367 0.00273417 0.00267989 0.00375108 0.00960755 0.016457 0.00837513 0.00192719 0.000442324 0.000134842 6.31206e-05 2.25568e-05 3.0467e-05
0.00684576 0.000233513 0.000250731 0.000378076 0.00120863 0.0026648 0.0160139 0.326266 0.925556 0.97229 0.934756 0.940954 0.930005 0.575588 0.0425257 0.00258639 0.00274285 0.0114578 0.0141599 0.0110412 0.00909572 0.00280918 0.000718596 0.000280203 8.85073e-05 4.35587e-05 1.27032e-05 2.13425e-05
0.00284962 5.91028e-05 7.29035e-05 0.000159484 0.000757229 0.00310013 0.0363706 0.48029 0.907932 0.951795 0.928805 0.94826 0.810562 0.118006 0.00451301 0.000759087 0.00243284 0.0137744 0.0111726 0.00541191 0.00366806 0.00165024 0.000875707 0.000599267 0.000170938 4.78828e-05 1.21928e-05 1.74227e-05
0.00310096 2.66183e-05 1.7547e-05 5.11611e-05 0.000306335 0.00152399 0.0171126 0.17013 0.534701 0.73906 0.836861 0.892088 0.461836 0.0137399 0.000900253 0.000424423 0.00123888 0.00466597 0.00271078 0.0010481 0.00117564 0.0014289 0.00110061 0.000766208 0.000192371 3.28061e-05 9.56181e-06 1.38158e-05
0.00195016 7.59103e-06 4.91554e-06 2.56641e-05 0.000116508 0.000311302 0.00149379 0.00655248 0.0282969 0.103473 0.385314 0.571083 0.134767 0.0037563 0.000262357 0.000153127 0.000437444 0.00115667 0.000340833 0.000115591 0.000292406 0.000942836 0.000933915 0.000629483 0.000206249 3.57988e-05 1.42311e-05 1.67608e-05
0.00252442 2.00761e-05 2.37035e-05 9.66119e-05 0.000162332 0.000231347 0.000412143 0.000880665 0.00287277 0.0146038 0.0980056 0.14098 0.0341862 0.00194901 0.000214981 0.000183567 0.000612909 0.00100792 0.000214488 0.000114173 0.00052393 0.00181791 0.00171868 0.00113446 0.000664396 0.000224916 8.50584e-05 0.000100985
0.0133923 0.0011133 0.00144625 0.00193602 0.00195064 0.0019258 0.00233812 0.00327018 0.00550162 0.0147179 0.0336799 0.0352143 0.0175615 0.00392831 0.00183751 0.002353 0.00395395 0.00415345 0.00160854 0.00142209 0.00383538 0.00700436 0.00546981 0.0045696 0.00500666 0.00322717 0.00255282 0.0052266
