0.00629781 0.000272163 0.000319279 0.00139298 0.00267002 0.00130224 0.000639781 0.00049364 0.000966517 0.00177775 0.00157523 0.00197403 0.00315103 0.00726928 0.0119189 0.00823646 0.00367069 0.00110475 0.000705539 0.000791084 0.000779377 0.000671283 0.00057372 0.000474539 0.000422663 0.000600856 0.00130677 0.00499579
0.00219506 3.16026e-05 6.72666e-05 0.000464523 0.000751779 0.00020919 7.19577e-05 6.89118e-05 0.000193201 0.000351205 0.0002978 0.000501974 0.00106095 0.00280939 0.004961 0.00263124 0.000738858 0.000211549 0.000178079 0.000212826 0.000173251 9.64954e-05 6.35279e-05 5.18774e-05 3.46289e-05 5.19705e-05 0.000147859 0.000471717
0.00422352 0.000185342 0.000391778 0.00152234 0.0018849 0.00046101 0.000217976 0.000306232 0.0006352 0.000927528 0.000922683 0.00193508 0.00615553 0.0128613 0.0198523 0.0124478 0.00346668 0.00152548 0.00140661 0.00110174 0.000486266 0.000176185 0.000102832 8.78645e-05 6.02117e-05 8.07805e-05 0.0002431 0.000496939
0.00425176 0.000229153 0.000273222 0.00053085 0.000614094 0.000230222 0.000237845 0.000471047 0.000639521 0.000627116 0.00062335 0.0019659 0.00746309 0.016177 0.0562297 0.105277 0.0549142 0.0214892 0.00924952 0.00228412 0.00040023 8.68039e-05 4.64812e-05 4.75866e-05 4.5281e-05 7.64997e-05 0.00021482 0.000395977
0.00530514 0.00024615 0.000369812 0.000732209 0.00107907 0.00076867 0.000777548 0.00107827 0.00102379 0.000581127 0.000902866 0.00835387 0.0382752 0.0827159 0.284975 0.530386 0.415224 0.151379 0.0380219 0.00403586 0.00056051 0.000135958 7.61047e-05 0.000106961 9.69385e-05 0.000142536 0.000286058 0.000315386
0.00401015 0.000150228 0.000202597 0.000545489 0.00124973 0.0013072 0.00103643 0.000757157 0.000317843 0.000205698 0.00187895 0.0598161 0.161365 0.15169 0.205324 0.20271 0.0908108 0.0232898 0.00895505 0.00164044 0.00036042 0.000195556 0.000150159 0.000185394 0.000163826 0.000126926 0.000131398 0.000142406
0.00395592 0.000187385 0.000299919 0.00127503 0.00342546 0.00387783 0.00286578 0.00129878 0.000438222 0.000659685 0.0148708 0.284313 0.228935 0.0961448 0.0884541 0.0490603 0.01275 0.00338316 0.00245981 0.00131432 0.000979643 0.00108639 0.000728224 0.000438824 0.00023313 8.85191e-05 4.31661e-05 4.59939e-05
0.013082 0.00211387 0.0105785 0.0689143 0.155473 0.157145 0.143215 0.0844637 0.0450877 0.0700709 0.297896 0.599262 0.367719 0.281084 0.298166 0.137358 0.0195016 0.00341044 0.00184098 0.00176835 0.00688576 0.0166533 0.00943997 0.00259775 0.000698449 0.000163584 4.64944e-05 3.21128e-05
0.0432296 0.0304688 0.339237 0.817964 0.91969 0.912602 0.932074 0.922415 0.917109 0.908132 0.900848 0.894176 0.800325 0.860976 0.863368 0.630098 0.20365 0.0317941 0.0100221 0.00968909 0.0381908 0.125553 0.0753822 0.0144535 0.00336803 0.000690425 0.00014581 6.19607e-05
0.072351 0.052857 0.513623 0.868401 0.92128 0.881188 0.907296 0.914047 0.930904 0.921652 0.905598 0.931522 0.921623 0.953966 0.953036 0.921543 0.869018 0.699289 0.346238 0.225336 0.265159 0.397478 0.271342 0.0646998 0.0292543 0.00746514 0.00121092 0.000219983
0.0416404 0.00980425 0.0533233 0.129394 0.128845 0.0477511 0.0542635 0.070688 0.11449 0.205986 0.372819 0.615046 0.614975 0.652927 0.689522 0.776084 0.932887 0.965997 0.920126 0.850781 0.7302 0.679995 0.489139 0.186802 0.135941 0.0538676 0.00743769 0.000658214
0.0146969 0.00114635 0.00274566 0.00537439 0.00331286 0.00078646 0.00077204 0.000916946 0.00208815 0.00679919 0.0174269 0.0307509 0.02363 0.0211107 0.0259691 0.0622145 0.490987 0.892714 0.939648 0.973145 0.961137 0.914583 0.707585 0.283479 0.113198 0.0374652 0.00705932 0.000807028
0.00566165 0.000287352 0.000511975 0.00112636 0.00055466 0.000130872 0.000133553 0.000188949 0.000419255 0.00103108 0.00143792 0.00106604 0.000744794 0.000641493 0.000917932 0.0029944 0.0378108 0.299425 0.647277 0.932419 0.970784 0.930224 0.588521 0.0996972 0.0194805 0.00751168 0.00323281 0.000769137
0.00345712 0.000148298 0.000210244 0.000489377 0.000342748 0.000122389 0.00012021 0.00019296 0.000495414 0.000646425 0.0003384 0.000143049 0.000131421 0.000175859 0.000217672 0.000660659 0.00360909 0.0234611 0.20486 0.691034 0.879748 0.68827 0.11438 0.0138061 0.00349011 0.00308034 0.00374401 0.00122267
0.00431007 0.000165296 0.000169569 0.000409863 0.000614325 0.000320069 0.000254013 0.00040723 0.00083489 0.000584103 0.000205154 0.000106051 9.4253e-05 0.000161061 0.000262048 0.000548245 0.00223895 0.0208517 0.395606 0.884442 0.85408 0.284711 0.0177118 0.00315747 0.00143521 0.00188143 0.00265479 0.0010677
0.00481543 0.000145845 6.59599e-05 0.000145128 0.000489611 0.000530343 0.0006765 0.00132859 0.00161075 0.000618062 0.000211846 0.000142992 0.000111711 0.000147396 0.000252826 0.000818766 0.0097678 0.191003 0.881077 0.963897 0.75086 0.0699694 0.00522777 0.00162282 0.00100324 0.000926211 0.000590034 0.000326013
0.00461036 7.17049e-05 2.49175e-05 9.73972e-05 0.000442005 0.0010132 0.00236544 0.00359547 0.00217765 0.000520764 0.000163851 0.000109114 0.000135235 0.000149155 0.00029401 0.00479703 0.129173 0.82166 0.974586 0.937259 0.371788 0.0118497 0.00189684 0.00135687 0.000704479 0.000312463 0.000138773 0.000107726
0.00353789 5.26555e-05 4.25227e-05 0.000353877 0.000998349 0.00126143 0.0026028 0.00235056 0.000774473 0.000167431 5.76822e-05 5.05951e-05 8.48814e-05 0.000171922 0.00152372 0.112024 0.845408 0.974653 0.962725 0.641464 0.0506727 0.00174061 0.000555429 0.000545566 0.000254558 0.000108856 6.11474e-05 6.83444e-05
0.00232684 6.035e-05 0.000130757 0.00101306 0.00151418 0.000819553 0.00115814 0.00076022 0.000199576 4.38028e-05 1.65161e-05 2.13806e-05 7.29643e-05 0.000481029 0.0133195 0.623779 0.955759 0.953926 0.72791 0.0730505 0.00463824 0.000395715 0.000194597 0.000297806 0.000128996 6.84464e-05 5.82206e-05 8.01253e-05
0.00299954 9.82114e-05 0.000186725 0.000662059 0.000896328 0.000726746 0.00124106 0.00092543 0.000204995 3.64805e-05 2.10721e-05 6.61381e-05 0.000342585 0.00361389 0.203401 0.914102 0.937834 0.749788 0.173158 0.00892631 0.000981798 0.000163982 0.000120882 0.00023642 8.74475e-05 4.67739e-05 4.41434e-05 7.12922e-05
0.00419499 0.000109864 7.4192e-05 0.000164869 0.000579434 0.0012542 0.00269312 0.00226748 0.000514458 9.61295e-05 0.000131155 0.000816857 0.00426388 0.0672179 0.808596 0.969714 0.874799 0.294467 0.0236289 0.00163993 0.000327321 0.000129459 0.000132183 0.000194687 6.46977e-05 3.24977e-05 2.7519e-05 4.51929e-05
0.00432871 8.74709e-05 2.64757e-05 5.59491e-05 0.000405493 0.00183527 0.00616058 0.00579174 0.00152163 0.000530537 0.00170633 0.0196771 0.140038 0.611101 0.931349 0.916198 0.403291 0.0355769 0.00349868 0.000384073 0.000117543 8.19665e-05 0.000138968 0.000280539 0.000134208 7.47881e-05 4.53938e-05 4.47365e-05
0.00385479 4.83592e-05 1.78472e-05 6.1744e-05 0.000468168 0.00352215 0.0166527 0.0117189 0.00694425 0.00693732 0.0209651 0.308787 0.803557 0.893471 0.861541 0.492564 0.0616242 0.00595373 0.00158205 0.00035099 9.96687e-05 9.07094e-05 0.000194304 0.000536636 0.000362289 0.000197123 8.54686e-05 5.87297e-05
0.00291834 3.33003e-05 2.16854e-05 0.000186216 0.00306162 0.0283085 0.0573166 0.0167743 0.0204466 0.0633763 0.24317 0.846629 0.939367 0.825435 0.333993 0.0533577 0.0105906 0.0027605 0.00206222 0.000855171 0.000325483 0.0003005 0.000301653 0.000447786 0.000287639 0.000139529 4.02307e-05 3.88205e-05
0.00264562 2.43046e-05 3.03355e-05 0.000677208 0.0252611 0.153222 0.123053 0.017773 0.0213395 0.145525 0.4884 0.841954 0.769934 0.224525 0.0293261 0.00794992 0.00516378 0.00352354 0.00199059 0.000863173 0.000354761 0.000167213 9.48491e-05 9.05844e-05 5.29049e-05 2.92285e-05 8.54266e-06 1.43882e-05
0.0030292 2.51493e-05 2.99046e-05 0.000659625 0.0390781 0.207517 0.0813174 0.0109933 0.0173645 0.093593 0.146093 0.144927 0.0609577 0.0117122 0.00582017 0.010906 0.0258468 0.0169445 0.0028872 0.000470181 9.46656e-05 2.74473e-05 1.77707e-05 2.49633e-05 2.40903e-05 1.53007e-05 4.86043e-06 8.55324e-06
0.00504196 9.8914e-05 8.76795e-05 0.000744385 0.0177715 0.0570826 0.0134969 0.00397988 0.0105392 0.024196 0.0155942 0.0105463 0.00481936 0.00235391 0.00576124 0.0304422 0.086047 0.0344473 0.0054915 0.000638942 0.000103636 3.79131e-05 4.28936e-05 9.53109e-05 0.00013461 8.11097e-05 2.24375e-05 4.01586e-05
0.0234311 0.00282745 0.00204566 0.00402624 0.0144579 0.0210494 0.00838215 0.00444308 0.00987493 0.0121785 0.00626018 0.00582049 0.00506638 0.00513587 0.0111813 0.027624 0.0357524 0.0192957 0.00894353 0.00325388 0.00158487 0.00109082 0.00131356 0.00214352 0.00311545 0.00217227 0.00130016 0.00300842
