0.0122833 0.00050266 0.000207633 0.000291645 0.000874227 0.0008381 0.000653266 0.00108377 0.00283198 0.00407211 0.00224761 0.000999659 0.000688109 0.00048475 0.000514164 0.000893236 0.00246574 0.00602679 0.00545436 0.00228764 0.00092186 0.000459242 0.000532641 0.00078049 0.000734061 0.000743629 0.000876314 0.00281002
0.00336962 3.00374e-05 9.85424e-06 1.62834e-05 8.38968e-05 9.25355e-05 0.000123663 0.000421767 0.00129374 0.00149681 0.00049672 0.000171546 9.88587e-05 5.55013e-05 5.76221e-05 0.000131919 0.000603805 0.00177758 0.00156653 0.000498307 0.00016336 8.86742e-05 0.000114792 0.000185617 0.000128486 9.9118e-05 5.93755e-05 0.000163952
0.00410147 5.11901e-05 1.88581e-05 4.60961e-05 0.000282898 0.000473762 0.000983064 0.00423598 0.00702147 0.00400809 0.00132871 0.000477454 0.000269266 0.000182717 0.000280252 0.000921118 0.00468022 0.0117146 0.00790787 0.0019825 0.000706102 0.000539864 0.000529548 0.000545943 0.000197537 7.59306e-05 3.88512e-05 9.48409e-05
0.00442153 0.00010181 0.000113427 0.000575221 0.00196022 0.00152007 0.00203184 0.00452784 0.0029752 0.00127306 0.000666542 0.00036367 0.000212732 0.000215471 0.000731139 0.00371043 0.0135133 0.01705 0.00485337 0.000753559 0.000388658 0.000375985 0.000386554 0.000322034 8.60333e-05 3.53227e-05 1.86398e-05 4.89101e-05
0.00604696 0.000389068 0.00150773 0.00813506 0.0118979 0.00382295 0.0028941 0.00353803 0.00158535 0.000761752 0.00102836 0.0011346 0.000829384 0.00132375 0.00627463 0.0336697 0.0860685 0.062251 0.0135322 0.00244232 0.00151317 0.00111704 0.00070953 0.000392628 7.91882e-05 3.49688e-05 1.67389e-05 3.76144e-05
0.00808985 0.000686118 0.00269084 0.00722529 0.00610544 0.00208748 0.00179733 0.00219985 0.000806897 0.000336538 0.000799278 0.00262822 0.00537357 0.0212671 0.130679 0.371713 0.530508 0.490563 0.249975 0.0813134 0.0308909 0.0052434 0.00106951 0.000242503 5.11668e-05 4.07716e-05 1.85068e-05 3.77258e-05
0.0118297 0.000839642 0.00134405 0.00208855 0.00200744 0.00119636 0.00139668 0.00198076 0.00120591 0.00052763 0.00175462 0.0206326 0.106205 0.377773 0.811731 0.887176 0.87541 0.912777 0.867966 0.660537 0.246094 0.0132277 0.00120387 0.000208566 5.49028e-05 5.80868e-05 2.26911e-05 3.59177e-05
0.0100938 0.000503763 0.000502916 0.000928018 0.00123268 0.00102514 0.00142361 0.00216202 0.00155787 0.00149794 0.0165309 0.361643 0.818451 0.904374 0.957982 0.926106 0.864956 0.956981 0.970144 0.90538 0.434189 0.0194896 0.00104987 0.000165883 8.31997e-05 8.13725e-05 2.44911e-05 3.35271e-05
0.00701323 0.000287377 0.000320345 0.000884674 0.00109901 0.000912262 0.00202835 0.00307665 0.00317587 0.00924956 0.149646 0.839541 0.952036 0.928805 0.864009 0.504962 0.336474 0.836429 0.96498 0.937977 0.553905 0.0274259 0.00167971 0.000339243 0.000179938 0.000114356 2.39866e-05 2.9491e-05
0.00413644 0.000121164 0.000140553 0.0004718 0.000600557 0.000523594 0.00145069 0.00420913 0.0158196 0.127975 0.677631 0.943346 0.944936 0.791805 0.28277 0.0499589 0.0648042 0.586502 0.958726 0.966931 0.787785 0.109816 0.00932019 0.002057 0.000586194 0.000134448 1.76541e-05 2.33806e-05
0.0027475 6.26892e-05 6.91621e-05 0.000238117 0.000436659 0.000337917 0.000905599 0.0057234 0.0610449 0.567969 0.937169 0.977137 0.963139 0.81869 0.241977 0.0676199 0.233049 0.843489 0.958633 0.959775 0.798091 0.167722 0.0274148 0.00863926 0.0013873 0.000111387 9.68069e-06 1.81287e-05
0.00326799 6.35711e-05 3.8921e-05 0.000103948 0.000353688 0.000382502 0.00124931 0.00872058 0.0953368 0.658694 0.940044 0.974129 0.970133 0.939017 0.805664 0.719123 0.884233 0.950475 0.900778 0.854075 0.583143 0.119822 0.0432544 0.0218036 0.00166034 4.96023e-05 6.18204e-06 1.70423e-05
0.00462221 6.89306e-05 2.77219e-05 8.68971e-05 0.000414557 0.000554939 0.00188699 0.00936319 0.0432893 0.288868 0.634303 0.759784 0.85784 0.915963 0.951022 0.972199 0.975352 0.944539 0.782549 0.673759 0.42411 0.176459 0.122956 0.0503178 0.00205146 3.8447e-05 8.70791e-06 2.5271e-05
0.00432726 8.58128e-05 6.51127e-05 0.000346689 0.00120265 0.000755879 0.00122569 0.00363665 0.0110166 0.0455691 0.0502365 0.0575562 0.265914 0.615371 0.884473 0.955869 0.946941 0.90488 0.702649 0.579174 0.473156 0.385731 0.453896 0.235888 0.00770867 0.000119607 3.0687e-05 4.31451e-05
0.00337595 0.00011745 0.000209619 0.00113422 0.00192636 0.000593543 0.000394364 0.000978201 0.00311628 0.00654403 0.00596289 0.00992834 0.100668 0.364254 0.66825 0.882429 0.903897 0.895045 0.779684 0.584946 0.42492 0.367316 0.367331 0.212826 0.014621 0.00034815 7.87761e-05 6.03735e-05
0.0031764 0.000120473 0.000257485 0.000991375 0.00108452 0.000360781 0.000213487 0.000401334 0.000959817 0.00187051 0.00426923 0.0201058 0.223932 0.483775 0.667208 0.839369 0.908631 0.94065 0.874538 0.590443 0.222574 0.105239 0.0673881 0.0496748 0.00583974 0.000227214 6.43511e-05 5.78454e-05
0.00321338 0.000105267 0.000147843 0.000494531 0.000576359 0.000286494 0.000261775 0.000393305 0.000718325 0.00219425 0.0139548 0.166875 0.72887 0.807063 0.829449 0.839636 0.773716 0.848526 0.743973 0.311828 0.0891615 0.0273258 0.0135887 0.0107252 0.00129634 7.96369e-05 3.05108e-05 4.43101e-05
0.00313239 9.4178e-05 0.000110501 0.000414183 0.000585385 0.000434018 0.000717767 0.00118258 0.00157479 0.00801171 0.128006 0.717767 0.939241 0.914998 0.860988 0.680115 0.347189 0.330554 0.179182 0.0305063 0.00738673 0.00382258 0.00488485 0.0067881 0.000652687 5.08618e-05 4.00444e-05 6.84094e-05
0.00340735 0.000109425 0.000125146 0.000484135 0.00075085 0.000844129 0.00250197 0.00308055 0.00366031 0.0419029 0.513376 0.916758 0.957386 0.893041 0.692089 0.225777 0.0557198 0.0338389 0.00926944 0.00130289 0.000465113 0.000889576 0.00441281 0.00852417 0.000817273 9.14718e-05 0.000113673 0.000186611
0.00365341 0.000131691 0.000135851 0.000609792 0.00130701 0.00183888 0.00374633 0.00302229 0.00832049 0.205569 0.850964 0.960734 0.950266 0.758682 0.230395 0.0222477 0.00499576 0.00254566 0.000610934 0.000131827 0.000100123 0.000318946 0.00194288 0.00329447 0.000360578 8.23923e-05 0.000217214 0.000409412
0.00413598 0.00014624 0.000150494 0.000895544 0.00306119 0.00298076 0.00257694 0.00232551 0.0228853 0.626636 0.950059 0.970942 0.912916 0.366474 0.0255865 0.0018339 0.000687999 0.000450279 0.000147319 6.45667e-05 7.45156e-05 0.000171556 0.000526221 0.000675886 0.000135316 9.10262e-05 0.000422191 0.000644763
0.00443622 0.0001557 0.000200327 0.00172924 0.0107931 0.0133289 0.00737411 0.0099509 0.170866 0.890013 0.975917 0.968867 0.813544 0.134012 0.00804703 0.000906273 0.000332614 0.000231856 0.000142433 0.000127898 0.000178113 0.000262314 0.000386028 0.000422467 0.000144049 0.000120454 0.000441735 0.000575996
0.0056028 0.000208508 0.000371087 0.00414651 0.0493289 0.107407 0.091424 0.219938 0.761162 0.962424 0.970727 0.916698 0.558335 0.0578642 0.00791079 0.00127403 0.000365705 0.000279148 0.000257119 0.000357741 0.000441912 0.00039262 0.000440589 0.000503388 0.000180616 9.54719e-05 0.000177677 0.000211383
0.0116812 0.000578824 0.00074192 0.00404163 0.051979 0.191296 0.423139 0.841561 0.957459 0.965014 0.866123 0.492263 0.117462 0.0120798 0.00271315 0.00052562 0.000191307 0.000288906 0.000376407 0.000510387 0.000514686 0.000383164 0.000474041 0.000586045 0.000200571 6.5181e-05 4.9424e-05 6.04226e-05
0.0168099 0.000384883 0.000218317 0.000546916 0.00618453 0.0590448 0.3757 0.901791 0.971022 0.934029 0.645862 0.0936126 0.00719427 0.000812249 0.000155654 5.72356e-05 6.41729e-05 0.000196513 0.000351025 0.00037325 0.000251979 0.000174405 0.000250441 0.000342785 8.69153e-05 1.87872e-05 1.35244e-05 2.56842e-05
0.0070969 5.24171e-05 1.94542e-05 6.24113e-05 0.000616276 0.00548142 0.0611705 0.371057 0.700547 0.54939 0.148968 0.00893062 0.000384776 5.11676e-05 9.08967e-06 6.28802e-06 1.98943e-05 7.85213e-05 0.000145715 0.000135067 7.34735e-05 5.72931e-05 7.58453e-05 9.05757e-05 3.41258e-05 1.01129e-05 7.26207e-06 1.55166e-05
0.00387417 4.22643e-05 2.46961e-05 8.38019e-05 0.000411776 0.00162873 0.00677272 0.0241341 0.0615649 0.0449569 0.0183016 0.0020602 0.000231856 6.18832e-05 1.52127e-05 1.3988e-05 4.6483e-05 0.000132925 0.000202525 0.000185127 0.00011816 0.000104745 0.000147685 0.000186939 0.000117854 4.98246e-05 2.67541e-05 6.15631e-05
0.0151839 0.00122781 0.0012512 0.00165209 0.00319711 0.00522053 0.007783 0.0142989 0.0183609 0.0159633 0.0118187 0.0044482 0.00240834 0.00163249 0.000839694 0.000870829 0.00134333 0.00199238 0.00224155 0.00210014 0.00180222 0.00179739 0.00197056 0.00223595 0.00265076 0.00185169 0.00145282 0.00368883
