0.0146269 0.000750183 0.000476151 0.000528527 0.000542568 0.000336363 0.000323268 0.000411783 0.000358197 0.000291851 0.00054958 0.00178871 0.00407662 0.00329699 0.00155319 0.000958499 0.00114816 0.00458492 0.0130561 0.0111328 0.00336856 0.000683564 0.000475267 0.000574263 0.000537666 0.000550457 0.000641266 0.00212649
0.00352859 3.04587e-05 2.05322e-05 2.92508e-05 3.18688e-05 1.97641e-05 2.6138e-05 5.03541e-05 3.55445e-05 2.92875e-05 0.000150587 0.00145192 0.00482904 0.0028652 0.000654135 0.000168616 0.00017371 0.000942059 0.00327904 0.00223705 0.000346478 5.45406e-05 5.27657e-05 9.42045e-05 7.05772e-05 5.95431e-05 4.07042e-05 0.00011027
0.00299549 3.07322e-05 1.56085e-05 2.7747e-05 4.2048e-05 3.23479e-05 4.27279e-05 7.35201e-05 6.15354e-05 9.41815e-05 0.00125683 0.0338437 0.10736 0.0325408 0.0044464 0.000494006 0.000463811 0.00214109 0.00383817 0.00195046 0.000305366 9.00282e-05 0.000135286 0.000254795 0.000115616 4.6627e-05 2.87653e-05 6.5303e-05
0.00471763 6.87199e-05 2.46981e-05 3.61078e-05 6.11214e-05 3.76473e-05 4.07639e-05 5.8104e-05 4.68607e-05 0.000134155 0.00339138 0.176494 0.501245 0.137254 0.00923173 0.000538813 0.000491416 0.00188626 0.00250677 0.00138627 0.000294215 0.000104879 0.000139942 0.000199327 8.89558e-05 3.65574e-05 2.28067e-05 4.32106e-05
0.0129649 0.000404217 0.000189967 0.000206613 0.000235147 9.15508e-05 7.65263e-05 8.23108e-05 8.28582e-05 0.000492547 0.0129821 0.471833 0.853355 0.412552 0.026051 0.00198026 0.00193177 0.00607549 0.00748879 0.00375549 0.000967001 0.000322392 0.000306613 0.000401034 0.000177281 6.67394e-05 3.20644e-05 4.25153e-05
0.0217858 0.00115283 0.000505731 0.000392078 0.000340485 8.0076e-05 4.4386e-05 5.65919e-05 0.000134415 0.0015522 0.0349963 0.609195 0.895895 0.515832 0.0379226 0.00519192 0.00601614 0.00890716 0.00694903 0.00283108 0.000872373 0.000479717 0.000553715 0.000821731 0.000341493 9.63109e-05 3.49039e-05 4.51878e-05
0.0266657 0.00210474 0.000931602 0.000602424 0.000447085 7.27933e-05 4.80051e-05 0.000123345 0.000412397 0.00363552 0.0564284 0.537617 0.862202 0.692899 0.121963 0.020376 0.0154027 0.00724559 0.00300338 0.0017039 0.000838893 0.000901122 0.00146683 0.00187084 0.000571723 0.000107074 2.84353e-05 4.03488e-05
0.024137 0.00255243 0.00220179 0.00155033 0.000680479 0.000102307 0.000138212 0.000664822 0.0022682 0.00665794 0.0234029 0.203326 0.776398 0.88004 0.496751 0.0793506 0.0192894 0.00346867 0.00139549 0.00136683 0.000887421 0.00113332 0.00199843 0.00172074 0.000336199 5.91325e-05 1.85495e-05 3.84621e-05
0.0176625 0.0025366 0.00595515 0.00404303 0.00144987 0.00037151 0.000918257 0.00472245 0.00643557 0.00407181 0.00690847 0.0849083 0.711731 0.943597 0.72471 0.0835702 0.00989808 0.00165424 0.0010575 0.00112244 0.000574269 0.000637899 0.000972603 0.000661591 0.000116469 3.01607e-05 1.37071e-05 3.71716e-05
0.0276485 0.00632658 0.0274346 0.0262968 0.0168874 0.00941741 0.02256 0.0374095 0.0159926 0.00375146 0.00390102 0.0599112 0.698639 0.943688 0.674087 0.0422272 0.00351957 0.000722885 0.000602663 0.000652074 0.00053911 0.000929597 0.000859349 0.000362613 6.69094e-05 2.34661e-05 1.3845e-05 3.29125e-05
0.043033 0.00831316 0.0299943 0.0607246 0.0727183 0.0762474 0.140643 0.0817338 0.0209437 0.00342906 0.00372781 0.0877809 0.78135 0.949919 0.663321 0.0367189 0.00315535 0.000595666 0.000395241 0.00063196 0.000999079 0.00169923 0.000921974 0.000257677 5.70682e-05 2.12407e-05 1.28711e-05 2.52668e-05
0.0157826 0.00130653 0.00520062 0.0329911 0.0526239 0.0595035 0.089387 0.0271502 0.00545723 0.00138976 0.00398307 0.126871 0.764601 0.949698 0.845509 0.135618 0.00655763 0.000499547 0.000194046 0.000273756 0.000492852 0.000665408 0.000274 0.000108542 5.02323e-05 3.03652e-05 1.96713e-05 2.90231e-05
0.0058219 0.000392944 0.00208056 0.0201321 0.0241957 0.015594 0.0137666 0.00282763 0.00074482 0.000596194 0.00312855 0.0695095 0.479805 0.899872 0.928933 0.334867 0.00851744 0.000376095 0.000154463 0.000159643 0.000187035 0.000243969 0.000132237 0.000116521 9.31603e-05 7.59436e-05 4.25953e-05 4.9317e-05
0.00386912 0.000215836 0.00114668 0.00886369 0.00984927 0.00558461 0.00296122 0.000779396 0.000391197 0.000588441 0.0022433 0.0185217 0.150282 0.788231 0.941374 0.460736 0.0135689 0.000978872 0.000408284 0.000246724 0.000297981 0.000376866 0.000168501 0.000158427 0.0001102 5.92375e-05 2.02855e-05 3.88446e-05
0.00465456 0.000220599 0.000556767 0.00291828 0.00462742 0.00266184 0.00114621 0.000546191 0.000473989 0.000643886 0.00105964 0.00389302 0.0626247 0.703153 0.915617 0.607315 0.0586171 0.00595262 0.00168008 0.000594889 0.000712428 0.000632276 0.000197826 0.000135877 4.66886e-05 1.51893e-05 4.8973e-06 2.04463e-05
0.00473663 0.000152779 0.000140249 0.000400194 0.000613697 0.000389264 0.000251298 0.000251067 0.000307963 0.000340489 0.000444552 0.00148253 0.0286235 0.531647 0.901694 0.85244 0.363744 0.0495752 0.00995926 0.00242635 0.00152391 0.000846968 0.000457913 0.000370238 4.72016e-05 9.27497e-06 6.3975e-06 3.24929e-05
0.00412327 6.57144e-05 3.38308e-05 6.48111e-05 8.44124e-05 6.50848e-05 8.69174e-05 0.000171659 0.000306577 0.000503479 0.000919419 0.0025453 0.0269583 0.465573 0.920288 0.920808 0.530006 0.0902821 0.0260123 0.00648721 0.00201454 0.00120562 0.00116261 0.000813767 7.88334e-05 1.63417e-05 2.41216e-05 9.62399e-05
0.00331121 3.39399e-05 1.0005e-05 1.69772e-05 3.05731e-05 3.08664e-05 6.6183e-05 0.000270679 0.00120534 0.00469038 0.0106001 0.0190188 0.0836942 0.517985 0.887492 0.83927 0.275771 0.0377749 0.0174489 0.00593488 0.00133446 0.000733954 0.000668151 0.000302163 3.7432e-05 1.48321e-05 3.53205e-05 0.000123522
0.00249363 1.7879e-05 5.52532e-06 1.34876e-05 3.50902e-05 4.15279e-05 0.000162844 0.00145813 0.0122617 0.0788855 0.108799 0.0985232 0.246774 0.607641 0.842483 0.759258 0.158516 0.0142164 0.00569722 0.00249253 0.000866024 0.000324313 0.000155726 7.1793e-05 2.03063e-05 1.62975e-05 2.9859e-05 7.6552e-05
0.00359866 3.82244e-05 1.83679e-05 5.40869e-05 0.000127264 0.00011027 0.000438688 0.00565205 0.0688435 0.474414 0.62564 0.46857 0.399859 0.535985 0.80268 0.727262 0.0983998 0.00443288 0.001445 0.000764826 0.000448734 0.000181197 5.81428e-05 3.6778e-05 2.17012e-05 2.21499e-05 2.46126e-05 5.02145e-05
0.00545513 0.000103816 7.67071e-05 0.000216513 0.000380503 0.00022874 0.000883978 0.0116022 0.0888011 0.498985 0.646242 0.362586 0.174396 0.307236 0.745381 0.676337 0.0702626 0.00221724 0.000638352 0.000404984 0.000302074 0.000147156 6.08939e-05 5.92303e-05 3.69272e-05 2.89311e-05 2.5177e-05 3.98928e-05
0.00563929 0.000127905 0.000107123 0.000255564 0.000423279 0.000276966 0.00102665 0.0105181 0.0563081 0.17551 0.118745 0.0300962 0.0288585 0.220351 0.779023 0.749271 0.12744 0.00606758 0.00167583 0.000964283 0.000463751 0.000181046 0.00013812 0.000228523 0.000170402 7.82635e-05 3.32984e-05 3.26076e-05
0.00471113 0.000101728 7.07399e-05 0.000148443 0.000279302 0.000252151 0.000738661 0.00607755 0.0406413 0.05279 0.0111916 0.00399753 0.0121725 0.220137 0.767695 0.724678 0.186035 0.0190893 0.008555 0.00426218 0.00128385 0.00060502 0.000785052 0.00134509 0.00059449 0.000112152 3.15123e-05 2.85166e-05
0.00659356 0.000183344 0.000131834 0.000252809 0.000480524 0.000450626 0.00103429 0.00499043 0.0216611 0.0186483 0.00445345 0.00289755 0.0102246 0.125751 0.533449 0.539046 0.142087 0.0283248 0.0264041 0.0221525 0.00851036 0.00596844 0.00798944 0.00583728 0.00104624 0.000103144 2.11741e-05 2.34271e-05
0.0117317 0.000287627 0.000181208 0.00029366 0.0005437 0.000418532 0.000706994 0.00224885 0.00564048 0.00571933 0.00286246 0.00135284 0.00217713 0.0231257 0.175196 0.188449 0.0445615 0.0176255 0.030592 0.0425745 0.0234489 0.0183291 0.0138031 0.00372837 0.000367867 3.82825e-05 8.42104e-06 1.82773e-05
0.00609582 6.41368e-05 2.85237e-05 5.07399e-05 9.19551e-05 7.99505e-05 0.000141761 0.000411997 0.000865551 0.000844336 0.000342237 0.00012353 0.00032472 0.00581078 0.0357955 0.0233624 0.0050448 0.00286887 0.00887591 0.0216391 0.0176174 0.0105907 0.00280352 0.000372902 3.59363e-05 6.74097e-06 2.94499e-06 1.36433e-05
0.00393644 4.71761e-05 2.62611e-05 4.60125e-05 6.38892e-05 7.11403e-05 0.000156644 0.00037951 0.000684598 0.000556478 0.000139654 9.15308e-05 0.000648668 0.00708629 0.013509 0.00541258 0.00131832 0.0010051 0.0034154 0.00881364 0.0118129 0.00554066 0.0010765 0.000169242 3.71001e-05 1.5881e-05 9.32909e-06 5.5313e-05
0.0154225 0.00127826 0.0010589 0.00116366 0.00121072 0.00128007 0.00183471 0.00273048 0.00355349 0.00312026 0.00140252 0.00132001 0.00480537 0.0139807 0.0129784 0.00658965 0.00376722 0.00387341 0.00591354 0.00813598 0.0107187 0.00724049 0.00309293 0.00146053 0.00117829 0.000933412 0.00089562 0.00384592
