0.00860283 0.000385062 0.000579738 0.000926405 0.000845289 0.000849378 0.00191313 0.00269126 0.00172083 0.000960893 0.00070034 0.000682218 0.00144121 0.00312037 0.00223706 0.00114575 0.000990579 0.00134845 0.00272711 0.00818238 0.00580315 0.00167177 0.000555107 0.000325073 0.000518711 0.000693406 0.000669468 0.00187575
0.00185569 1.33128e-05 2.01808e-05 4.43814e-05 6.88007e-05 0.000119466 0.000297092 0.000377439 0.00027237 0.000211331 8.99964e-05 5.81058e-05 0.000141014 0.000316774 0.000212444 9.19336e-05 8.16539e-05 0.000204657 0.00116627 0.00628744 0.00275243 0.000411932 8.33201e-05 2.93109e-05 3.52723e-05 4.79565e-05 4.23887e-05 0.000122242
0.00137202 9.53393e-06 6.95354e-06 3.12319e-05 0.000140153 0.000357372 0.000522282 0.000545348 0.000580107 0.000556969 0.000241995 0.000152759 0.000360021 0.000686061 0.000454095 0.000204951 0.000241221 0.00144003 0.0124938 0.0328153 0.00696774 0.000763559 0.000176997 4.99136e-05 2.68145e-05 3.04143e-05 3.4249e-05 9.0403e-05
0.000889175 5.97205e-06 3.302e-06 2.9559e-05 0.000188727 0.000288917 0.000215645 0.000207889 0.000357901 0.000530866 0.000386233 0.000445278 0.0012827 0.00214823 0.00111253 0.000348443 0.000584288 0.00298685 0.00706064 0.00620377 0.00127288 0.000255106 8.93195e-05 3.64569e-05 2.45209e-05 3.18653e-05 2.2431e-05 4.43864e-05
0.00100746 8.90478e-06 1.00371e-05 0.00011914 0.000442508 0.000336235 0.000242666 0.000260305 0.000541734 0.00125 0.00194553 0.00580517 0.0392726 0.0774165 0.0237083 0.00290014 0.002492 0.00428954 0.00219444 0.00138557 0.000816898 0.000390392 0.000122124 8.1648e-05 6.73401e-05 6.22026e-05 2.06563e-05 2.70617e-05
0.00133802 1.63934e-05 2.98468e-05 0.000302551 0.000707914 0.000426266 0.000320851 0.000458874 0.00110733 0.00342008 0.00805321 0.0630287 0.635022 0.780454 0.22448 0.00883012 0.00358738 0.00199495 0.000369336 0.000235714 0.000291667 0.000228956 8.38338e-05 8.1356e-05 5.95662e-05 4.37567e-05 1.18946e-05 2.13574e-05
0.00177953 3.75827e-05 7.64036e-05 0.000581156 0.00135298 0.000850343 0.000721733 0.00139868 0.00381317 0.00854728 0.0152706 0.152289 0.880701 0.927492 0.338398 0.0114027 0.0029241 0.000667111 0.000114588 0.000103103 0.000136746 0.000127834 7.52811e-05 6.51598e-05 2.67554e-05 1.80524e-05 5.50719e-06 1.55805e-05
0.00380225 0.000124494 0.00016074 0.000571719 0.00119631 0.000784626 0.000900026 0.00259569 0.0071391 0.0146235 0.0266559 0.221242 0.86013 0.876438 0.256553 0.0111884 0.00160293 0.000127135 3.09147e-05 4.82562e-05 6.72984e-05 7.26575e-05 6.37001e-05 5.6723e-05 2.01742e-05 1.56421e-05 4.27584e-06 1.23204e-05
0.0075859 0.00026064 0.000171281 0.000324086 0.000731825 0.000673746 0.00111054 0.00435089 0.00919111 0.0186887 0.0761529 0.446792 0.864365 0.881562 0.427938 0.0269908 0.00143263 4.56985e-05 1.78144e-05 4.50297e-05 5.69449e-05 6.04146e-05 4.94073e-05 4.79807e-05 2.14852e-05 1.87562e-05 4.58021e-06 1.23337e-05
0.00618858 0.000195039 0.000113145 0.00026678 0.000835149 0.00118654 0.00309494 0.00971087 0.00971458 0.0140852 0.0830384 0.496366 0.867202 0.952287 0.869215 0.200114 0.00436 7.52313e-05 3.89005e-05 8.97438e-05 8.58035e-05 7.57213e-05 5.34868e-05 4.73486e-05 1.85402e-05 1.46012e-05 5.99749e-06 1.50738e-05
0.0038538 0.000105579 9.6265e-05 0.00040602 0.00119047 0.00201605 0.00489808 0.00608431 0.00351723 0.00452 0.0322378 0.308064 0.806975 0.96344 0.942673 0.383167 0.00987244 0.000227499 0.000126509 0.000226659 0.000141951 9.58369e-05 7.14479e-05 5.11392e-05 2.09472e-05 1.70668e-05 1.04118e-05 2.29869e-05
0.0025571 5.38563e-05 6.78147e-05 0.000380211 0.000950823 0.00123895 0.00148397 0.000878475 0.000562429 0.000990739 0.00734999 0.0921088 0.573934 0.939035 0.949019 0.538568 0.0240656 0.00135621 0.00104359 0.000864218 0.00021299 8.63119e-05 6.93476e-05 6.49201e-05 5.367e-05 6.65632e-05 5.73045e-05 6.48734e-05
0.00185075 3.22373e-05 3.90637e-05 0.000246288 0.00066231 0.000465091 0.000234108 0.000121568 0.000150303 0.000350206 0.00158825 0.0189808 0.292284 0.885598 0.948051 0.717746 0.090194 0.00922387 0.00632224 0.00208935 0.00034793 0.000130658 9.89986e-05 0.000154465 0.000228504 0.000395101 0.000309435 0.000172653
0.00237243 3.97942e-05 2.99693e-05 0.000123534 0.000361275 0.000229218 9.65757e-05 4.69501e-05 6.46315e-05 0.000131436 0.000425928 0.00591319 0.143581 0.836625 0.962756 0.885596 0.288694 0.0358707 0.0175664 0.00506507 0.00163802 0.000982369 0.000424152 0.000412683 0.000526822 0.000585953 0.000319991 0.000168799
0.00349282 4.48749e-05 2.97024e-05 0.000136729 0.000404164 0.000262488 0.000115606 4.79407e-05 4.76556e-05 8.65043e-05 0.000284315 0.00430862 0.116944 0.827258 0.972897 0.940693 0.424594 0.0423832 0.0136327 0.00636426 0.00517148 0.0042171 0.00140865 0.000796774 0.0006037 0.000338608 0.000145007 8.66878e-05
0.00235416 3.4988e-05 4.73802e-05 0.000661301 0.00327893 0.00141063 0.000306321 7.28027e-05 6.92434e-05 0.00013911 0.000438546 0.00494104 0.0683373 0.637645 0.939643 0.894833 0.272225 0.0183388 0.00396524 0.00176046 0.00170431 0.00139062 0.000831275 0.000767574 0.000404511 0.000142909 5.44854e-05 4.56107e-05
0.00190943 6.39179e-05 0.000222938 0.0064608 0.0269709 0.00481911 0.000688684 0.000164325 0.000154003 0.000315962 0.00057351 0.00232131 0.0196156 0.315758 0.850642 0.851861 0.244243 0.0150193 0.00296195 0.000571199 0.000243997 0.000245619 0.000346694 0.000609398 0.000278884 8.64359e-05 3.16771e-05 3.39078e-05
0.00366967 0.00028199 0.00213018 0.0397403 0.0481151 0.00369673 0.000646011 0.00026867 0.000214368 0.000258951 0.000347103 0.000755291 0.00447766 0.129934 0.816182 0.919522 0.582141 0.062404 0.00602213 0.000472859 0.000144315 0.00018224 0.000242059 0.000301908 0.000107163 3.9652e-05 1.42329e-05 2.21491e-05
0.00622438 0.000901261 0.00717268 0.037189 0.0194119 0.00144298 0.000461422 0.000293914 0.000145964 0.000109352 0.000126519 0.000241574 0.00197679 0.113602 0.838239 0.951272 0.801851 0.121619 0.00559675 0.000388998 0.000174142 0.000211425 0.000170139 0.000150036 5.73121e-05 2.46972e-05 9.61578e-06 1.6899e-05
0.0101118 0.00159483 0.00819061 0.0187845 0.0084543 0.00112692 0.000678435 0.000479195 0.000161792 9.2747e-05 0.00010858 0.000216206 0.00213015 0.0991129 0.743881 0.914204 0.728417 0.0722967 0.00260435 0.000308064 0.000161751 0.000147699 0.000143168 0.000211506 0.000137965 5.31785e-05 1.9983e-05 2.02204e-05
0.0127525 0.00141363 0.00369015 0.005761 0.0039217 0.00134513 0.000990034 0.000626346 0.000283866 0.000160653 0.000162359 0.00032999 0.00210729 0.0430328 0.445718 0.798942 0.595229 0.0495825 0.00294149 0.000499734 0.000253423 0.000243131 0.00032297 0.00082186 0.000695402 0.000171303 5.23404e-05 3.08295e-05
0.0103969 0.000683752 0.000846348 0.0013089 0.00137187 0.000734286 0.000493216 0.00029786 0.000227496 0.000207002 0.00032123 0.000931406 0.00443859 0.0430802 0.330134 0.744058 0.667379 0.121475 0.012582 0.0023387 0.00125478 0.00177036 0.00300963 0.0072725 0.00402572 0.000383432 6.9071e-05 3.51278e-05
0.00805106 0.000294102 0.000249173 0.000506624 0.000908846 0.000518672 0.000274571 0.000181261 0.00022516 0.000425419 0.00138294 0.00560565 0.0199668 0.102042 0.376911 0.68034 0.60081 0.180698 0.0321854 0.00748373 0.00552575 0.0110908 0.0196103 0.0255491 0.00567827 0.000312762 2.83e-05 2.5587e-05
0.0046013 0.000104888 7.71914e-05 0.000200784 0.000642732 0.000600212 0.000392872 0.000320345 0.000383487 0.000701719 0.00272046 0.00895109 0.0353559 0.148027 0.195848 0.288334 0.299195 0.131143 0.0282465 0.00705667 0.00614383 0.012386 0.0201246 0.0131409 0.00111427 5.92879e-05 5.34011e-06 1.39913e-05
0.00312216 3.04053e-05 1.81168e-05 6.35715e-05 0.000275653 0.000506751 0.000577088 0.000377068 0.000314619 0.00042139 0.00111144 0.00309321 0.0100352 0.02531 0.0209486 0.036922 0.0909956 0.0703735 0.0139723 0.00276539 0.00206763 0.00346161 0.00442107 0.00163305 7.26134e-05 7.78744e-06 1.39184e-06 9.70574e-06
0.00340706 2.62568e-05 1.04984e-05 3.58868e-05 0.000203908 0.000502239 0.000470788 0.000241821 0.000290884 0.000475481 0.000571968 0.000677231 0.0012498 0.00186449 0.00183204 0.00440868 0.0155107 0.0136013 0.00300765 0.000913621 0.000944397 0.00178339 0.00199293 0.000537329 1.88163e-05 2.73353e-06 1.10767e-06 8.66541e-06
0.00715399 0.000137806 6.3311e-05 0.000143808 0.000712532 0.00128192 0.000667148 0.000436989 0.000981488 0.00163928 0.00100387 0.000648926 0.000638553 0.000798695 0.0011586 0.00263925 0.00532834 0.00427739 0.0016991 0.00101505 0.00191377 0.0038154 0.00442436 0.00120327 7.16395e-05 1.61865e-05 6.99243e-06 3.88613e-05
0.0268891 0.00347477 0.00220682 0.00240856 0.0048271 0.00581174 0.00314749 0.0027167 0.00562879 0.00682731 0.00451106 0.00343335 0.00314206 0.00321501 0.00433575 0.00667049 0.00737841 0.00621597 0.00478875 0.00445863 0.00584236 0.00810991 0.00953174 0.00559384 0.00210959 0.00107896 0.000837783 0.00308538
