0.00776115 0.000195325 0.000179627 0.000514164 0.00100536 0.000774844 0.000680323 0.000716189 0.000825705 0.00122425 0.00219207 0.00533742 0.0111262 0.00829726 0.00315403 0.000955916 0.000457675 0.00046326 0.000679121 0.000859161 0.00082109 0.000885227 0.00103236 0.000997501 0.000750042 0.000617031 0.00054488 0.00180947
0.00195661 9.48197e-06 1.48087e-05 7.6853e-05 0.000215814 0.00013791 8.2533e-05 9.17975e-05 0.000136197 0.000273422 0.000776693 0.00272274 0.00578684 0.00264987 0.000476795 8.05626e-05 2.73916e-05 2.76187e-05 5.45189e-05 6.71271e-05 6.22791e-05 5.26972e-05 5.52942e-05 6.60748e-05 6.95399e-05 6.80366e-05 3.67414e-05 0.000106532
0.00239394 2.77145e-05 4.80649e-05 0.000343364 0.00108344 0.000473474 0.000239951 0.000296953 0.000556928 0.00157504 0.00658553 0.0237507 0.0233257 0.0062403 0.00109148 0.000218099 0.000105283 8.95669e-05 0.000101277 6.69619e-05 5.04955e-05 4.31425e-05 4.42177e-05 8.07369e-05 7.41804e-05 6.21978e-05 3.92702e-05 9.42674e-05
0.00381665 0.000122958 0.00022357 0.00128368 0.00301915 0.000879179 0.000610267 0.000871133 0.00125953 0.00375977 0.0150226 0.0777846 0.0956609 0.0349618 0.00993474 0.00328744 0.00207894 0.00081747 0.000337859 8.03202e-05 3.93414e-05 4.13076e-05 5.67368e-05 0.000136515 7.75837e-05 3.75701e-05 2.35027e-05 5.97431e-05
0.00835601 0.0007457 0.00211464 0.00754754 0.0104014 0.00364475 0.00450418 0.00512548 0.00442727 0.0105551 0.0444025 0.353315 0.680143 0.568737 0.344542 0.221607 0.134607 0.0276779 0.00534956 0.000656472 0.000197309 0.00021988 0.000333857 0.000681159 0.000175868 4.21427e-05 2.0281e-05 4.35842e-05
0.0173262 0.00303063 0.0145327 0.0299841 0.0161035 0.00398952 0.0042705 0.00278906 0.00217108 0.00691815 0.0446696 0.490013 0.897722 0.923933 0.874833 0.888414 0.838834 0.394172 0.0454184 0.00313278 0.000697462 0.000329757 0.000391222 0.000653219 0.000139843 3.63461e-05 2.04013e-05 4.13385e-05
0.0221366 0.00499694 0.022617 0.0234882 0.00863183 0.00148112 0.000808075 0.000431106 0.000552548 0.00280411 0.0228015 0.275315 0.685135 0.763808 0.780051 0.915701 0.958764 0.839892 0.2108 0.0122685 0.0018545 0.000315782 0.000224283 0.000404814 0.00011231 3.54625e-05 2.09406e-05 3.6062e-05
0.0150952 0.00155103 0.0030446 0.00242625 0.0012218 0.000334605 0.000154196 0.000103557 0.000217728 0.00115967 0.0082913 0.0495595 0.109349 0.1255 0.158465 0.535886 0.921026 0.946047 0.675461 0.100461 0.0085999 0.000740474 0.00041968 0.000622494 0.000211213 7.05418e-05 4.08434e-05 4.38402e-05
0.00796236 0.000255952 0.000199373 0.000248762 0.000231873 9.77151e-05 5.76396e-05 6.50362e-05 0.00022938 0.00141333 0.00762966 0.0158565 0.0159231 0.0145041 0.0182678 0.116818 0.666571 0.922045 0.893121 0.42268 0.0286138 0.0020303 0.00110986 0.00144559 0.000627858 0.000212199 0.000104487 6.85569e-05
0.00312535 3.96041e-05 1.73637e-05 3.5709e-05 6.53843e-05 3.91247e-05 2.80265e-05 6.16917e-05 0.000487147 0.0035485 0.00808206 0.00529715 0.00248752 0.00183878 0.00223507 0.011197 0.105587 0.555589 0.85695 0.593081 0.0407996 0.0029697 0.00139996 0.00148637 0.000879418 0.00034673 0.000170786 9.46682e-05
0.00171459 1.38039e-05 6.2481e-06 1.97864e-05 3.44319e-05 2.38302e-05 3.08306e-05 0.000143458 0.00233098 0.0178036 0.0138478 0.00366255 0.00110047 0.000682625 0.000775417 0.00180509 0.0115182 0.238434 0.840763 0.683494 0.0633432 0.00371204 0.00181843 0.00171258 0.000968187 0.000512384 0.000256132 0.000130808
0.00210141 2.28068e-05 1.25073e-05 4.00701e-05 5.64807e-05 4.03541e-05 6.81934e-05 0.000549676 0.0185169 0.181502 0.112444 0.0245142 0.00489717 0.00198812 0.00174913 0.00327896 0.0251086 0.470235 0.958111 0.891658 0.197107 0.0131046 0.0068949 0.00667044 0.00243305 0.0010624 0.000459378 0.000194824
0.00328254 4.90494e-05 3.45829e-05 0.000101334 0.00016145 0.000101671 0.000207889 0.00319951 0.155836 0.735802 0.672596 0.321177 0.0868786 0.0442012 0.0392251 0.0918415 0.479509 0.918106 0.976419 0.824472 0.146081 0.0214718 0.021115 0.0235626 0.00520885 0.00118199 0.000427211 0.0001697
0.00263133 3.65682e-05 2.85256e-05 9.61159e-05 0.000209889 0.000171679 0.000604622 0.0112844 0.288022 0.862935 0.917916 0.892794 0.776603 0.707976 0.728495 0.86007 0.950077 0.944415 0.752972 0.103128 0.0127129 0.00779048 0.011409 0.00944115 0.00140533 0.00021176 7.53464e-05 6.48721e-05
0.00187255 2.47649e-05 1.92661e-05 7.0319e-05 0.000177211 0.000224912 0.00105142 0.0102002 0.0842381 0.502203 0.867186 0.944778 0.959495 0.956488 0.933372 0.970876 0.970423 0.649507 0.0492383 0.00264032 0.00144261 0.00326794 0.00332031 0.0014698 0.000203378 3.258e-05 1.53936e-05 3.13626e-05
0.00303933 6.70032e-05 6.18238e-05 0.00020873 0.000537766 0.000601775 0.00142612 0.00466732 0.0143521 0.0543484 0.33038 0.712096 0.881023 0.921762 0.873518 0.955637 0.933624 0.24115 0.00538617 0.000652277 0.00103143 0.00230097 0.00147274 0.000540013 8.86724e-05 1.97695e-05 1.41779e-05 2.86101e-05
0.00684647 0.000322246 0.000324402 0.000804603 0.00239913 0.00268412 0.00311841 0.00377798 0.00511494 0.00470803 0.012538 0.090468 0.348055 0.556341 0.672714 0.937668 0.909795 0.147652 0.00532385 0.00165096 0.00221679 0.00230552 0.00116922 0.000517339 0.000133741 3.97809e-05 2.92838e-05 3.92613e-05
0.0081936 0.00039656 0.000297169 0.00053588 0.00167328 0.00324822 0.00822223 0.0107745 0.00398701 0.00075177 0.000897776 0.00611636 0.0317106 0.0908436 0.377296 0.897358 0.872661 0.174413 0.0129391 0.00555374 0.00512361 0.003393 0.00161561 0.00111341 0.00051938 0.000168571 0.000100638 7.27433e-05
0.00570197 0.000134138 6.95311e-05 0.000127377 0.000722651 0.00452568 0.0275345 0.0407326 0.00515322 0.000422124 0.000650064 0.00366178 0.0128567 0.073338 0.463307 0.89752 0.807726 0.186685 0.035209 0.0163198 0.0118717 0.00588872 0.00313006 0.00268911 0.00126241 0.000396466 0.000207808 0.000106982
0.00408525 5.7339e-05 2.75648e-05 7.72528e-05 0.000690016 0.0154505 0.2701 0.353977 0.0320978 0.00326174 0.00737372 0.0320618 0.107171 0.458791 0.857972 0.946415 0.76962 0.18431 0.0482771 0.0165585 0.00928817 0.00463087 0.0026992 0.00206915 0.000799363 0.000224105 8.83501e-05 6.60758e-05
0.00330665 2.83221e-05 2.00262e-05 9.06251e-05 0.00150399 0.0916456 0.835493 0.884695 0.422993 0.205766 0.473747 0.713488 0.86414 0.958039 0.967291 0.933975 0.611279 0.113456 0.0321493 0.0122815 0.00715329 0.0037298 0.001801 0.00108627 0.000315773 8.55214e-05 2.37967e-05 3.31882e-05
0.00291256 2.02889e-05 1.41193e-05 0.000104892 0.0066832 0.394931 0.943819 0.964991 0.917401 0.92952 0.977339 0.976842 0.964731 0.953411 0.862909 0.623471 0.183862 0.0436464 0.0543853 0.0792906 0.0383486 0.00983506 0.00269368 0.000844721 0.000154946 4.62641e-05 1.33801e-05 2.80007e-05
0.00334557 3.3364e-05 2.26009e-05 0.000284534 0.0260651 0.472327 0.77107 0.790711 0.787708 0.844452 0.889036 0.742977 0.425344 0.208392 0.0885153 0.0347513 0.0117536 0.0143219 0.0678701 0.191736 0.07158 0.0088939 0.00215512 0.000506222 8.35585e-05 3.38143e-05 1.47125e-05 3.47456e-05
0.00764291 0.000224274 0.000240319 0.00261332 0.0587742 0.176647 0.141939 0.100617 0.0755728 0.0503128 0.0376942 0.0179528 0.00832208 0.00625475 0.00449455 0.00245212 0.00158971 0.00355613 0.0173458 0.0440253 0.0171922 0.00332293 0.000990251 0.000331544 0.000100793 5.23086e-05 3.50046e-05 5.09225e-05
0.017722 0.00117769 0.00165198 0.00877888 0.0350703 0.0188639 0.00797403 0.00470812 0.00150956 0.000515879 0.000334363 0.000436018 0.000716164 0.00110137 0.00106843 0.000579357 0.000592108 0.00111863 0.00213064 0.00350169 0.0025827 0.0010013 0.000377878 0.000248507 0.000151728 9.05135e-05 6.72909e-05 5.67674e-05
0.00965068 0.000337652 0.000804483 0.00383543 0.0056281 0.00174513 0.000679561 0.000334668 6.75072e-05 2.04567e-05 1.90378e-05 4.33342e-05 0.000119852 0.000169854 0.000113973 6.66067e-05 0.000113895 0.000292227 0.000416568 0.000586282 0.000450085 0.000194841 0.000124798 0.00015763 0.000117527 5.03764e-05 3.18572e-05 3.25697e-05
0.00503381 0.000156588 0.000568962 0.00231377 0.00241675 0.00104766 0.000710893 0.000437375 9.66319e-05 3.50509e-05 4.72952e-05 9.85232e-05 0.000165569 0.000136737 7.12057e-05 5.92168e-05 0.000127445 0.000373904 0.000736727 0.00087034 0.000445064 0.000214892 0.000222089 0.000303746 0.000186928 7.01154e-05 3.14136e-05 6.04937e-05
0.016354 0.00191179 0.00369524 0.00548842 0.00472998 0.003703 0.00406467 0.00365428 0.00178138 0.00112472 0.00148865 0.0020475 0.00221733 0.00180719 0.00125497 0.00119355 0.00188768 0.00324677 0.00441488 0.00432427 0.00287888 0.00219862 0.00265125 0.00310139 0.0025448 0.00141523 0.00100359 0.0026554
