0.00989053 0.0010269 0.00214124 0.00360208 0.00352878 0.00173644 0.00116121 0.00111101 0.000961865 0.000753583 0.000782874 0.000827103 0.000999646 0.00102558 0.000949209 0.00087093 0.000779309 0.000648371 0.000634219 0.00107522 0.00236096 0.00322326 0.00181682 0.0009585 0.000635105 0.000559786 0.000951417 0.00336102
0.00501191 0.000239456 0.000572133 0.0007708 0.000472004 0.000154664 8.87112e-05 9.03757e-05 7.25884e-05 6.80543e-05 0.000106515 0.00016898 0.000291596 0.000309094 0.00019904 0.000103717 6.65247e-05 5.07704e-05 6.20474e-05 0.00011456 0.000226629 0.000217374 0.000107557 6.06065e-05 3.22614e-05 2.80451e-05 5.70027e-05 0.000239447
0.0142609 0.00127426 0.00133381 0.000822449 0.00045688 0.000149822 9.41017e-05 0.000109679 9.72206e-05 0.000130801 0.000281259 0.000686808 0.00132141 0.0010923 0.000570293 0.000161031 8.11999e-05 7.17313e-05 9.05773e-05 0.000130956 0.000141319 9.74894e-05 5.50966e-05 4.24598e-05 2.21428e-05 2.04158e-05 5.66704e-05 0.000172447
0.0104174 0.000534397 0.000259581 0.00013809 9.85373e-05 4.67585e-05 4.07174e-05 4.77999e-05 4.71941e-05 8.72356e-05 0.00023882 0.000824301 0.00131937 0.000785314 0.000401977 0.000137173 0.000120438 0.000150275 0.000164708 0.000120205 6.20985e-05 3.61929e-05 3.00123e-05 3.84439e-05 2.73176e-05 2.78245e-05 5.62504e-05 0.000107936
0.00651869 0.000135729 9.51792e-05 9.32842e-05 0.000102382 8.07228e-05 7.35532e-05 7.25182e-05 8.40112e-05 0.000218256 0.000844642 0.00305705 0.00372264 0.00175425 0.00103681 0.000982848 0.00172484 0.00176556 0.000944188 0.000281186 0.000117921 9.49547e-05 0.000103784 0.000185884 0.000119567 7.4096e-05 9.09001e-05 9.24228e-05
0.00270087 3.04975e-05 2.23514e-05 6.05583e-05 0.000257842 0.000355821 0.000176558 0.000117833 0.000138023 0.000440962 0.00243312 0.00822551 0.00953302 0.00674095 0.00605429 0.0105499 0.0150141 0.00587181 0.00154514 0.000246468 0.00011325 0.00013356 0.000146513 0.00024007 0.000148188 6.99111e-05 6.22715e-05 7.03672e-05
0.00246252 3.25526e-05 2.50452e-05 0.000196137 0.00194637 0.00209132 0.000753235 0.000478027 0.000659569 0.00169745 0.00945829 0.0434559 0.0802751 0.0971581 0.131464 0.207853 0.13652 0.0270285 0.00412939 0.000401249 0.000155227 0.000201716 0.000188686 0.000218433 9.67557e-05 3.6755e-05 2.42439e-05 4.21279e-05
0.00464655 0.000140809 0.000291154 0.00293745 0.012894 0.00469824 0.00245854 0.00721039 0.0196716 0.0416779 0.161898 0.466365 0.73745 0.819277 0.844585 0.908866 0.854117 0.416542 0.0307472 0.00115195 0.000414453 0.000373219 0.000271898 0.000267834 0.000108023 4.07506e-05 1.93054e-05 3.55248e-05
0.00701751 0.000619032 0.00453245 0.0230069 0.0415517 0.00967245 0.0100994 0.144958 0.378481 0.494213 0.747807 0.863744 0.915102 0.907904 0.859674 0.927987 0.969298 0.863168 0.115196 0.00352329 0.00130724 0.000789655 0.000405458 0.000369746 0.000137302 5.2725e-05 2.48257e-05 4.61631e-05
0.0206909 0.00426884 0.0375025 0.0672692 0.0637571 0.024724 0.0756262 0.725891 0.891 0.868883 0.866689 0.729118 0.498176 0.272125 0.156761 0.397363 0.897596 0.925641 0.416462 0.0381903 0.0123065 0.0031644 0.000896733 0.000455818 0.000103871 3.87875e-05 3.49787e-05 6.81432e-05
0.0471267 0.0104574 0.0342899 0.0272332 0.0264907 0.0293539 0.167274 0.800089 0.856135 0.69829 0.517851 0.140613 0.0209352 0.00505603 0.0051087 0.0470938 0.567626 0.926513 0.800112 0.197538 0.032605 0.00344919 0.000853231 0.000310689 6.22349e-05 3.97124e-05 5.50957e-05 9.5594e-05
0.0199708 0.00184246 0.0039483 0.00541628 0.00651267 0.0103727 0.0706992 0.374308 0.360492 0.175651 0.128178 0.0451677 0.00609788 0.00134549 0.00116957 0.00955458 0.347712 0.92788 0.870185 0.180499 0.0082348 0.000564951 0.000159362 0.000125076 8.62008e-05 0.000118439 0.000126595 0.000105903
0.00469744 0.000214815 0.000472291 0.00125689 0.00183882 0.00238767 0.0112785 0.0738195 0.112973 0.0998899 0.0952255 0.0580838 0.0114082 0.0020328 0.00172017 0.0119428 0.458281 0.953755 0.878601 0.0884236 0.00171646 0.00010172 3.20353e-05 8.43075e-05 0.000229126 0.000383076 0.000194332 8.89738e-05
0.00184692 4.85707e-05 0.000111267 0.000439158 0.000938369 0.00162759 0.00863967 0.0633091 0.0744773 0.054032 0.0453397 0.0272202 0.00819594 0.00296057 0.00398999 0.0383703 0.669377 0.931555 0.658582 0.0172678 0.000403312 4.10182e-05 1.68454e-05 8.13486e-05 0.000430993 0.000608812 0.000208802 9.19726e-05
0.00174262 3.98218e-05 7.95309e-05 0.000453946 0.000984081 0.00281698 0.0220212 0.0820365 0.048233 0.0169692 0.00938854 0.00540744 0.00373952 0.00512213 0.0153592 0.189264 0.849852 0.871413 0.278401 0.00657483 0.000401278 6.74045e-05 3.78684e-05 0.000184614 0.000583909 0.000497682 0.000212624 0.000116821
0.00167048 3.68486e-05 4.89491e-05 0.000297025 0.000891595 0.00307666 0.0117584 0.0162428 0.00955938 0.004881 0.00304165 0.0021917 0.00237372 0.0079025 0.106043 0.72298 0.920581 0.81751 0.247966 0.0179928 0.00200009 0.00022689 0.000203558 0.00065819 0.00044918 0.000184522 9.05029e-05 9.60729e-05
0.00180149 2.94223e-05 2.42635e-05 0.000170145 0.000969891 0.00221964 0.00342412 0.00389438 0.00339262 0.00291806 0.00252126 0.00162688 0.00234758 0.0165928 0.315888 0.889976 0.922013 0.817382 0.476331 0.0972392 0.0105292 0.000810144 0.000719554 0.00104413 0.000184383 6.28121e-05 3.75904e-05 7.35327e-05
0.00191308 3.08269e-05 1.90499e-05 0.000122195 0.000674171 0.00143554 0.00410383 0.00908703 0.0072704 0.00367851 0.00243331 0.00183053 0.00337593 0.0322867 0.553798 0.932301 0.941861 0.94322 0.899298 0.559079 0.0889099 0.00695829 0.0030897 0.0011311 8.60811e-05 3.08495e-05 1.7552e-05 4.9835e-05
0.0017782 2.53241e-05 1.79751e-05 0.000106058 0.000376804 0.00166978 0.0142763 0.0314894 0.0123605 0.00334905 0.00216121 0.00206836 0.00759188 0.123274 0.778521 0.930841 0.901242 0.939216 0.943241 0.825456 0.398955 0.0399852 0.00542715 0.000582041 4.71006e-05 2.13452e-05 9.77667e-06 2.85278e-05
0.00170337 2.37316e-05 2.45477e-05 0.000179526 0.000575111 0.00319925 0.0263774 0.0305154 0.00830414 0.00269137 0.00177381 0.00294314 0.0403645 0.514418 0.898724 0.877984 0.612078 0.506424 0.543889 0.460766 0.201484 0.0193107 0.00137032 0.000163318 3.15093e-05 2.42778e-05 1.64805e-05 2.83528e-05
0.00171618 2.67411e-05 4.01902e-05 0.000318183 0.00116307 0.00405945 0.0104768 0.00791251 0.00377808 0.00164178 0.00177191 0.0117583 0.31045 0.902125 0.917531 0.549595 0.103355 0.0299443 0.0234185 0.0273672 0.0164456 0.00198727 0.000272169 0.000106845 5.56385e-05 5.61647e-05 4.08606e-05 4.58079e-05
0.00145988 2.16019e-05 2.93568e-05 0.000251815 0.00139466 0.00379275 0.00393023 0.00252413 0.00154373 0.000905805 0.00196607 0.0345101 0.717909 0.958752 0.806715 0.12609 0.00986822 0.00280356 0.00274938 0.00412145 0.00386496 0.000892822 0.000313442 0.000327227 0.000332856 0.000230097 0.000102328 8.11609e-05
0.00136741 1.74744e-05 1.46378e-05 0.000157811 0.00127532 0.00256011 0.0019674 0.00120604 0.000743001 0.000666474 0.00290921 0.102628 0.834059 0.942375 0.61041 0.0477147 0.00623354 0.0027454 0.00367047 0.0046064 0.0031242 0.00142541 0.00108527 0.00168574 0.00173449 0.000593202 0.000198892 0.000130443
0.00149972 2.163e-05 1.78136e-05 0.000184368 0.000987273 0.00109784 0.00115759 0.00118999 0.000937714 0.00178343 0.0187763 0.414256 0.900919 0.895754 0.378621 0.0248456 0.00655342 0.00384019 0.00256073 0.00261552 0.00365252 0.00546115 0.00515521 0.00434544 0.00183693 0.00033197 0.000166384 0.000158346
0.00189792 1.76178e-05 1.99809e-05 0.000178737 0.00048273 0.000441754 0.000936888 0.00139634 0.00179404 0.0116922 0.213956 0.844638 0.92338 0.596567 0.062021 0.00461429 0.00175772 0.00121876 0.000593755 0.00087605 0.00375033 0.0119574 0.00841375 0.00197004 0.000330021 0.000103297 0.000116757 0.000146834
0.00164939 9.64284e-06 1.31379e-05 0.000114098 0.000221668 0.000186244 0.00031012 0.000371454 0.000827567 0.0122004 0.382017 0.87445 0.685438 0.0683633 0.00348859 0.000582835 0.000325324 0.00026585 0.00014545 0.000278462 0.00207314 0.00549282 0.002234 0.000395334 9.05099e-05 6.18449e-05 7.75065e-05 8.40468e-05
0.00235348 2.96818e-05 5.51425e-05 0.000273354 0.000354986 0.000231623 0.000179502 0.000187436 0.000453414 0.00616447 0.11725 0.370125 0.0983606 0.00590008 0.00141782 0.000752863 0.00038369 0.000272002 0.000167783 0.000329274 0.00188549 0.00305427 0.000966143 0.000310721 0.00024121 0.000200721 8.77991e-05 0.000117154
0.012913 0.00137531 0.00211633 0.00321983 0.0030713 0.00232966 0.00214097 0.00211798 0.00295694 0.0103393 0.03368 0.0589466 0.0214537 0.0054998 0.00492588 0.00476194 0.00315272 0.00260403 0.00189202 0.00264345 0.00504793 0.00540298 0.00302185 0.00209274 0.00338975 0.00304199 0.00156777 0.003386
