0.0183753 0.00104339 0.000290329 0.000224005 0.000361385 0.000496854 0.000794868 0.0014197 0.00117448 0.000727925 0.00057945 0.000516298 0.000733091 0.00121012 0.00106032 0.000764331 0.000754712 0.00184712 0.00654468 0.0159312 0.0146333 0.00548809 0.00298453 0.00259022 0.00192499 0.000943134 0.000601997 0.00133363
0.00615072 8.64084e-05 1.90828e-05 1.60077e-05 2.29727e-05 3.82013e-05 0.000106349 0.000305441 0.00023679 0.000117138 0.000118711 0.00017827 0.000538644 0.00134392 0.00111678 0.000485322 0.000375172 0.00109958 0.00576599 0.0131898 0.00513313 0.000876114 0.000538362 0.000641287 0.00032829 0.00013379 4.92202e-05 7.43874e-05
0.00681779 0.000104396 1.81721e-05 1.70842e-05 3.34317e-05 8.11863e-05 0.000331635 0.00119192 0.00112946 0.000680664 0.00139977 0.00591647 0.0234473 0.0373696 0.0219029 0.00563232 0.00426953 0.013121 0.0475047 0.0483948 0.00824498 0.00136293 0.00129742 0.00197577 0.000530829 0.000138523 7.28698e-05 7.83038e-05
0.00403074 4.36931e-05 8.75851e-06 1.42257e-05 3.80711e-05 9.30383e-05 0.000408447 0.0013656 0.000991771 0.000778705 0.00439945 0.0364375 0.0886506 0.0522686 0.019154 0.00551803 0.00597643 0.0229326 0.0764086 0.0560378 0.00740731 0.00140283 0.00117458 0.0011204 0.000312214 8.59091e-05 4.84176e-05 4.67337e-05
0.00314133 2.62271e-05 1.08767e-05 3.78622e-05 0.000110411 0.000226647 0.00149917 0.004401 0.00249514 0.00297605 0.0218466 0.128479 0.12123 0.0341142 0.0150672 0.0103721 0.0153689 0.0598516 0.148194 0.0948169 0.0209403 0.00366022 0.00145635 0.000980658 0.000369273 9.07475e-05 3.03192e-05 2.13818e-05
0.00195743 1.36316e-05 1.09048e-05 7.38937e-05 0.000268251 0.000489524 0.00291697 0.016315 0.0393265 0.108832 0.295781 0.431543 0.211879 0.0568755 0.031083 0.028713 0.0496748 0.0995766 0.111335 0.0366738 0.0103392 0.00246313 0.000862547 0.000906434 0.000457034 0.000106899 3.00121e-05 1.77631e-05
0.00140559 1.46589e-05 1.99861e-05 0.000199105 0.00111931 0.00148988 0.00545445 0.106178 0.642066 0.894137 0.915673 0.866391 0.642247 0.338028 0.21052 0.204728 0.321988 0.273863 0.101751 0.0145933 0.00333749 0.00158742 0.00109567 0.00175813 0.000988127 0.000182101 4.27579e-05 2.48657e-05
0.00204656 3.81604e-05 8.2283e-05 0.00078994 0.00444333 0.00514712 0.0211673 0.376405 0.841969 0.916992 0.905453 0.915231 0.874426 0.787563 0.710086 0.71544 0.809289 0.575353 0.0944447 0.00440986 0.000795389 0.000672306 0.000902409 0.00227329 0.00154851 0.000385888 0.000182835 9.83044e-05
0.00358437 0.000126081 0.000309096 0.00238741 0.00872028 0.00997629 0.0425905 0.243447 0.198714 0.133017 0.214897 0.550735 0.838697 0.902108 0.905583 0.934331 0.925401 0.539565 0.0312272 0.000652686 0.000138742 0.000221857 0.000606608 0.00255336 0.00245679 0.00150005 0.00139618 0.00052294
0.00564212 0.00028633 0.000694387 0.00363576 0.00705108 0.00512689 0.0109057 0.0160554 0.00320305 0.00165606 0.00654546 0.0815624 0.683151 0.917762 0.942913 0.963804 0.899383 0.192676 0.00282826 8.2441e-05 4.55194e-05 0.000142549 0.000633187 0.00411869 0.00477836 0.00331111 0.00273713 0.000760926
0.00664291 0.00035585 0.000679736 0.00201429 0.00184925 0.00086869 0.000838173 0.000575423 0.000234318 0.000254242 0.00193628 0.0631531 0.705262 0.947024 0.965855 0.957488 0.73779 0.0346536 0.000558998 4.78738e-05 6.336e-05 0.000268527 0.0011572 0.0077916 0.0096117 0.00436803 0.00153274 0.000304039
0.00409696 0.000152932 0.000254572 0.00069048 0.000504238 0.00020858 0.000133658 8.11265e-05 0.000107615 0.000318289 0.00448415 0.173757 0.819032 0.963499 0.969529 0.936849 0.556098 0.026717 0.00105535 0.000159299 0.000239365 0.000603837 0.00200936 0.0153581 0.0191818 0.00670868 0.0014108 0.000195999
0.00235331 6.07108e-05 8.41307e-05 0.000244165 0.000218647 0.000108512 8.13658e-05 8.83397e-05 0.000271417 0.00131989 0.0198756 0.341899 0.849732 0.964318 0.969826 0.934241 0.625662 0.0895242 0.00961162 0.00166601 0.00123498 0.00144309 0.00331272 0.0273074 0.0317217 0.00763648 0.0014969 0.000230843
0.00163273 2.99209e-05 3.19047e-05 0.000104944 0.00014621 0.00011966 0.000131685 0.000242079 0.00104173 0.00325439 0.0260532 0.263011 0.778357 0.959905 0.974621 0.967282 0.892775 0.579909 0.181762 0.0301426 0.0079701 0.00306705 0.00476176 0.0248104 0.02498 0.00667169 0.0011469 0.000228379
0.00150786 2.26536e-05 2.02986e-05 7.59283e-05 0.000158653 0.000180269 0.000268948 0.000607346 0.00177269 0.0031162 0.0148293 0.127676 0.553216 0.877527 0.921179 0.933797 0.940632 0.90326 0.711284 0.28019 0.0456045 0.00476193 0.00373362 0.0130891 0.00836706 0.00280601 0.000621551 0.000172699
0.00150556 1.97576e-05 1.23006e-05 4.49664e-05 0.000126862 0.000207232 0.000469994 0.00121951 0.00234164 0.00235303 0.00618455 0.0259187 0.085243 0.191392 0.233099 0.374951 0.689241 0.852084 0.890682 0.75793 0.145078 0.00569158 0.00194473 0.0032304 0.00163428 0.000700876 0.000116943 6.06003e-05
0.00149669 1.27427e-05 6.00801e-06 2.43166e-05 8.84565e-05 0.000216488 0.000725034 0.00188775 0.00200214 0.00113672 0.00119003 0.00185436 0.00329047 0.00539303 0.0103327 0.0286948 0.129143 0.646551 0.945758 0.902791 0.144813 0.00236996 0.000778682 0.000995955 0.000352879 0.000152609 2.07128e-05 2.04823e-05
0.00153372 1.0832e-05 3.8449e-06 1.55382e-05 6.86137e-05 0.000197743 0.000760694 0.0016225 0.00129938 0.000630286 0.000432647 0.000409411 0.000440756 0.000854906 0.00251521 0.00870201 0.0646916 0.56257 0.948925 0.861805 0.0767488 0.00177482 0.000672707 0.000836222 0.00021747 7.66057e-05 1.09104e-05 1.51457e-05
0.00143722 7.37032e-06 3.06445e-06 1.39962e-05 7.14277e-05 0.000196759 0.000617488 0.00115724 0.000996886 0.000534116 0.000247679 0.000164838 0.000243848 0.00104821 0.00530118 0.033389 0.261435 0.761994 0.89731 0.500516 0.029227 0.00213095 0.00102283 0.00101532 0.00019132 5.15586e-05 8.71831e-06 1.69893e-05
0.00131725 6.2388e-06 3.10498e-06 1.88116e-05 0.000130302 0.000376571 0.000796097 0.00119971 0.000760649 0.000328389 0.000136237 0.000119974 0.000473725 0.00585052 0.107437 0.579811 0.821136 0.832759 0.538913 0.0534437 0.00539328 0.00113397 0.000581456 0.000403457 6.28026e-05 1.88644e-05 4.77726e-06 1.63141e-05
0.00141301 9.65047e-06 6.35509e-06 5.90734e-05 0.000394441 0.000832345 0.0016858 0.00204326 0.00139839 0.000668788 0.000301893 0.000452767 0.00470785 0.112646 0.702451 0.946393 0.929449 0.553784 0.0730068 0.00372601 0.000981371 0.000519341 0.00018669 8.1311e-05 1.79532e-05 1.05118e-05 4.0558e-06 1.85283e-05
0.0025265 3.1318e-05 2.49713e-05 0.000188585 0.000816868 0.000878177 0.00129572 0.00315963 0.00826006 0.0138901 0.01015 0.0239172 0.251928 0.75468 0.922385 0.932787 0.676189 0.0887505 0.00698558 0.000728937 0.000372078 0.000276529 0.000121086 5.84549e-05 1.63999e-05 1.25741e-05 7.60856e-06 2.6895e-05
0.00458543 0.000101051 7.26369e-05 0.000283547 0.000795966 0.00048785 0.00117188 0.0159994 0.199702 0.583383 0.444543 0.591107 0.901392 0.900989 0.817666 0.46472 0.0492122 0.00505179 0.00193155 0.000885606 0.000429656 0.000234982 0.00014984 9.62918e-05 3.56794e-05 2.70139e-05 1.66464e-05 3.05746e-05
0.00525483 0.000159781 0.000151906 0.000412388 0.000652217 0.000329238 0.00173193 0.0709819 0.784165 0.973412 0.941035 0.922912 0.938523 0.730383 0.259381 0.0541686 0.00875682 0.00416897 0.00553353 0.00370495 0.00106827 0.000314294 0.000167337 0.000126045 7.8522e-05 5.98136e-05 3.395e-05 3.48735e-05
0.00447709 9.75193e-05 9.71895e-05 0.000178317 0.000218123 0.000129331 0.000728493 0.0358346 0.517316 0.829065 0.755641 0.661566 0.491401 0.1376 0.0281327 0.0103719 0.00790071 0.0120707 0.0146675 0.00678072 0.0013622 0.000223522 8.76224e-05 7.18007e-05 7.68463e-05 8.0878e-05 4.77889e-05 4.13759e-05
0.00312405 3.23211e-05 2.03634e-05 3.34107e-05 5.21129e-05 6.73796e-05 0.000328312 0.00493402 0.0256871 0.0315751 0.0351873 0.0328348 0.0211878 0.00750697 0.00138426 0.000551917 0.000799589 0.00225765 0.00526735 0.00626607 0.00217924 0.000480513 0.000164933 0.000113047 0.000153635 0.000159473 0.000104345 7.50352e-05
0.00430795 6.17976e-05 3.48017e-05 5.2678e-05 8.44635e-05 0.00017028 0.00046524 0.00152257 0.0019648 0.00212522 0.00504758 0.00774162 0.00665312 0.002109 0.000347707 0.00013503 0.000189541 0.000582591 0.00273455 0.00838067 0.00814817 0.00379951 0.00168106 0.00102097 0.00118517 0.000906711 0.000377717 0.000332886
0.0170835 0.00170174 0.00119684 0.00117262 0.00160109 0.00198395 0.00303502 0.00416011 0.00288169 0.00296553 0.00542574 0.00825217 0.00876615 0.00445184 0.00211309 0.00158514 0.00168976 0.00317866 0.00754906 0.0177504 0.0234395 0.0184166 0.012326 0.00876288 0.0089037 0.00596022 0.00390022 0.00728754
