0.00680292 0.00022382 0.000188338 0.000436746 0.000908082 0.00099009 0.00139328 0.00220814 0.0031501 0.00322796 0.00255096 0.00247365 0.0021126 0.00184209 0.00169751 0.000967926 0.000494472 0.000631861 0.00127349 0.00189807 0.00147308 0.000584366 0.000413889 0.000836622 0.00172761 0.00211328 0.00160778 0.00247351
0.00234242 1.94113e-05 1.7323e-05 4.78889e-05 0.000129296 0.000182097 0.000315305 0.0004506 0.000475083 0.000361332 0.000316249 0.000381184 0.000269713 0.000205277 0.000231976 0.000116372 7.22502e-05 0.000184977 0.000519621 0.000644734 0.00026976 5.7611e-05 6.40877e-05 0.000272816 0.000549097 0.000469925 0.000195333 0.000163018
0.00362766 5.56212e-05 3.91321e-05 0.000108544 0.000424149 0.00079164 0.001008 0.000725553 0.000460517 0.00041015 0.000814049 0.00129453 0.000751111 0.000492905 0.000487404 0.000317143 0.000466897 0.00240219 0.00569109 0.00348072 0.000756413 0.00019126 0.000443157 0.00216812 0.00150846 0.000443563 0.000184572 0.000111902
0.0030724 5.58124e-05 2.47538e-05 8.77237e-05 0.000716452 0.00196229 0.00180687 0.000667213 0.000293205 0.000335582 0.000965374 0.00190909 0.00202093 0.00130863 0.000544208 0.000261076 0.000775711 0.00751413 0.0134592 0.0049314 0.000869645 0.00028716 0.000910724 0.00261503 0.00102227 0.000238337 8.21391e-05 4.8821e-05
0.00291635 5.32949e-05 3.45066e-05 0.000259856 0.00332572 0.0107295 0.00733354 0.00205253 0.00168456 0.00291168 0.00746794 0.0229131 0.0342779 0.0104914 0.001449 0.000456295 0.00200265 0.0335188 0.0679296 0.0233507 0.00480209 0.0019523 0.00337843 0.00462668 0.0015589 0.0002794 5.58857e-05 3.35569e-05
0.00370394 8.40266e-05 5.647e-05 0.000563792 0.0126044 0.0425499 0.0196993 0.00522981 0.00626932 0.0281261 0.146403 0.350461 0.250781 0.0264809 0.00202023 0.00074219 0.00456187 0.12311 0.343574 0.205657 0.0709715 0.027084 0.0172401 0.0058944 0.00157589 0.000374836 9.90049e-05 6.94378e-05
0.00629224 0.00019472 0.000129896 0.00196323 0.0510593 0.0829101 0.0298779 0.0083466 0.0106124 0.1281 0.743809 0.855369 0.424648 0.0220357 0.00285803 0.00185797 0.0121267 0.355574 0.753255 0.768411 0.624977 0.269415 0.071534 0.00724321 0.00131755 0.000564626 0.000237887 0.000158581
0.00652381 0.000225477 0.000286376 0.00488717 0.0520543 0.0301491 0.00573377 0.0029683 0.00913189 0.235677 0.911832 0.93785 0.542675 0.0348999 0.00550406 0.00414332 0.03566 0.663326 0.927539 0.955434 0.942558 0.642677 0.0721766 0.00286237 0.000588965 0.000370452 0.000166107 0.000128346
0.00543427 0.000242019 0.000474478 0.00322104 0.00800483 0.00204764 0.000709417 0.0013056 0.0114951 0.404538 0.934624 0.932614 0.493053 0.0242685 0.0048551 0.00716602 0.0820528 0.726149 0.922899 0.974922 0.96374 0.484665 0.0202386 0.000751095 0.000214509 0.000163546 6.02203e-05 6.15954e-05
0.0131144 0.000709759 0.000597863 0.000839549 0.00087207 0.000288241 0.000340163 0.00285631 0.0704113 0.755228 0.951928 0.890932 0.216346 0.00804792 0.00490017 0.0231687 0.281462 0.805481 0.913373 0.966458 0.922028 0.185051 0.00454824 0.000288808 7.78851e-05 5.24238e-05 1.9654e-05 3.65104e-05
0.0327501 0.00161246 0.000390649 0.000196398 0.000353247 0.000296912 0.000890585 0.0234131 0.48239 0.948371 0.974432 0.830229 0.136013 0.0165542 0.039248 0.236949 0.75099 0.949765 0.969379 0.97282 0.827339 0.0522809 0.00160766 0.000166708 3.54176e-05 2.5751e-05 1.13926e-05 2.92077e-05
0.0243309 0.00109619 0.000300117 0.000257282 0.000603113 0.000712312 0.00517319 0.16409 0.824924 0.976246 0.980786 0.874428 0.338152 0.167651 0.496992 0.773715 0.872246 0.954353 0.963167 0.910829 0.333504 0.00547815 0.000417779 9.78047e-05 2.06617e-05 1.74653e-05 8.77571e-06 2.0921e-05
0.00875476 0.000399605 0.00034892 0.000757452 0.00206655 0.00312549 0.0348564 0.522929 0.904592 0.965128 0.971577 0.932266 0.789463 0.764719 0.908586 0.929281 0.901586 0.949104 0.959658 0.717299 0.0424516 0.000637355 9.54433e-05 5.82685e-05 2.27601e-05 1.82749e-05 1.03814e-05 1.93508e-05
0.00413664 0.000168965 0.000467759 0.00207006 0.00396611 0.00774808 0.175316 0.818469 0.902487 0.911459 0.950968 0.954915 0.901998 0.877266 0.93535 0.952051 0.920559 0.947267 0.95151 0.531257 0.012704 0.000233348 5.9572e-05 6.3661e-05 5.40907e-05 5.29657e-05 3.32943e-05 3.34492e-05
0.00332923 0.000172796 0.000635111 0.00268871 0.00486145 0.018602 0.507252 0.9248 0.913619 0.905172 0.966019 0.975886 0.944535 0.940191 0.969782 0.979561 0.959043 0.962892 0.936945 0.376477 0.0105893 0.000338451 0.000116884 0.000173084 0.000185967 0.00017048 9.83804e-05 5.78721e-05
0.00285934 0.000154772 0.000515114 0.00223974 0.00593349 0.0325016 0.689076 0.960319 0.954282 0.958768 0.983343 0.982177 0.950388 0.953088 0.980641 0.9897 0.980126 0.97951 0.945219 0.441808 0.0217293 0.00107248 0.000444923 0.000591078 0.000480516 0.000255995 8.8606e-05 4.74659e-05
0.00329134 0.000155892 0.000291775 0.00141355 0.00512557 0.033439 0.449151 0.866243 0.900914 0.894962 0.901544 0.831174 0.671525 0.640226 0.854585 0.9667 0.976345 0.977599 0.926357 0.435372 0.0338506 0.00328285 0.00157389 0.00134382 0.000629519 0.000185125 4.3629e-05 2.9379e-05
0.00361803 0.000206719 0.000613582 0.00376554 0.00697739 0.015729 0.0753005 0.207979 0.319587 0.299619 0.249335 0.122534 0.0353388 0.0255375 0.236161 0.896146 0.976746 0.982527 0.941696 0.592812 0.0702161 0.00694326 0.00236186 0.00134419 0.000382694 8.67299e-05 2.64752e-05 2.54655e-05
0.00415183 0.000361804 0.00167002 0.00716607 0.00592287 0.00401274 0.0107115 0.024968 0.0323858 0.0377752 0.029138 0.00582324 0.00132231 0.00224061 0.0680239 0.81288 0.963556 0.972259 0.933395 0.582913 0.0586398 0.00437637 0.00131282 0.000662061 0.000158572 4.47049e-05 2.13107e-05 2.75517e-05
0.00385642 0.000225251 0.000416799 0.000915698 0.00143665 0.00219255 0.00668213 0.0152411 0.0225602 0.0230425 0.00786084 0.00107979 0.000656978 0.00467986 0.127463 0.714981 0.881804 0.894214 0.792961 0.271813 0.0168389 0.00143766 0.000570196 0.000489088 0.00015358 4.86044e-05 2.39947e-05 3.00705e-05
0.0028926 4.43326e-05 2.94989e-05 0.000104286 0.000550579 0.00321132 0.0146485 0.0309793 0.0428567 0.0184861 0.00299052 0.000849429 0.00250376 0.0362221 0.336644 0.700835 0.792614 0.825913 0.684972 0.17145 0.0120471 0.00124722 0.00051488 0.000547801 0.000230798 7.30411e-05 2.53891e-05 3.15867e-05
0.00176863 1.42592e-05 7.01687e-06 4.93752e-05 0.000763631 0.00725046 0.0253913 0.0284539 0.0233038 0.00638405 0.00120751 0.0012648 0.0138345 0.207558 0.602796 0.779149 0.796436 0.817767 0.700068 0.176121 0.013499 0.000990881 0.00033034 0.000309622 9.04502e-05 3.2353e-05 1.34763e-05 2.98217e-05
0.00134196 1.1636e-05 1.37118e-05 0.000143209 0.00162153 0.0105576 0.0203598 0.0117479 0.00737008 0.00219875 0.00122415 0.00405065 0.0536878 0.565997 0.855888 0.8968 0.845003 0.779174 0.627816 0.131257 0.00786927 0.000397643 0.000129684 0.00010795 2.29744e-05 1.28361e-05 8.97901e-06 3.00558e-05
0.00253813 3.57969e-05 3.34872e-05 0.000255481 0.0037236 0.027075 0.0258835 0.00764447 0.00338922 0.00110045 0.00134914 0.00827109 0.155184 0.852217 0.954512 0.956615 0.908729 0.832132 0.703692 0.160604 0.00707391 0.000349341 0.000114959 7.92717e-05 1.60696e-05 1.05763e-05 1.14101e-05 3.44923e-05
0.00542623 5.26819e-05 2.13963e-05 0.000192961 0.00523166 0.0283065 0.0128915 0.00186045 0.000617194 0.000276538 0.000622883 0.00717203 0.131205 0.802938 0.94174 0.933986 0.855051 0.718556 0.520125 0.075096 0.00296591 0.00020163 6.64903e-05 4.33105e-05 1.19938e-05 9.1008e-06 1.18054e-05 2.63365e-05
0.00389536 2.21957e-05 9.2473e-06 0.000105863 0.00160481 0.00294133 0.00111462 0.00024258 0.000108372 9.6266e-05 0.000331861 0.00299133 0.0337661 0.28859 0.654671 0.63877 0.354419 0.120763 0.0287633 0.00328297 0.000309747 7.01165e-05 3.31234e-05 2.97958e-05 1.95223e-05 1.38102e-05 1.03633e-05 1.42717e-05
0.00323404 3.99278e-05 4.07125e-05 0.000235588 0.000849094 0.000840986 0.000450029 0.000231796 0.00018274 0.000246794 0.000551255 0.00188926 0.00688852 0.0294546 0.0924471 0.0881888 0.0373313 0.00765961 0.00215342 0.000609907 0.000264191 0.000177726 0.000108876 0.000127143 0.000163492 0.000102524 3.0357e-05 3.7339e-05
0.0149538 0.00133766 0.00181196 0.0029482 0.00307341 0.00284599 0.00246997 0.00215127 0.0025278 0.00294697 0.00423511 0.00608471 0.00878517 0.0174882 0.0305566 0.0262314 0.0155241 0.00679408 0.00375351 0.00250436 0.0026247 0.0030689 0.0020338 0.00231011 0.00415805 0.00307716 0.00136061 0.00231095
