0.00759061 0.000384913 0.000442566 0.00094793 0.00148574 0.00113093 0.00138911 0.0033842 0.00687327 0.00755753 0.00457526 0.00217443 0.00131345 0.00164775 0.00252265 0.00231469 0.00143423 0.00112628 0.00274004 0.00417606 0.00133515 0.000398219 0.000411618 0.000730635 0.00148429 0.00210796 0.00132494 0.0017135
0.00253477 3.42772e-05 3.41772e-05 7.22741e-05 0.000128773 9.11416e-05 0.00015799 0.000621728 0.00116613 0.000950984 0.000472435 0.000189946 0.000120353 0.000207083 0.000397066 0.000367392 0.000236684 0.000272467 0.00107284 0.00124506 0.000202559 4.55791e-05 4.33664e-05 0.000114091 0.000445496 0.000589571 0.000126732 7.24006e-05
0.00402903 7.81406e-05 3.80383e-05 5.49665e-05 0.000102059 9.42959e-05 0.000274295 0.00131944 0.00177905 0.00105712 0.000586838 0.000310996 0.000302299 0.000561259 0.000809044 0.000918019 0.00107017 0.00211156 0.00511734 0.00242731 0.000442319 0.000142055 0.00015102 0.000616469 0.00185641 0.000690088 9.64772e-05 4.56748e-05
0.00550786 0.000115334 3.30133e-05 4.03049e-05 7.66507e-05 7.5842e-05 0.000262691 0.00141969 0.00230083 0.00152108 0.000685812 0.000343913 0.000434429 0.000588381 0.000591871 0.00120884 0.00310621 0.0064661 0.00474282 0.00087053 0.000229861 0.000140333 0.000218754 0.000875762 0.00121688 0.000193329 4.43687e-05 3.97815e-05
0.00861955 0.000187751 7.85025e-05 0.000109202 0.000175007 0.000175422 0.000678857 0.0059386 0.0224389 0.019147 0.00527207 0.00186352 0.00220167 0.00215223 0.0019119 0.00506271 0.0132895 0.0149339 0.00577801 0.00111954 0.000591337 0.000841948 0.00166805 0.0035121 0.00175384 0.000221723 7.8046e-05 7.29809e-05
0.0059862 0.000121386 6.34544e-05 0.000105249 0.000183242 0.000257528 0.00106801 0.0120197 0.109957 0.177613 0.0707221 0.020572 0.00960585 0.00447346 0.00471941 0.012861 0.0297563 0.0344471 0.0183441 0.00906629 0.00813379 0.0153852 0.028558 0.0214859 0.00430648 0.000436024 0.000189871 0.000145192
0.00364084 5.42174e-05 3.40212e-05 7.50768e-05 0.000232924 0.00053861 0.00219722 0.0219749 0.142541 0.310713 0.301369 0.0947647 0.025626 0.0103471 0.0173242 0.0556936 0.0828721 0.0965011 0.127538 0.143436 0.136868 0.293101 0.349803 0.0999136 0.0105356 0.000721282 0.000208037 0.000123523
0.00216844 2.1755e-05 1.55188e-05 6.3236e-05 0.00053877 0.00325158 0.0162215 0.0797506 0.132865 0.140375 0.193804 0.10585 0.0517089 0.0404758 0.0695459 0.0974451 0.0557886 0.0441817 0.0621442 0.142227 0.415731 0.822069 0.788375 0.21131 0.0117805 0.000481342 6.73776e-05 5.64442e-05
0.00175086 1.56242e-05 1.32662e-05 0.000118064 0.00156741 0.0173333 0.0862568 0.125341 0.0775601 0.0367415 0.0426166 0.0701153 0.0970329 0.102887 0.0674047 0.0187112 0.00603865 0.00393821 0.0065963 0.0741167 0.639128 0.923056 0.743559 0.0693216 0.00230419 0.000110698 1.12182e-05 2.21411e-05
0.0017752 1.99445e-05 2.04056e-05 0.00028682 0.00459527 0.0363841 0.0970112 0.0692205 0.0297244 0.013209 0.0155028 0.0564731 0.141732 0.0955968 0.0190396 0.0021976 0.000806304 0.00171212 0.0161373 0.310508 0.879304 0.895124 0.256272 0.00403245 0.000138512 2.26678e-05 2.71795e-06 1.16853e-05
0.00249591 4.29526e-05 5.50206e-05 0.000795527 0.00763424 0.0303997 0.0346507 0.0208333 0.0172913 0.0100261 0.0165801 0.129353 0.269926 0.0659163 0.00583382 0.00069768 0.000665374 0.0094612 0.201721 0.793189 0.91135 0.58968 0.0248515 0.000277419 1.66516e-05 7.98019e-06 1.76536e-06 1.09877e-05
0.00264791 6.04765e-05 0.000135597 0.00226061 0.0108238 0.0231511 0.0180435 0.00719776 0.00351335 0.00320583 0.0317777 0.465012 0.521574 0.0633673 0.00434869 0.00125895 0.00429045 0.0967752 0.642011 0.859704 0.737076 0.152717 0.00411085 8.56379e-05 1.00414e-05 7.60445e-06 2.8541e-06 1.60378e-05
0.00207833 7.06549e-05 0.000223157 0.00354418 0.0134636 0.0198419 0.0131929 0.00275378 0.000900781 0.00313115 0.147715 0.788307 0.52175 0.0318327 0.0055685 0.00748788 0.0517758 0.523814 0.805119 0.717226 0.350908 0.0280641 0.0012703 7.73218e-05 1.23462e-05 1.11021e-05 5.56352e-06 2.4117e-05
0.00260896 9.82978e-05 0.000227229 0.00207155 0.00680728 0.00918644 0.00746949 0.00227193 0.00131931 0.0152435 0.541503 0.866682 0.377704 0.03729 0.0253152 0.0982108 0.55045 0.85718 0.744728 0.286745 0.0546805 0.0036737 0.000292999 5.00113e-05 1.09358e-05 1.14321e-05 6.21423e-06 2.36437e-05
0.0037415 0.000108121 0.000123602 0.00076372 0.00366902 0.00598887 0.00524436 0.00281649 0.00376896 0.0843296 0.844059 0.914334 0.515063 0.164008 0.201362 0.653102 0.910803 0.843851 0.37345 0.0436192 0.00679353 0.000590493 7.37683e-05 2.82792e-05 9.84262e-06 1.01565e-05 5.50559e-06 1.7903e-05
0.00364421 8.80336e-05 7.13656e-05 0.000510495 0.00488484 0.00992009 0.00636203 0.00410845 0.0130407 0.270883 0.921733 0.945684 0.69909 0.457803 0.631709 0.877931 0.856723 0.364761 0.0431002 0.00573544 0.00108337 0.000115028 3.0719e-05 2.72992e-05 1.49604e-05 1.51438e-05 1.12109e-05 2.13689e-05
0.00295279 6.13219e-05 5.41754e-05 0.000633596 0.0104003 0.0166669 0.00858229 0.00699928 0.0215864 0.259786 0.750573 0.627766 0.274254 0.322556 0.687693 0.860021 0.558044 0.0577176 0.00871406 0.00156017 0.000264403 4.48353e-05 2.43233e-05 4.32451e-05 4.78592e-05 5.3868e-05 4.24758e-05 5.12307e-05
0.0029761 6.30142e-05 5.6199e-05 0.000542663 0.00575345 0.00677722 0.00530401 0.00751813 0.0158939 0.0709391 0.0957225 0.0328218 0.0251237 0.0956162 0.597961 0.793224 0.303714 0.0230829 0.00457558 0.000841624 0.000112594 3.57868e-05 3.98957e-05 0.000105487 0.000155274 0.000183813 0.000208822 0.000172824
0.00297548 6.56703e-05 6.30356e-05 0.000377625 0.00152367 0.00252178 0.00343576 0.00538622 0.00553411 0.00523373 0.00467072 0.00470146 0.0219207 0.305155 0.792034 0.66093 0.10389 0.00636386 0.00161129 0.000370512 7.81837e-05 5.35259e-05 0.00010406 0.000320463 0.000405685 0.000513263 0.0006477 0.000321555
0.00243254 4.60467e-05 6.80459e-05 0.00050975 0.00160689 0.00350868 0.0042283 0.00215399 0.00109411 0.000894275 0.00203159 0.0107211 0.203573 0.843529 0.837646 0.25321 0.0118777 0.000869316 0.000296864 0.000121097 6.23052e-05 9.49708e-05 0.000230237 0.000721484 0.000863016 0.000655532 0.000343738 0.00013628
0.00219892 4.67094e-05 9.08648e-05 0.000873957 0.00320334 0.00524744 0.00380484 0.000815412 0.000582642 0.0015802 0.0109061 0.203937 0.802211 0.923086 0.69094 0.0403013 0.00198122 0.000283168 9.67681e-05 6.75607e-05 6.84456e-05 0.000156219 0.000351901 0.00101498 0.00124716 0.000433829 8.33968e-05 4.05729e-05
0.00173143 3.47219e-05 6.84692e-05 0.000823333 0.00408171 0.00514783 0.00214425 0.000602073 0.00180242 0.0203799 0.194777 0.768279 0.889365 0.772781 0.212267 0.00560986 0.000699895 0.000242474 9.50199e-05 7.8779e-05 0.000110057 0.000274481 0.000545932 0.00135906 0.00128641 0.000249646 4.45356e-05 3.23143e-05
0.00144087 2.73006e-05 3.99222e-05 0.000586288 0.00470666 0.00448717 0.00205038 0.00159665 0.00895481 0.150596 0.52254 0.657841 0.446362 0.120627 0.0178045 0.00154165 0.000534213 0.000361054 0.00015962 0.000110591 0.000154794 0.000359121 0.000720714 0.00160967 0.000826109 0.00013714 5.0344e-05 5.53898e-05
0.00244319 5.38975e-05 5.37634e-05 0.000457496 0.00323241 0.0028002 0.00201816 0.00416766 0.0233669 0.157326 0.196721 0.0912402 0.0294257 0.00879663 0.00318783 0.000887155 0.000573235 0.000401276 0.000164514 0.000100478 0.00013349 0.000373084 0.00111773 0.00259483 0.000771627 0.000104617 6.42657e-05 7.81675e-05
0.00507449 7.06053e-05 4.45474e-05 0.000174136 0.000749619 0.000952366 0.00156432 0.0045388 0.0112872 0.0170363 0.00690198 0.00254266 0.00178835 0.00126283 0.000888804 0.000474659 0.000239725 0.000106023 5.1523e-05 3.71272e-05 6.06099e-05 0.000314672 0.00155391 0.00269942 0.000629086 9.37378e-05 5.83325e-05 6.92051e-05
0.00646147 7.17608e-05 2.54697e-05 5.98926e-05 0.000173674 0.00026525 0.000613856 0.00117652 0.00151388 0.00109277 0.000281956 0.000126057 0.000127404 0.000125437 0.000161817 0.000142992 6.6406e-05 2.82017e-05 1.17092e-05 9.54105e-06 2.71015e-05 0.000175343 0.000770479 0.000822624 0.000204956 4.50446e-05 2.97691e-05 4.33414e-05
0.00870829 0.000185118 9.13157e-05 0.000143503 0.000259736 0.000346682 0.0005362 0.000751676 0.00103508 0.000792385 0.000303299 0.000162288 0.000127761 0.000121481 0.000188705 0.000203916 0.000138188 6.83738e-05 2.4734e-05 2.20715e-05 7.70166e-05 0.000306206 0.000602747 0.000497127 0.000225696 8.3307e-05 4.23262e-05 9.21383e-05
0.0257592 0.00304231 0.00246296 0.00233329 0.00258939 0.00275113 0.00278745 0.0032585 0.00393097 0.00353641 0.00288294 0.00234552 0.0018131 0.00179648 0.00208712 0.00212567 0.00220875 0.00163327 0.00105266 0.000978833 0.00178504 0.00303835 0.00301262 0.00255286 0.0026723 0.00180881 0.00133521 0.00362207
