0.00809759 0.000259397 0.000141612 0.000351125 0.000788402 0.000629264 0.000520287 0.000700809 0.00117767 0.0022903 0.00234823 0.00198489 0.00190389 0.00194366 0.00152905 0.00112851 0.00227511 0.00428382 0.0051805 0.00278697 0.00209218 0.00255355 0.00154905 0.000752739 0.000498717 0.000468175 0.000866347 0.00335682
0.0024722 1.86677e-05 1.46251e-05 4.88781e-05 9.63851e-05 4.69423e-05 3.65876e-05 6.37194e-05 0.000148842 0.000375398 0.000284223 0.000235406 0.000368805 0.000614331 0.000535017 0.000397123 0.0011208 0.00255217 0.00253249 0.00104228 0.000899482 0.000871947 0.000228478 5.87041e-05 3.04055e-05 2.79586e-05 4.45112e-05 0.000214237
0.00368357 6.08859e-05 5.56412e-05 0.000145345 0.000152657 5.29897e-05 4.6116e-05 0.000109066 0.000354839 0.000715177 0.000430187 0.000476279 0.00110513 0.00251939 0.0036315 0.00344399 0.0122442 0.0423132 0.0311792 0.0086264 0.0051526 0.00190794 0.000238832 5.57098e-05 2.2179e-05 2.11473e-05 2.69452e-05 0.000115497
0.00334296 8.59396e-05 0.000133098 0.000373714 0.000281203 8.01478e-05 5.56327e-05 9.0993e-05 0.000269696 0.000437096 0.000293448 0.000590229 0.0018689 0.00413057 0.00524001 0.0119328 0.15837 0.594086 0.356305 0.0462874 0.00865187 0.000881909 0.000127824 5.55993e-05 1.80246e-05 1.35431e-05 9.46628e-06 4.12784e-05
0.00297998 0.000134597 0.000484741 0.00166339 0.0010918 0.000252911 0.00015628 0.000199498 0.000443583 0.000828619 0.000861725 0.00260398 0.00890328 0.00972131 0.00825284 0.0471074 0.683608 0.957335 0.802015 0.122821 0.0128702 0.00110098 0.000331333 0.00022119 3.48032e-05 1.1035e-05 4.56536e-06 2.01756e-05
0.00548752 0.000331694 0.000991216 0.00198416 0.0015103 0.000588738 0.000511385 0.000598948 0.000652661 0.000760256 0.00107905 0.00314738 0.00698206 0.00454013 0.00315527 0.0361046 0.742117 0.956264 0.733525 0.0844969 0.00808854 0.00103908 0.000461188 0.000276172 4.73e-05 1.52227e-05 6.39793e-06 2.33254e-05
0.0116723 0.00080116 0.00104711 0.00122669 0.00151 0.00128079 0.0013611 0.00112469 0.000770402 0.000651614 0.00092174 0.00167973 0.00168415 0.000736197 0.00102074 0.031338 0.722166 0.94005 0.669262 0.0588884 0.00670537 0.0013609 0.000554053 0.000315784 7.91147e-05 3.3236e-05 1.52362e-05 4.36596e-05
0.0156465 0.00090816 0.000461669 0.000405823 0.000711365 0.000713885 0.000672499 0.000569397 0.00058715 0.000838728 0.00119165 0.001364 0.000813017 0.000359583 0.00105144 0.0519039 0.816119 0.947771 0.654231 0.0510129 0.00659029 0.00186023 0.000574224 0.000286213 7.7782e-05 2.744e-05 1.80575e-05 5.89264e-05
0.0133868 0.00041651 0.000141076 0.000127192 0.000256567 0.00022913 0.000173181 0.000226544 0.000516677 0.00146482 0.0022293 0.00188161 0.00147503 0.000954202 0.00306532 0.182872 0.927163 0.941224 0.484086 0.0302635 0.00664575 0.00274956 0.000930388 0.000436004 0.000103813 2.74826e-05 2.1335e-05 6.30243e-05
0.00644898 9.99733e-05 2.70186e-05 3.34168e-05 8.77542e-05 8.54243e-05 6.72411e-05 0.000108084 0.000307758 0.00111509 0.00222996 0.00235126 0.00206342 0.00243764 0.0198486 0.60321 0.956571 0.875797 0.252931 0.0194304 0.00888528 0.00939011 0.00849719 0.00530472 0.000753724 9.02587e-05 6.69241e-05 0.000109338
0.00267101 2.29907e-05 7.59943e-06 1.79762e-05 5.93293e-05 6.45884e-05 7.29025e-05 0.000109278 0.000202897 0.000622736 0.00224757 0.00342948 0.00480671 0.0191606 0.190288 0.900877 0.963959 0.671434 0.106483 0.014498 0.00813973 0.020492 0.0450379 0.0337281 0.00398709 0.000294238 0.000180533 0.000162893
0.00177838 1.22639e-05 5.97829e-06 2.41472e-05 0.000103355 0.000147207 0.000212292 0.000265847 0.000396291 0.00102245 0.00329549 0.00745987 0.0227067 0.193625 0.749448 0.964749 0.933205 0.289777 0.0271776 0.00550181 0.00377112 0.0169715 0.0489655 0.0288368 0.00250226 0.000173608 0.000106665 0.000100264
0.0016774 1.26685e-05 8.89429e-06 5.55117e-05 0.000284916 0.000522578 0.000733549 0.000733434 0.00129128 0.00247565 0.00451074 0.0142334 0.089386 0.678964 0.951955 0.973725 0.795182 0.0475031 0.00416785 0.00147641 0.00156983 0.00751578 0.0156967 0.00748555 0.000767013 6.81038e-05 4.47295e-05 5.16211e-05
0.0016756 1.48355e-05 1.50181e-05 0.00013031 0.000964633 0.00217643 0.00208482 0.00133945 0.00290403 0.00498317 0.00502043 0.0191179 0.192777 0.856409 0.974924 0.956039 0.388561 0.00521306 0.000574981 0.000369761 0.000958622 0.00583933 0.00765742 0.00344485 0.000624032 0.000107383 6.80992e-05 5.30144e-05
0.00196807 2.43165e-05 2.78279e-05 0.00022674 0.00230168 0.00509052 0.00329567 0.00172077 0.00357761 0.00475132 0.00465085 0.0265534 0.274008 0.919754 0.985229 0.919547 0.108237 0.0010755 0.0002057 0.000366936 0.0023146 0.0129695 0.0111877 0.00482606 0.00134384 0.000384762 0.000215834 9.28087e-05
0.00516439 0.000104935 6.84939e-05 0.000222028 0.0026133 0.00704358 0.00370538 0.00168314 0.00235258 0.00226128 0.00269483 0.0248791 0.401602 0.957739 0.990597 0.914949 0.0683708 0.00105027 0.000363542 0.000880178 0.00440829 0.0119818 0.00803959 0.00467147 0.0026232 0.00103491 0.000323809 9.69227e-05
0.0123776 0.000298065 0.000119995 0.000218333 0.00215875 0.00728846 0.00298545 0.000882383 0.000912088 0.0008188 0.00176003 0.0331043 0.547063 0.963114 0.985698 0.850222 0.0679075 0.00232666 0.00111036 0.00240163 0.00563029 0.00813651 0.00561248 0.00399527 0.00221238 0.000751808 0.000173887 5.31006e-05
0.0151457 0.000408923 0.000129272 0.000331732 0.00412986 0.0114567 0.00362018 0.000878806 0.000757742 0.00116834 0.00528529 0.0944443 0.705729 0.946254 0.964717 0.766187 0.0965301 0.00877717 0.00853466 0.0275824 0.0316205 0.0172947 0.00690035 0.00386091 0.00187551 0.000521617 0.000119019 4.22434e-05
0.0120002 0.000384353 0.000147691 0.00088004 0.0113099 0.0164515 0.00463687 0.00131818 0.00167916 0.00534856 0.0346327 0.339941 0.834301 0.925397 0.897332 0.48059 0.0712179 0.0331257 0.0594336 0.15498 0.115356 0.0250941 0.00740364 0.0038744 0.00139336 0.000325216 0.00010318 5.9886e-05
0.0065235 0.000223453 0.0002743 0.00353238 0.0143693 0.00592314 0.00244856 0.00121551 0.00180537 0.0109896 0.165408 0.747225 0.883009 0.881553 0.671916 0.124991 0.0272825 0.0287265 0.0649011 0.102007 0.0353581 0.00571475 0.00330713 0.00286169 0.000732485 0.000182427 0.000121566 0.000101863
0.00408051 0.000253397 0.000703836 0.00587651 0.00689603 0.00154544 0.00124979 0.000854311 0.00158662 0.0316978 0.590368 0.952519 0.94466 0.881311 0.482433 0.0395633 0.01463 0.0173989 0.0253952 0.0212648 0.00481229 0.00139751 0.0018317 0.00223372 0.000652832 0.000236046 0.00019248 0.000135556
0.00277912 0.000165169 0.000610604 0.00411729 0.0033523 0.000937091 0.000909901 0.000676615 0.00221445 0.0646224 0.814411 0.981941 0.968842 0.931214 0.559861 0.0456514 0.0145557 0.010699 0.0099396 0.0106514 0.00408138 0.00182813 0.00169556 0.00115189 0.000587359 0.0004252 0.000280376 0.000127504
0.00238222 9.54296e-05 0.000165845 0.000981704 0.00172684 0.000709636 0.000461358 0.00044764 0.00222534 0.0412021 0.460568 0.848602 0.836191 0.8072 0.51246 0.0668797 0.0162866 0.00675867 0.00517129 0.012468 0.00988563 0.00431133 0.00210937 0.00104122 0.00112885 0.00108468 0.000344583 0.000103434
0.00200016 4.4642e-05 3.23327e-05 0.000164863 0.000681586 0.000518013 0.000335417 0.000442864 0.00145231 0.00590764 0.0246673 0.0818527 0.146994 0.237827 0.177375 0.0289059 0.00575356 0.00267509 0.00351509 0.0199922 0.0291354 0.0139463 0.00648853 0.00470288 0.00816046 0.00601303 0.00101127 0.000175778
0.00192685 1.20875e-05 5.49815e-06 3.46041e-05 0.000232103 0.000310786 0.000234025 0.000272581 0.000347349 0.000294506 0.000453813 0.00124077 0.00382808 0.01008 0.00790624 0.00163166 0.000514155 0.000574567 0.00266163 0.0247458 0.0393134 0.0174835 0.0102541 0.0176203 0.053209 0.0385082 0.00524049 0.000427957
0.00154166 5.06013e-06 1.60538e-06 9.0135e-06 5.40524e-05 8.1285e-05 8.64686e-05 8.21518e-05 5.74064e-05 3.20464e-05 2.81444e-05 6.30275e-05 0.000213744 0.000508642 0.000407636 0.000121374 4.67483e-05 8.00484e-05 0.000905439 0.00853305 0.0104077 0.00451036 0.00265153 0.00693044 0.0332065 0.0195237 0.00207871 0.000237492
0.00229963 1.52518e-05 1.07773e-05 3.5444e-05 8.56259e-05 0.000104493 0.000167196 0.000190291 9.23317e-05 5.62246e-05 5.92705e-05 0.000109835 0.000295795 0.000525538 0.000413551 0.000157561 4.74807e-05 6.74144e-05 0.000686847 0.0037001 0.00311511 0.00143584 0.000864318 0.00173051 0.00529022 0.00245827 0.00030995 0.000166282
0.0141606 0.00103157 0.00122931 0.00162776 0.00141634 0.00138898 0.00196247 0.00240408 0.00184838 0.00152022 0.00168857 0.00214994 0.00280628 0.00346266 0.00371696 0.00215937 0.00113423 0.00136881 0.00332659 0.00586044 0.00577983 0.00391148 0.00303974 0.00402186 0.00667978 0.00427654 0.00189717 0.0033074
