0.0100135 0.000693655 0.000712001 0.00111559 0.00119414 0.000601418 0.000464152 0.000545559 0.000785843 0.000720706 0.000452924 0.000716995 0.00196284 0.00293257 0.00135062 0.00062748 0.00058721 0.000632536 0.000636381 0.000548507 0.000607817 0.000641526 0.000738849 0.000957573 0.00120013 0.00124215 0.000855858 0.00188134
0.00388273 9.81656e-05 0.000138396 0.000247317 0.000204727 7.40998e-05 5.16313e-05 5.48436e-05 7.65207e-05 5.46826e-05 2.91918e-05 5.31292e-05 0.00017013 0.000276701 0.0001299 7.54397e-05 8.79533e-05 0.000124592 0.000131827 0.000111807 0.000151213 0.000156816 0.000164007 0.000202965 0.000240373 0.000193376 5.28192e-05 9.79836e-05
0.00778032 0.00045098 0.00051721 0.000547983 0.000418126 0.000143123 9.15248e-05 7.55601e-05 6.79588e-05 4.65461e-05 5.06609e-05 0.000116797 0.000269109 0.000426671 0.000286149 0.000263803 0.000348176 0.000563872 0.000520669 0.000447183 0.000595581 0.0004731 0.000384255 0.000389724 0.000250022 0.000106508 3.01511e-05 6.60599e-05
0.0114063 0.000654749 0.000264142 0.000164988 0.00031194 0.000200985 0.000116854 6.80459e-05 4.19932e-05 2.96778e-05 4.18269e-05 7.94219e-05 0.000138143 0.00017457 0.000127004 0.000125371 0.00016767 0.000404934 0.000526985 0.000565337 0.000614304 0.000402199 0.000360353 0.000334715 9.80493e-05 2.95531e-05 1.19757e-05 4.10162e-05
0.018077 0.000756996 0.000252936 0.00023918 0.000920256 0.000991185 0.000510878 0.000237996 0.000173888 0.000159087 0.000209915 0.000319252 0.000437699 0.000313749 0.000155794 0.000149964 0.000300063 0.00117387 0.00281998 0.0026626 0.00141319 0.000813671 0.000809125 0.000628429 8.77286e-05 2.33849e-05 9.97337e-06 3.70088e-05
0.0135321 0.00066007 0.000513155 0.00110299 0.00348136 0.00216824 0.00100734 0.000780208 0.00107571 0.00212794 0.00412924 0.00469948 0.00272958 0.000610665 0.000181185 0.000142492 0.000256432 0.000932746 0.00278268 0.00197099 0.000659658 0.000325118 0.000299872 0.000226777 3.15618e-05 1.36427e-05 8.05658e-06 3.57202e-05
0.00849423 0.00079918 0.00211333 0.00547495 0.00833945 0.00291654 0.00329894 0.00613911 0.0165162 0.0620771 0.0909041 0.0704829 0.0222828 0.00193235 0.000462798 0.000326984 0.00052982 0.00211008 0.00456038 0.0020981 0.000533706 0.000183124 0.000111997 9.42541e-05 2.09894e-05 1.23102e-05 7.80381e-06 2.93108e-05
0.0101697 0.00120044 0.00376069 0.00587301 0.0049402 0.00198684 0.00422913 0.0256273 0.226084 0.745461 0.800331 0.728708 0.460609 0.0662468 0.0185307 0.0177801 0.0347242 0.10184 0.111162 0.0232097 0.00374995 0.000586754 0.000198019 0.000155076 4.52585e-05 2.31382e-05 1.54582e-05 3.32758e-05
0.014052 0.00124032 0.00170813 0.00177482 0.00196673 0.000959868 0.0026148 0.0434774 0.510525 0.928968 0.954638 0.948637 0.934504 0.775447 0.649908 0.730765 0.817875 0.885026 0.738958 0.181649 0.0242599 0.00235488 0.000607005 0.000384121 9.97114e-05 3.86025e-05 2.50473e-05 4.09144e-05
0.00878548 0.000409598 0.000451316 0.000827869 0.00142379 0.0009707 0.00338323 0.0814924 0.716315 0.93682 0.934361 0.904002 0.900799 0.873376 0.869905 0.930015 0.95336 0.972537 0.902473 0.304854 0.0365064 0.00370603 0.00115764 0.000766854 0.000253568 0.000104379 7.06563e-05 7.42263e-05
0.00468274 0.000185313 0.000226669 0.000614861 0.00145748 0.00115713 0.00401748 0.134501 0.76213 0.894964 0.798105 0.467592 0.29518 0.270443 0.33347 0.517482 0.741346 0.922765 0.873483 0.255523 0.020729 0.00278624 0.00140075 0.00148495 0.000724069 0.000405897 0.000293982 0.000185685
0.00422589 0.000172649 0.000165973 0.000391828 0.000943993 0.000812229 0.00632383 0.265043 0.72386 0.64142 0.208224 0.0234219 0.00985482 0.0103098 0.0131048 0.0364851 0.291423 0.856877 0.884777 0.326881 0.0146333 0.00123126 0.000629965 0.00100432 0.000655913 0.000347392 0.00021267 0.000155568
0.00621869 0.000219329 0.000196744 0.000472444 0.000986976 0.00132747 0.0169277 0.422915 0.600451 0.195412 0.0133111 0.000947472 0.000635367 0.00114005 0.00242773 0.0130914 0.216071 0.900949 0.935848 0.33006 0.00823156 0.00040579 0.00024172 0.000585726 0.000401825 0.000149879 6.90302e-05 6.40408e-05
0.00367313 0.000122042 0.00025695 0.00148593 0.00299226 0.00290165 0.0253324 0.288718 0.27051 0.046642 0.00222946 0.000205006 0.000255224 0.000609933 0.00156312 0.0112576 0.242173 0.926672 0.927336 0.174688 0.00339391 0.000283191 0.000316214 0.00100533 0.000510934 0.000130414 6.07085e-05 5.72591e-05
0.00222546 0.000113826 0.000609038 0.00618187 0.0103336 0.00535217 0.0140192 0.0620825 0.0560016 0.0110338 0.00113491 0.000227818 0.000249757 0.000518752 0.00165577 0.0159501 0.33614 0.936879 0.869931 0.0630694 0.00196036 0.000450032 0.000702367 0.0017431 0.000645846 0.000154469 9.32472e-05 8.32951e-05
0.00487861 0.00060341 0.00570799 0.0322998 0.023823 0.00588128 0.00465945 0.00756818 0.00501655 0.00150502 0.00068117 0.0005133 0.000728368 0.00144187 0.00322236 0.0226012 0.485886 0.946528 0.743119 0.0227751 0.00122743 0.000449416 0.000578229 0.00107894 0.000396079 0.000116689 7.38374e-05 6.45548e-05
0.0159427 0.0033329 0.0190288 0.0349776 0.0147565 0.0023834 0.00161238 0.00185731 0.00107002 0.000803449 0.000913223 0.00146874 0.00311195 0.00423074 0.00585022 0.041618 0.678508 0.954281 0.607142 0.01096 0.000798216 0.000288449 0.000244513 0.000459198 0.000277682 0.000111768 5.74573e-05 4.64409e-05
0.0178526 0.00267464 0.00623118 0.00541589 0.00210885 0.000575136 0.00078387 0.00135417 0.00107092 0.00122017 0.00130074 0.00180123 0.00478272 0.00679792 0.0119247 0.115269 0.814813 0.946205 0.467421 0.00676847 0.000525106 0.000197571 0.000191441 0.000574378 0.000556504 0.000262375 0.000135713 7.63329e-05
0.00691003 0.000308323 0.00050736 0.000608973 0.000417243 0.000361093 0.000812268 0.00152118 0.00178255 0.00153193 0.00116733 0.00178345 0.00623541 0.0156182 0.0386457 0.319396 0.906552 0.935752 0.322358 0.00397058 0.000277673 0.000163886 0.000339482 0.00156001 0.00216837 0.00104528 0.000457641 0.000158556
0.002552 4.10542e-05 4.76634e-05 0.000126684 0.000293789 0.000559623 0.000792239 0.000740516 0.000994066 0.00109003 0.00113226 0.00300536 0.0104607 0.0220614 0.0418825 0.31563 0.901301 0.896385 0.150365 0.00135728 0.000132274 0.000126202 0.0002816 0.00128414 0.00340391 0.00229278 0.000675064 0.00016995
0.00177414 2.17405e-05 2.16056e-05 0.000112147 0.000467726 0.000604717 0.000416698 0.000261781 0.000413031 0.000841888 0.00125965 0.00320812 0.0062775 0.00682334 0.00960478 0.137314 0.892747 0.895828 0.0976874 0.000738657 0.000108434 0.000107165 0.000192719 0.00124792 0.00452542 0.00309535 0.000597978 0.000100061
0.00228305 3.25844e-05 2.72867e-05 0.000119828 0.000543095 0.000565418 0.000316756 0.000256578 0.000467765 0.000899617 0.00120638 0.00158723 0.00120243 0.00119144 0.00333022 0.110935 0.936934 0.941697 0.118867 0.00102168 0.00029256 0.000526039 0.00126615 0.010235 0.0189003 0.00383165 0.000356012 4.90287e-05
0.00363649 5.72218e-05 4.0308e-05 0.000117215 0.000453873 0.000493705 0.000414215 0.000530883 0.000730157 0.000968727 0.00102965 0.000650797 0.000395437 0.000554471 0.00209715 0.108877 0.932933 0.920857 0.114581 0.00194082 0.00133262 0.00545175 0.0157268 0.070218 0.0413776 0.00247045 0.000166875 2.99812e-05
0.00806072 0.00016127 5.48086e-05 7.96062e-05 0.000309439 0.00040467 0.000530185 0.000861136 0.000890035 0.000855889 0.000787609 0.00041297 0.000331419 0.000853229 0.00588773 0.23686 0.93723 0.890141 0.101488 0.00287229 0.00290769 0.0145872 0.0357537 0.100053 0.0450791 0.00296843 0.000273802 4.88116e-05
0.0141926 0.000174332 3.01699e-05 3.19372e-05 0.000127555 0.00023364 0.000356455 0.00047339 0.000436495 0.000339809 0.000278852 0.000197257 0.000391374 0.00271412 0.0253214 0.398732 0.885374 0.653439 0.0377583 0.00157091 0.00151835 0.00709274 0.0140028 0.0378639 0.0386537 0.00642819 0.000750985 0.000134839
0.00939468 8.55971e-05 1.76524e-05 3.09993e-05 0.000103852 0.000182261 0.000287243 0.000314715 0.000305114 0.000237537 0.000139159 0.000137324 0.000813796 0.00931505 0.0690479 0.355946 0.562416 0.170663 0.00766599 0.000621583 0.000611549 0.00212611 0.00380665 0.00840617 0.0125204 0.00347842 0.000588421 0.00017346
0.00781254 0.000154237 8.89474e-05 0.000186663 0.000388453 0.000493183 0.000599642 0.000714147 0.000907681 0.000788182 0.000354912 0.000450192 0.00279329 0.0215539 0.0735173 0.147405 0.137372 0.0304753 0.00329681 0.000833399 0.000891548 0.0016542 0.00241253 0.00383184 0.00428731 0.00151063 0.000376838 0.000286108
0.0220824 0.00247253 0.00269607 0.0033845 0.00384517 0.0039952 0.00357322 0.0040791 0.00608683 0.00590566 0.00350893 0.00405281 0.010261 0.0218892 0.0283096 0.0376333 0.0301052 0.0128693 0.00672837 0.00415388 0.00423329 0.00518422 0.00511484 0.00602939 0.00703431 0.00437653 0.00291359 0.00555098
