0.0137968 0.00102393 0.00082625 0.00125803 0.00163398 0.000777022 0.000467454 0.00055732 0.000926503 0.00116311 0.000969385 0.000828733 0.00139038 0.00205648 0.00162785 0.00113825 0.00113831 0.00197819 0.00296462 0.0024173 0.00157607 0.000938 0.000632263 0.000640822 0.000825697 0.00108019 0.00112911 0.00253409
0.00395602 7.0979e-05 5.81272e-05 9.36763e-05 0.000128112 5.55743e-05 4.23986e-05 8.69768e-05 0.000195296 0.000274369 0.000178706 0.000119013 0.000286063 0.000493985 0.000300857 0.000180692 0.000202997 0.000334095 0.00038999 0.000255016 0.000170777 0.0001271 7.11417e-05 7.06099e-05 9.20259e-05 0.000104168 9.92936e-05 0.000191703
0.00370909 7.64601e-05 3.91531e-05 5.61469e-05 9.03651e-05 6.59426e-05 9.9248e-05 0.00030058 0.000675612 0.000809582 0.000635865 0.000481804 0.001229 0.00195917 0.00103845 0.000512641 0.000549435 0.000780314 0.000604354 0.000476236 0.000471773 0.000450267 0.000252662 0.0002193 0.000154018 0.000105853 0.000127711 0.000179904
0.00454176 9.67042e-05 2.66586e-05 2.96529e-05 4.46187e-05 4.151e-05 8.75663e-05 0.000305286 0.000657217 0.00115611 0.00179539 0.00189392 0.00363749 0.00379912 0.00166317 0.000544017 0.000367495 0.000335417 0.000171995 0.000136874 0.000171435 0.000170834 0.000157096 0.000147918 6.55586e-05 3.49398e-05 3.43908e-05 6.26077e-05
0.00798147 0.000155966 4.31446e-05 4.03575e-05 4.28087e-05 5.11482e-05 0.000185301 0.000882457 0.00334958 0.0100428 0.0127 0.00990756 0.0120156 0.0115275 0.00478206 0.00112967 0.000745605 0.000608473 0.00046314 0.000467808 0.000605767 0.000616967 0.000512163 0.000313535 8.38292e-05 3.08506e-05 1.89487e-05 2.82362e-05
0.00430532 4.0912e-05 1.43984e-05 1.94833e-05 2.67957e-05 5.06903e-05 0.000271565 0.00217888 0.0269492 0.106293 0.0492455 0.0217528 0.0205435 0.0269609 0.0142448 0.004706 0.00673908 0.0128049 0.0265679 0.0409985 0.0537285 0.0318556 0.00871229 0.001184 0.000193248 6.769e-05 3.79194e-05 3.92706e-05
0.00183804 9.59923e-06 5.00294e-06 1.34683e-05 4.0013e-05 0.000102131 0.000672017 0.0119035 0.316548 0.697883 0.370987 0.181829 0.219409 0.30672 0.277596 0.230907 0.459434 0.689313 0.74766 0.764337 0.781339 0.633306 0.140569 0.00494238 0.000486272 0.000171358 8.49315e-05 6.39177e-05
0.0013495 6.77937e-06 4.16837e-06 2.06565e-05 0.000172242 0.000778075 0.00519868 0.0715214 0.694878 0.92293 0.862593 0.867103 0.932491 0.95469 0.960039 0.962816 0.97684 0.9822 0.966034 0.948153 0.957307 0.925194 0.36896 0.00819764 0.000955564 0.000319733 8.96586e-05 5.40004e-05
0.00149179 1.0877e-05 7.35136e-06 7.74026e-05 0.00122837 0.00585318 0.0260573 0.116593 0.393622 0.657197 0.731309 0.881089 0.957089 0.968262 0.969247 0.940103 0.916103 0.941613 0.939402 0.954703 0.975034 0.93423 0.209525 0.00315373 0.00072552 0.000281353 5.13695e-05 3.37857e-05
0.0014623 1.38377e-05 1.23119e-05 0.000183663 0.00294133 0.00940777 0.0256298 0.038885 0.0362456 0.0524511 0.122483 0.254832 0.491923 0.535136 0.373307 0.172746 0.184165 0.649911 0.923964 0.973718 0.980855 0.863304 0.0394271 0.000639474 0.00027028 0.000173297 4.75639e-05 3.84824e-05
0.00127513 1.32475e-05 1.79302e-05 0.000233407 0.00219557 0.00540122 0.00894957 0.00571321 0.00335532 0.00593895 0.0163513 0.0269976 0.0331153 0.0218619 0.0125551 0.0094688 0.0517507 0.709767 0.967578 0.989906 0.977567 0.473393 0.00598587 0.000231735 0.000146768 0.000135647 6.38547e-05 7.04725e-05
0.00133677 1.55752e-05 1.96842e-05 0.00029004 0.00422215 0.0100554 0.00646744 0.00225985 0.00233379 0.00590804 0.0100331 0.00884107 0.00367147 0.00150634 0.00152528 0.00448099 0.148479 0.906559 0.981494 0.988856 0.917923 0.0875645 0.00126752 0.000186054 0.000160963 0.000152114 0.000132812 0.00016478
0.00147337 1.83462e-05 1.72581e-05 0.000464673 0.0184639 0.0340392 0.00801393 0.00298556 0.00531128 0.0101693 0.0053108 0.00193241 0.000940774 0.000415861 0.000984845 0.0161426 0.533129 0.972332 0.984187 0.9636 0.560415 0.0105845 0.000620933 0.000341471 0.000259802 0.000226169 0.000267584 0.000278104
0.00172472 2.15604e-05 1.69313e-05 0.000370972 0.0113712 0.0128744 0.00309436 0.00184858 0.00206981 0.00157036 0.000619948 0.000318636 0.000222264 0.000301661 0.00519634 0.209775 0.935196 0.99171 0.975223 0.768168 0.0720006 0.00152417 0.000507123 0.000584484 0.000248003 0.000151751 0.000180268 0.000222117
0.00206396 2.56174e-05 2.14443e-05 0.000240527 0.00219729 0.00181824 0.0012385 0.00101046 0.000400184 0.000166806 0.000131306 0.000129246 0.000190145 0.00180548 0.111104 0.861602 0.988699 0.992344 0.902364 0.15172 0.00471328 0.000468286 0.000484033 0.000669985 0.00017098 6.80814e-05 6.70464e-05 0.000120955
0.0039593 7.25814e-05 6.32821e-05 0.00034768 0.0010822 0.000725373 0.00150315 0.00168286 0.000258764 7.52194e-05 8.85013e-05 0.00015394 0.000815554 0.0394369 0.764623 0.972995 0.984748 0.954798 0.438022 0.0149081 0.00103962 0.000316653 0.000459441 0.00044995 7.88791e-05 2.76323e-05 2.22594e-05 5.60331e-05
0.00695306 0.000216661 0.000191972 0.000509699 0.0010142 0.00105643 0.00307989 0.00325536 0.000461095 9.39346e-05 0.000147605 0.000426049 0.00347629 0.284658 0.936633 0.976611 0.958649 0.727044 0.0888399 0.00320469 0.00074592 0.000495448 0.000230747 0.000107136 3.40259e-05 1.5707e-05 1.31499e-05 3.51499e-05
0.00760357 0.000265463 0.00024892 0.000643267 0.0013552 0.00167046 0.00317797 0.00255871 0.000662468 0.000266205 0.000534391 0.00185011 0.0257157 0.664282 0.968109 0.968203 0.766051 0.132032 0.00870389 0.00083502 0.000568142 0.00051239 0.000118433 5.43578e-05 3.81189e-05 3.04231e-05 4.32578e-05 7.05466e-05
0.00790523 0.000302452 0.000250436 0.000841316 0.00263014 0.00230043 0.00272202 0.00240472 0.00184316 0.00190303 0.00440818 0.0196556 0.235924 0.919812 0.978016 0.901793 0.156937 0.00333705 0.000582108 0.00030396 0.000371922 0.0003899 0.000153325 0.000100241 0.000112078 0.000214895 0.000361656 0.000304528
0.00981149 0.000512029 0.000642591 0.0024233 0.00728523 0.00509339 0.00541567 0.0121153 0.0367332 0.0662486 0.103338 0.292215 0.814795 0.961923 0.937405 0.526343 0.0189947 0.000641582 0.000219246 0.000231317 0.000398855 0.000506112 0.000385511 0.000488542 0.00106924 0.00291209 0.00226343 0.000743385
0.0144366 0.00106223 0.00250167 0.00748769 0.0167744 0.0117598 0.0222226 0.116512 0.377177 0.621882 0.665072 0.851702 0.970051 0.942701 0.508317 0.045887 0.00281601 0.000352254 0.000211633 0.000317475 0.00049669 0.000693609 0.0011948 0.00289715 0.00679052 0.00902097 0.00257351 0.000519662
0.0168453 0.00151825 0.00455368 0.0117908 0.02593 0.0220803 0.0411362 0.22461 0.651759 0.888061 0.915281 0.937694 0.939784 0.535109 0.0271379 0.00238463 0.000549479 0.000173716 0.000270348 0.00073898 0.000828596 0.00102615 0.0018572 0.00314419 0.00411889 0.0025551 0.00057925 0.000194658
0.00950881 0.000804663 0.00218868 0.00754438 0.0214025 0.0147712 0.0233871 0.150107 0.649733 0.92617 0.932481 0.916001 0.76386 0.0893111 0.00491872 0.000849173 0.000335205 0.000250234 0.000447208 0.00107532 0.00130862 0.00124726 0.00149726 0.00178616 0.00123305 0.000537308 0.000214567 0.000124026
0.00558076 0.000333911 0.000826816 0.00410049 0.0113911 0.00662569 0.0127843 0.0953748 0.670439 0.946819 0.928804 0.856059 0.506507 0.0540111 0.00871136 0.00183579 0.000419065 0.000270638 0.000440915 0.000931256 0.00102507 0.000898588 0.00121914 0.00163639 0.000771245 0.000225241 9.03728e-05 7.24828e-05
0.00532893 0.00015719 0.000318108 0.00189834 0.00380335 0.00181884 0.00431995 0.0710206 0.711657 0.93281 0.835362 0.438537 0.0946908 0.0138015 0.00516828 0.00119944 0.000136722 6.54684e-05 0.000130769 0.000306463 0.000380333 0.000453426 0.000631213 0.000776916 0.000288065 7.30007e-05 2.88195e-05 3.12477e-05
0.00308581 5.11842e-05 9.74651e-05 0.00122805 0.00467635 0.00272963 0.00383635 0.0315703 0.316508 0.470978 0.179346 0.0310621 0.00612444 0.00204492 0.00126429 0.000328885 3.67285e-05 2.08237e-05 3.63754e-05 7.84437e-05 0.000174413 0.000294576 0.000333136 0.000292311 8.61456e-05 2.0996e-05 8.71083e-06 1.43394e-05
0.00385042 9.70485e-05 0.000209566 0.00289964 0.014185 0.0100009 0.00563901 0.00970659 0.0285604 0.036607 0.0191923 0.00510184 0.00244041 0.00178282 0.00116202 0.0004394 9.86611e-05 6.40646e-05 8.42622e-05 0.000168247 0.000480253 0.000713753 0.000642431 0.000434022 0.000143695 4.1935e-05 1.34331e-05 3.77525e-05
0.0184664 0.00282208 0.00322513 0.00893579 0.0241471 0.0170753 0.0105484 0.011298 0.0119742 0.0127369 0.0118124 0.00667102 0.00532724 0.00542938 0.00402063 0.00280854 0.00189719 0.00174564 0.00173073 0.00231744 0.00366206 0.00397401 0.00366752 0.0030523 0.00247755 0.00136629 0.000844407 0.00256874
