0.00836757 0.000181193 9.69368e-05 0.000228969 0.000431255 0.000489211 0.000902056 0.00164875 0.00272504 0.00472333 0.00340264 0.00154 0.00114017 0.00122169 0.00160496 0.0012991 0.00127094 0.00157193 0.00152264 0.00111119 0.000798457 0.00079448 0.00106506 0.00410799 0.0157904 0.0132836 0.00360766 0.00241087
0.00176675 5.95586e-06 7.46293e-06 4.1308e-05 5.44557e-05 3.8522e-05 7.47332e-05 0.000188701 0.00067966 0.00183243 0.000803296 0.000273333 0.000215972 0.000224632 0.00018966 0.000109118 0.000128333 0.000176208 0.000149663 9.91212e-05 0.000107018 0.000152281 0.000255308 0.00131982 0.00524423 0.0029483 0.000377 0.00019989
0.00139334 9.28113e-06 1.8567e-05 0.000100835 0.000103807 5.18355e-05 9.42818e-05 0.000443851 0.0024562 0.00508783 0.00173541 0.000718663 0.000946003 0.000872484 0.000507313 0.000370379 0.000613301 0.000796281 0.000471404 0.000327892 0.000600982 0.0011133 0.00200798 0.00717119 0.00641988 0.00160596 0.000335545 0.000200375
0.00113426 9.87313e-06 1.17664e-05 4.70802e-05 6.99086e-05 5.50561e-05 0.000108252 0.000527056 0.0012917 0.000894176 0.000337635 0.000352298 0.000829899 0.00147156 0.00303863 0.00756814 0.0138487 0.00910434 0.00345618 0.00143539 0.00189164 0.00190847 0.00217101 0.00483331 0.00118869 0.000237222 6.01471e-05 6.81455e-05
0.00129729 1.13749e-05 1.09945e-05 6.89807e-05 0.000185369 0.000199594 0.000320073 0.000732027 0.000555443 0.000191837 0.000301516 0.0013151 0.00408487 0.0178022 0.117059 0.398809 0.437484 0.228429 0.0778142 0.015738 0.00708478 0.00317139 0.00270213 0.00491313 0.00071954 0.000122078 1.87558e-05 2.73678e-05
0.00181797 2.15213e-05 1.8308e-05 0.000121164 0.000392694 0.000356843 0.000511986 0.000717323 0.000187916 8.5823e-05 0.000726317 0.0123491 0.096968 0.455777 0.839252 0.942717 0.919425 0.773268 0.340956 0.0356983 0.00456416 0.000861066 0.00131599 0.00308916 0.00035126 4.98242e-05 7.35618e-06 1.85195e-05
0.00274558 6.57016e-05 8.09179e-05 0.000403493 0.00091643 0.00066387 0.00120102 0.00144088 0.00052899 0.000662509 0.00835104 0.177809 0.781643 0.943654 0.961691 0.971361 0.951463 0.853685 0.425303 0.0455777 0.0048466 0.000890304 0.00162473 0.00277871 0.000196711 2.4716e-05 4.44988e-06 1.66602e-05
0.00889391 0.000561075 0.000732351 0.00192125 0.00324602 0.00200929 0.00418155 0.00763108 0.00767659 0.0336843 0.277391 0.762132 0.958543 0.961638 0.910736 0.894393 0.855207 0.824608 0.680901 0.279307 0.0392041 0.00571335 0.00483519 0.00174178 6.91656e-05 1.14159e-05 3.4592e-06 1.62756e-05
0.021296 0.00260947 0.00389029 0.00594839 0.0111819 0.00756921 0.0213069 0.0668285 0.102559 0.536255 0.88022 0.93184 0.955158 0.834707 0.437677 0.404688 0.543324 0.793365 0.91699 0.847424 0.287107 0.0246859 0.00701587 0.000724145 3.23838e-05 8.60197e-06 4.84489e-06 1.82828e-05
0.0152435 0.00178182 0.00403521 0.00801299 0.0153466 0.0121642 0.0294942 0.121659 0.350899 0.889549 0.97056 0.941958 0.827699 0.231592 0.0304045 0.0344054 0.106139 0.443174 0.895396 0.94511 0.639766 0.084014 0.00749803 0.000504112 6.44581e-05 2.36833e-05 1.7464e-05 2.94215e-05
0.00643093 0.000477558 0.00161288 0.00496016 0.00789268 0.00471475 0.00825391 0.0559187 0.348818 0.910768 0.972445 0.913572 0.457435 0.0228477 0.00433521 0.00507146 0.0109217 0.0741869 0.597551 0.900331 0.803337 0.251208 0.0198187 0.00188748 0.000457043 0.000126357 4.95946e-05 3.95306e-05
0.00319858 0.00013527 0.000423772 0.00218153 0.00540385 0.00296641 0.00318312 0.0348834 0.438636 0.910251 0.958706 0.833461 0.150234 0.0054368 0.00215196 0.00193946 0.00131758 0.00613272 0.109908 0.660806 0.872117 0.708179 0.193961 0.0368409 0.00853204 0.000653248 7.51565e-05 3.85178e-05
0.0030463 0.000146572 0.00027865 0.00212617 0.00683534 0.00271388 0.00289979 0.0559705 0.663114 0.952866 0.948534 0.552936 0.0302686 0.00184085 0.000887766 0.000545371 0.000313435 0.00113393 0.0221763 0.421946 0.86729 0.879831 0.580112 0.211327 0.0385823 0.000945715 6.76442e-05 3.64098e-05
0.00365523 0.000289411 0.0011163 0.00881112 0.0112729 0.00229389 0.00407736 0.148972 0.850964 0.959217 0.828974 0.146985 0.00920088 0.00135266 0.000485485 0.00020344 0.000190736 0.000796831 0.0117952 0.297321 0.859906 0.921583 0.72367 0.294294 0.0308239 0.000559861 7.98881e-05 6.33236e-05
0.00461377 0.000714027 0.0081681 0.0265695 0.0104356 0.00174895 0.00643484 0.373223 0.942376 0.949052 0.513853 0.0313826 0.00561063 0.00194901 0.000504235 0.000257047 0.000416768 0.00125998 0.0108176 0.274908 0.84073 0.92692 0.747638 0.19372 0.0127185 0.000388143 0.000141048 0.000160981
0.00848973 0.00142617 0.0102013 0.0106259 0.00313311 0.00146895 0.013902 0.606354 0.965107 0.921914 0.233654 0.010219 0.0039139 0.00218829 0.000984187 0.00128345 0.00252589 0.00337457 0.012689 0.25307 0.85646 0.91694 0.567698 0.0537237 0.00309873 0.000275056 0.000206166 0.000263822
0.0107238 0.000720195 0.00108678 0.000761431 0.000633815 0.00141678 0.0236793 0.734077 0.972529 0.860636 0.112088 0.00571604 0.00252176 0.00232641 0.00292859 0.00623213 0.00628565 0.00368448 0.0114322 0.266033 0.898715 0.877334 0.216959 0.00806692 0.000566148 0.000156197 0.000149213 0.000207129
0.00713129 0.000216749 0.000136846 0.000123697 0.000194285 0.000920714 0.0279549 0.742211 0.954249 0.745809 0.0593366 0.00421427 0.00249403 0.00250351 0.00430663 0.00919432 0.00614631 0.00378539 0.0134722 0.209681 0.791133 0.618792 0.0673734 0.00337231 0.000182023 4.89798e-05 4.74426e-05 9.36448e-05
0.00425456 8.6594e-05 5.09899e-05 6.62118e-05 0.000155017 0.000923175 0.0289991 0.669475 0.922425 0.748888 0.0871886 0.00586543 0.00366262 0.00289376 0.00348193 0.00638223 0.00468189 0.00457536 0.0259317 0.345082 0.707585 0.341822 0.0330703 0.00200638 9.4506e-05 1.63328e-05 1.46211e-05 3.68791e-05
0.00389882 6.41612e-05 2.17074e-05 2.93645e-05 0.00019193 0.0015662 0.0317596 0.577982 0.930024 0.933859 0.48832 0.0414159 0.011321 0.00556778 0.00474086 0.00695109 0.00561008 0.00936776 0.109886 0.702428 0.710517 0.14657 0.0100222 0.000503262 5.60101e-05 2.34594e-05 2.03838e-05 3.75333e-05
0.00586921 6.56703e-05 1.47673e-05 3.07119e-05 0.000366999 0.00303844 0.0284681 0.339395 0.795555 0.903367 0.721127 0.181018 0.0366081 0.00889392 0.00800578 0.0142224 0.0149054 0.0650863 0.420607 0.817751 0.644896 0.0454192 0.00266039 0.00024975 8.18489e-05 7.54898e-05 6.39074e-05 8.44191e-05
0.0053341 6.31248e-05 1.92054e-05 6.51608e-05 0.000836729 0.00339524 0.00949237 0.0546434 0.172532 0.425602 0.644624 0.419772 0.0894567 0.0146223 0.013773 0.0423414 0.120299 0.504526 0.818673 0.877463 0.575933 0.0316512 0.00183733 0.00025489 0.000129842 0.000135614 0.000111053 0.000128914
0.00401289 6.91933e-05 4.39274e-05 0.000174746 0.000968058 0.00129184 0.00201085 0.00559333 0.0192115 0.131252 0.549983 0.585789 0.204401 0.0398006 0.0449006 0.211405 0.535405 0.839462 0.891552 0.796102 0.277521 0.009652 0.00103789 0.000292255 0.000160577 0.000190756 0.000174932 0.000143371
0.0071037 0.000189565 0.000127596 0.000230752 0.000503761 0.000315263 0.000487028 0.00160248 0.00905741 0.093603 0.402672 0.52171 0.381475 0.259257 0.364307 0.588999 0.583202 0.594505 0.567444 0.362243 0.048466 0.00151202 0.000182521 0.000107616 0.000147587 0.000227059 0.000151622 9.27524e-05
0.0137556 0.000355286 0.000127687 9.9432e-05 0.000132577 8.05837e-05 0.000159361 0.000923131 0.0104117 0.0846318 0.194445 0.280237 0.356215 0.550415 0.714092 0.506064 0.126087 0.0468892 0.0328928 0.0174009 0.00317091 0.000183711 2.98368e-05 4.78282e-05 0.000107823 0.000114636 5.32463e-05 3.06627e-05
0.0134309 0.000294316 0.000101864 8.56536e-05 7.5883e-05 4.77416e-05 9.99444e-05 0.000491425 0.00569777 0.0289097 0.0313249 0.0381094 0.0755089 0.176732 0.236863 0.0608338 0.00590558 0.00222392 0.00150648 0.000896106 0.000355361 6.92455e-05 5.63994e-05 0.000195608 0.000166404 4.34214e-05 1.21545e-05 9.37117e-06
0.0147036 0.000563319 0.000373075 0.000374701 0.000281285 0.000180446 0.00027177 0.000812929 0.00454413 0.0105504 0.00648463 0.00666627 0.0118495 0.0228553 0.0193738 0.00629794 0.00259075 0.00180513 0.00149773 0.000908148 0.000492788 0.000344589 0.000880834 0.00191148 0.000519641 7.68923e-05 1.66446e-05 2.50031e-05
0.0289573 0.00446508 0.00434776 0.00379239 0.00350345 0.00271638 0.00282476 0.00419956 0.00854231 0.0102054 0.00670988 0.00622021 0.00804471 0.0115623 0.00899543 0.00581345 0.00618313 0.0063675 0.00598364 0.00525412 0.00356405 0.00334765 0.00680354 0.00890615 0.00431721 0.00150108 0.000861157 0.00198076
