0.00812343 0.000247672 0.000250401 0.000979443 0.00207732 0.00132796 0.00110484 0.00107425 0.000845749 0.000651764 0.000586166 0.000649933 0.00123913 0.00324765 0.0048035 0.00500033 0.0030287 0.00158539 0.00102977 0.000684026 0.000760204 0.00126674 0.00340794 0.00473886 0.00268735 0.00113312 0.000562144 0.00155133
0.00173158 1.09666e-05 3.52816e-05 0.000378768 0.000893871 0.000408824 0.000203691 0.000118007 7.73796e-05 6.2743e-05 5.20659e-05 7.55701e-05 0.000265426 0.00082491 0.00103122 0.00083583 0.000301439 0.000165768 0.000150849 0.000147428 0.000231817 0.000546247 0.00228074 0.00209132 0.000428368 0.000119255 2.79392e-05 7.67006e-05
0.00165143 3.03481e-05 0.000139064 0.00218984 0.00387983 0.00102458 0.000381709 0.000145766 9.81508e-05 0.000103574 9.55479e-05 0.000205287 0.00081792 0.00176392 0.00171223 0.00118002 0.000477281 0.000472654 0.000917837 0.00166025 0.00346036 0.00944538 0.0242994 0.00961181 0.000621178 7.45011e-05 2.09962e-05 6.06491e-05
0.0021536 7.57856e-05 0.000240079 0.00250489 0.00344279 0.000753076 0.000225384 7.59467e-05 6.38935e-05 0.000108352 0.000168335 0.000319197 0.000447723 0.000359171 0.000238134 0.000209896 0.000222501 0.000399293 0.000841428 0.00261886 0.010204 0.0300138 0.0384678 0.00984399 0.000632461 4.72355e-05 1.2521e-05 3.05373e-05
0.00424132 0.000228517 0.000478105 0.00284941 0.00425025 0.00108543 0.000368973 0.000199503 0.000227125 0.000567178 0.000913866 0.00071355 0.000481963 0.00029236 0.000229903 0.000350367 0.000788912 0.00112375 0.00150799 0.00790655 0.0556944 0.156906 0.12996 0.0374279 0.00277549 8.86422e-05 1.29311e-05 1.73016e-05
0.0053935 0.000283744 0.000332745 0.00130367 0.00211011 0.000733253 0.000394969 0.000469272 0.000736325 0.00144431 0.00141029 0.000667259 0.000734729 0.00176327 0.00384337 0.0076795 0.0129057 0.0104321 0.0141177 0.102336 0.512877 0.728578 0.602033 0.242579 0.0152965 0.000208836 2.05228e-05 1.92133e-05
0.00518042 0.000188936 0.000156817 0.000614552 0.000853269 0.00049638 0.000680877 0.00152672 0.00483092 0.00789873 0.00649003 0.00575232 0.013284 0.0776105 0.220935 0.23378 0.144053 0.0742375 0.138796 0.652036 0.881389 0.90586 0.830949 0.437182 0.0246544 0.000227569 2.17403e-05 2.33785e-05
0.00346559 0.000104288 0.000114049 0.00066549 0.000701454 0.000477357 0.00100077 0.00425929 0.0443517 0.167756 0.277039 0.421128 0.679483 0.842946 0.79209 0.510074 0.166162 0.105716 0.350401 0.837273 0.904297 0.832109 0.630942 0.214145 0.00794645 9.70117e-05 1.43539e-05 2.46401e-05
0.0021546 8.12239e-05 0.000179092 0.00123073 0.00132709 0.00074505 0.00156124 0.0125374 0.209015 0.722466 0.892264 0.897422 0.899819 0.83065 0.478825 0.174826 0.0786219 0.191104 0.700137 0.898934 0.818685 0.441867 0.12502 0.0223545 0.00129522 4.6828e-05 1.36798e-05 3.35308e-05
0.001989 6.71599e-05 0.000140903 0.000746848 0.00122574 0.00158111 0.00468238 0.0648954 0.625309 0.89584 0.882493 0.603809 0.393064 0.235392 0.0775146 0.0835629 0.27888 0.731871 0.927139 0.861965 0.366331 0.0647513 0.0146801 0.00422134 0.000484908 4.92229e-05 3.19926e-05 6.39749e-05
0.00189602 3.86857e-05 4.39661e-05 0.000201226 0.000768352 0.00311302 0.0154721 0.248398 0.836152 0.857311 0.422425 0.0493049 0.0298873 0.0315221 0.0349185 0.246765 0.855383 0.964819 0.927922 0.377745 0.0318976 0.00589469 0.00343499 0.0026228 0.000561669 0.000114117 8.32529e-05 0.000109402
0.0024258 4.39886e-05 2.29323e-05 8.09827e-05 0.000615701 0.00529061 0.0452416 0.522201 0.887772 0.672609 0.0497166 0.00324502 0.00262739 0.00601912 0.047906 0.588775 0.953555 0.945437 0.436891 0.0124833 0.000863528 0.000406038 0.000679472 0.000935343 0.000303782 0.00011733 0.000154379 0.000218088
0.00292589 3.25882e-05 1.38211e-05 4.51981e-05 0.000428116 0.00429968 0.0464523 0.566231 0.901482 0.635083 0.0439251 0.0041158 0.00454072 0.0243901 0.326373 0.892737 0.946035 0.686038 0.033671 0.000544837 0.00013109 0.000232024 0.000481655 0.000595308 0.000212934 0.000142171 0.000294525 0.000361512
0.00238657 1.72567e-05 6.9598e-06 2.7672e-05 0.000332166 0.00286112 0.0359643 0.522157 0.921461 0.875492 0.446541 0.200766 0.238504 0.505227 0.843849 0.913868 0.716956 0.133096 0.00327099 0.000138484 0.000216966 0.000733411 0.000942222 0.000880221 0.000410794 0.0003704 0.000456638 0.000323637
0.00156895 8.47251e-06 4.44871e-06 3.36441e-05 0.000560903 0.00443839 0.0432786 0.443546 0.885202 0.9222 0.903015 0.924947 0.944072 0.957552 0.950558 0.866801 0.440833 0.0579355 0.00392574 0.000720464 0.00155294 0.00273414 0.00193692 0.00153223 0.000910381 0.000618367 0.000308401 0.000154551
0.00153843 8.87293e-06 7.11943e-06 7.24014e-05 0.00115905 0.00556474 0.0246833 0.129628 0.342264 0.509727 0.77261 0.934391 0.975089 0.983156 0.96547 0.915517 0.721819 0.365804 0.101559 0.0287261 0.022469 0.00822607 0.00257932 0.00140661 0.000656667 0.000299364 9.19592e-05 6.17811e-05
0.00200538 2.28379e-05 2.43738e-05 0.000237863 0.00202786 0.00361643 0.00629587 0.00992135 0.0129791 0.0255642 0.0986866 0.490707 0.891052 0.944811 0.94766 0.962606 0.934212 0.877017 0.719887 0.351496 0.106591 0.0104722 0.00174465 0.000716757 0.000200219 8.69459e-05 2.87705e-05 3.71973e-05
0.00443173 9.93875e-05 0.000102151 0.000513712 0.00165501 0.000934593 0.000793141 0.0010813 0.00147709 0.00424894 0.0206263 0.17155 0.730594 0.799487 0.883483 0.960882 0.925581 0.89491 0.856289 0.62623 0.148528 0.00837184 0.00086806 0.000221362 6.12698e-05 3.77271e-05 1.28309e-05 2.54801e-05
0.00881248 0.000302419 0.000183739 0.000375565 0.000537544 0.000198307 0.000161115 0.000437933 0.00144792 0.00638444 0.0335364 0.247483 0.678422 0.621772 0.542248 0.490257 0.24176 0.268384 0.605363 0.633532 0.181892 0.00791022 0.000532657 0.00010783 3.58962e-05 3.34446e-05 1.22035e-05 2.61226e-05
0.00610723 0.000175316 0.000115703 0.000209844 0.000179532 7.21555e-05 0.000107556 0.000399653 0.0017305 0.00927411 0.0618896 0.471559 0.769646 0.576733 0.143165 0.0158501 0.00409416 0.011922 0.34411 0.743322 0.292506 0.0120558 0.000608915 0.000135218 5.15417e-05 4.11335e-05 1.72508e-05 3.30531e-05
0.00295092 5.84788e-05 5.66381e-05 0.000116959 0.000104657 6.16978e-05 0.00013164 0.000431267 0.00140611 0.00851074 0.0761214 0.659982 0.862457 0.548251 0.0450022 0.00129456 0.000688543 0.0104818 0.43648 0.852338 0.416728 0.0131917 0.000969309 0.000273707 8.65406e-05 4.75171e-05 2.10015e-05 3.87743e-05
0.00234959 2.86006e-05 2.13399e-05 4.29987e-05 6.75101e-05 7.22424e-05 0.000152266 0.000356544 0.000865804 0.00511899 0.0684477 0.689917 0.867978 0.511602 0.0404087 0.00203227 0.00238288 0.053792 0.718872 0.91357 0.426776 0.0147628 0.00341639 0.00177716 0.000319638 8.16127e-05 3.90831e-05 5.43551e-05
0.00235675 1.9048e-05 7.91514e-06 2.07082e-05 7.37451e-05 0.000110367 0.000153819 0.000205952 0.000442861 0.00300168 0.0464514 0.525438 0.751366 0.424465 0.0841107 0.0157083 0.025444 0.277594 0.806621 0.80933 0.186572 0.01243 0.00860571 0.00651367 0.000960151 0.000166074 7.98346e-05 8.88715e-05
0.00295744 2.57588e-05 7.86724e-06 1.93351e-05 8.04001e-05 0.000113345 0.000163014 0.000182621 0.000251736 0.0011714 0.0163535 0.198056 0.410149 0.282817 0.119341 0.0646545 0.159742 0.596376 0.661247 0.330412 0.0373281 0.00390343 0.00256767 0.00173145 0.000391603 0.000120706 8.77658e-05 0.00010831
0.00413977 2.29116e-05 7.08074e-06 1.34528e-05 3.60746e-05 5.4841e-05 8.22649e-05 7.81982e-05 9.43568e-05 0.000309785 0.00357792 0.0389417 0.0697466 0.0398818 0.0233413 0.0400708 0.189904 0.440541 0.223105 0.0349858 0.0035381 0.000379071 0.000113894 7.39639e-05 4.45395e-05 4.53485e-05 6.06844e-05 8.5596e-05
0.00255074 8.95735e-06 3.03524e-06 9.21697e-06 3.34231e-05 6.1185e-05 4.71499e-05 2.48993e-05 4.00985e-05 0.000153941 0.00127936 0.00733433 0.00481436 0.00134415 0.000715952 0.00176776 0.0267577 0.113507 0.0355908 0.00329041 0.0002045 2.07718e-05 6.8495e-06 7.93585e-06 1.08973e-05 1.55407e-05 1.81172e-05 3.59206e-05
0.0026983 2.08761e-05 1.43123e-05 5.36191e-05 0.00026666 0.000403982 0.000143249 6.74189e-05 0.000122571 0.000478657 0.00276365 0.0059558 0.00157453 0.000358731 0.000186326 0.000468548 0.00631226 0.033376 0.0231114 0.00269349 0.000158677 2.13997e-05 1.56801e-05 2.58965e-05 3.81955e-05 3.75022e-05 1.90198e-05 5.61335e-05
0.0141208 0.00115626 0.00117434 0.00198577 0.00482609 0.0055614 0.00241802 0.00156301 0.00219767 0.00399471 0.00810353 0.00879891 0.00403447 0.00184856 0.00138767 0.00249844 0.00749668 0.0191225 0.0224044 0.00847834 0.00231216 0.000904131 0.000946508 0.0011514 0.00157318 0.00139726 0.000843227 0.00254211
