0.0151851 0.000428202 0.000193273 0.000447283 0.0010638 0.000686279 0.000412984 0.000439727 0.000615762 0.000929497 0.00135985 0.00196362 0.00119313 0.000645808 0.000769624 0.00222043 0.00820679 0.00792146 0.00333727 0.00115736 0.000564602 0.000591449 0.000613506 0.00102601 0.00165587 0.00142772 0.00115761 0.00279515
0.00264984 1.15152e-05 1.72719e-05 0.000122558 0.000301059 0.000106648 4.1329e-05 3.5883e-05 4.17632e-05 7.50831e-05 0.000253465 0.000758006 0.000390102 0.000214526 0.000304126 0.00110485 0.00717524 0.00875194 0.00273584 0.000685682 0.000198431 9.41912e-05 7.39796e-05 0.00013578 0.000199071 0.000135792 9.57921e-05 0.000229517
0.0014905 1.65503e-05 6.03094e-05 0.000596765 0.000707189 0.000133124 6.21554e-05 5.14886e-05 5.86072e-05 0.000166079 0.000910877 0.00371943 0.00215319 0.00103378 0.00220998 0.00990878 0.0707342 0.168401 0.0556429 0.00713617 0.00111973 0.000211255 0.000144042 0.000269771 0.000188678 9.73196e-05 0.000115392 0.000215874
0.0029133 7.75387e-05 0.000166744 0.000625902 0.000558602 0.000124067 7.12453e-05 6.8079e-05 7.91253e-05 0.000226532 0.00110191 0.00307403 0.00153413 0.000841855 0.00264113 0.0279942 0.347273 0.764534 0.460102 0.0444515 0.00391304 0.000392617 0.000262019 0.000503454 0.000247478 0.0001009 9.60203e-05 0.000111654
0.00974118 0.000479311 0.000388055 0.000529572 0.000768741 0.000301135 0.000180328 0.000217656 0.000313485 0.000649529 0.00194088 0.00283219 0.00135517 0.00113339 0.00384713 0.0645659 0.618715 0.9322 0.833482 0.16271 0.0190391 0.00265432 0.00157612 0.00263921 0.000920784 0.000216278 0.000104333 5.91943e-05
0.0114881 0.00045674 0.000126103 0.000108887 0.000226928 0.000141511 0.000141433 0.000309842 0.000588918 0.000829376 0.00137784 0.00198699 0.00215011 0.00355328 0.00740808 0.0704879 0.621247 0.890043 0.658213 0.0520608 0.00655715 0.00257179 0.00232254 0.00397497 0.001585 0.000327874 0.000113723 5.00511e-05
0.0074075 0.000125058 2.72296e-05 3.40912e-05 8.21932e-05 8.47924e-05 0.000131821 0.000407892 0.000865928 0.000911669 0.00125978 0.0034828 0.00672464 0.00861126 0.0129351 0.148133 0.836553 0.87678 0.233507 0.00474376 0.00093947 0.00120839 0.00245396 0.00463924 0.00168163 0.00031787 0.000102345 4.77218e-05
0.00349381 3.1979e-05 1.18877e-05 3.6488e-05 9.4271e-05 0.000113343 0.000276418 0.000752518 0.000795607 0.000603319 0.00137798 0.00522036 0.00530342 0.00390496 0.0124175 0.357381 0.941205 0.828213 0.0454613 0.000578094 0.000185784 0.000493039 0.00233475 0.00612992 0.00200294 0.000353245 9.54065e-05 4.54892e-05
0.00195304 2.07737e-05 1.8751e-05 0.000110498 0.000227998 0.000244166 0.000749085 0.00128398 0.000592767 0.000460169 0.0015156 0.00306919 0.00144273 0.00145814 0.0186303 0.710626 0.974511 0.691988 0.0162412 0.000393693 0.00018625 0.000716662 0.00293419 0.00577055 0.00180842 0.000300409 8.1367e-05 4.6429e-05
0.00168664 2.01206e-05 2.3187e-05 0.000131012 0.000233122 0.000263362 0.000736682 0.000994144 0.00051131 0.000558709 0.00105502 0.000778526 0.000224981 0.00057623 0.0401198 0.854057 0.959823 0.440681 0.0173573 0.00162585 0.00125404 0.00277783 0.00236535 0.00158337 0.000603836 0.000186435 8.27872e-05 5.81607e-05
0.00164303 1.90782e-05 1.4203e-05 7.37886e-05 0.000188772 0.000254128 0.000443308 0.000555239 0.000393928 0.000368723 0.000325211 0.000137143 0.000107268 0.00132534 0.136544 0.916171 0.911465 0.22888 0.0233392 0.00731629 0.00467364 0.00234624 0.000849883 0.000512818 0.000301424 0.000183575 0.000111059 7.58013e-05
0.00151981 1.84004e-05 1.37423e-05 8.09009e-05 0.000252445 0.000317377 0.000327448 0.000304942 0.000237355 0.00017987 0.00011748 0.000107474 0.000413454 0.0142849 0.606663 0.968362 0.882218 0.14185 0.0140811 0.00294515 0.00132874 0.000541353 0.000199096 0.000206468 0.000221066 0.000151594 7.12019e-05 4.74027e-05
0.00149366 1.88669e-05 1.51988e-05 8.6773e-05 0.000260199 0.000269911 0.000209115 0.000144557 0.000123145 0.000109782 0.000177185 0.000750617 0.00640344 0.209374 0.877288 0.948826 0.706422 0.053607 0.00380307 0.000425285 0.00015357 0.000108091 7.41556e-05 0.000158087 0.000229117 0.000105072 3.59075e-05 2.2988e-05
0.00160886 2.09148e-05 1.40664e-05 6.83354e-05 0.000232582 0.000292128 0.00023363 0.000163157 0.000178244 0.000318626 0.00197432 0.0248971 0.203417 0.79246 0.916009 0.813791 0.353163 0.0209384 0.00156975 0.000169361 5.91354e-05 6.0019e-05 8.21748e-05 0.000237188 0.000237275 7.50297e-05 3.12504e-05 2.24137e-05
0.00188036 2.38422e-05 1.3921e-05 7.04232e-05 0.00027457 0.000429816 0.000507404 0.000373591 0.000580943 0.00220336 0.028529 0.363531 0.721214 0.900834 0.86452 0.490643 0.120998 0.0113417 0.0012528 0.000175293 7.22565e-05 8.15193e-05 0.000127702 0.000310629 0.000204352 6.72582e-05 4.17017e-05 3.40801e-05
0.00160358 1.84218e-05 1.09984e-05 7.43162e-05 0.000345342 0.000568186 0.000706341 0.000539987 0.0012277 0.00783568 0.0886639 0.514076 0.722179 0.825312 0.669656 0.192806 0.0427831 0.00627344 0.00102573 0.000208184 9.57718e-05 9.52184e-05 0.000148265 0.000337812 0.000163058 5.75118e-05 4.05956e-05 3.58358e-05
0.00122665 1.15535e-05 9.06406e-06 7.98214e-05 0.000422162 0.000722811 0.000961226 0.000880701 0.00193291 0.0116077 0.0596904 0.200437 0.427597 0.740206 0.671778 0.174539 0.0308819 0.00414169 0.000702043 0.00020396 0.000123771 0.000124823 0.000184421 0.000304136 0.000121898 4.88235e-05 3.02257e-05 2.66206e-05
0.00122599 1.04894e-05 1.06884e-05 0.000110321 0.000730145 0.00151943 0.00205495 0.00229652 0.00544355 0.0158971 0.0166411 0.0267106 0.183745 0.68951 0.720125 0.211486 0.0222938 0.00164823 0.000334842 0.000178753 0.000106959 0.000107728 0.000182344 0.00029095 0.000154835 6.867e-05 2.60275e-05 1.79023e-05
0.00138132 8.72715e-06 1.31762e-05 0.000155973 0.00167229 0.00468881 0.00473416 0.00642733 0.0157172 0.0160942 0.00717975 0.0183551 0.266976 0.811934 0.743783 0.131313 0.00831793 0.000610678 0.00024589 0.00020266 0.000105911 0.000118975 0.000212952 0.000346893 0.000258113 8.50901e-05 1.95149e-05 1.46865e-05
0.00127682 7.07933e-06 1.04623e-05 0.000140177 0.00333678 0.0200748 0.0221838 0.0398636 0.0927446 0.0597627 0.0292502 0.134178 0.758363 0.911676 0.618626 0.0500873 0.00406241 0.000672168 0.000474439 0.000357231 0.000198226 0.000265542 0.000328996 0.000338533 0.000264456 9.74579e-05 3.54759e-05 3.55797e-05
0.00151425 1.009e-05 1.2095e-05 0.000203025 0.00615619 0.0365785 0.0538372 0.117487 0.239158 0.183875 0.146108 0.53796 0.89361 0.80687 0.222004 0.0157508 0.00435955 0.00202595 0.00122378 0.000575105 0.000384883 0.000454541 0.000375586 0.00031192 0.00021159 0.000143462 0.000124463 0.000134961
0.00471261 7.3793e-05 5.16534e-05 0.000335175 0.00384856 0.00873842 0.0146931 0.0381282 0.0715175 0.0984691 0.206083 0.676371 0.848333 0.597386 0.115765 0.0181097 0.0114695 0.00604957 0.00178627 0.000479301 0.000546028 0.000774513 0.00038818 0.000307769 0.000199768 0.000143913 0.000145946 0.0001584
0.0156708 0.000436303 0.000149219 0.00019036 0.000568121 0.000664822 0.00159778 0.0048205 0.0091229 0.0341754 0.195562 0.711686 0.793447 0.424285 0.101846 0.0346114 0.0252313 0.00805197 0.00132896 0.000352197 0.000489804 0.000687016 0.000307437 0.000239076 0.000178044 0.000105189 7.47641e-05 7.90493e-05
0.0101843 0.000210441 7.58122e-05 9.36603e-05 0.000165204 0.000154848 0.000417822 0.00117294 0.00323702 0.024064 0.222669 0.610855 0.404075 0.101174 0.0360646 0.0267288 0.0265937 0.00815829 0.0011452 0.000327417 0.000273637 0.000199353 0.000115444 0.000127701 9.94822e-05 6.12569e-05 5.67552e-05 6.65807e-05
0.00364715 2.32155e-05 1.19511e-05 3.30122e-05 6.37395e-05 6.30536e-05 0.000145264 0.000402742 0.00175428 0.0149496 0.0940397 0.0946846 0.0209888 0.00682248 0.00616615 0.0112777 0.0106323 0.0028866 0.000543346 0.000120025 4.54109e-05 2.39168e-05 2.53329e-05 5.39318e-05 4.12237e-05 3.30892e-05 4.82919e-05 5.68964e-05
0.00150577 3.50132e-06 2.39548e-06 1.13584e-05 1.79284e-05 1.5564e-05 2.66372e-05 6.52515e-05 0.000275806 0.00126299 0.002996 0.0017491 0.000862249 0.000999131 0.00172276 0.0022391 0.000928028 0.000173805 4.32113e-05 1.42801e-05 5.80395e-06 5.73622e-06 1.69021e-05 5.47436e-05 3.89881e-05 2.14341e-05 1.68733e-05 2.00994e-05
0.00193034 1.07753e-05 1.16705e-05 3.95383e-05 3.85779e-05 2.83612e-05 3.1787e-05 6.3066e-05 0.000181045 0.000446215 0.000565077 0.000491421 0.000866726 0.00166564 0.00195547 0.00108423 0.000302086 6.94872e-05 2.72085e-05 1.82843e-05 1.62396e-05 2.96167e-05 0.000109912 0.000262813 0.000171306 6.04463e-05 1.71837e-05 2.93611e-05
0.0115041 0.000874958 0.00112388 0.00148208 0.00116412 0.000922119 0.000917563 0.00120896 0.00182195 0.0025583 0.00224371 0.00221948 0.00426132 0.00590621 0.00479906 0.00313949 0.00161667 0.000913406 0.000879013 0.000978013 0.00101495 0.00141393 0.00249444 0.00326734 0.00315541 0.00166159 0.000779704 0.00174409
