0.0105098 0.000341652 0.000161356 0.000326556 0.000770204 0.000723701 0.000932502 0.00119638 0.0013385 0.000962845 0.000543386 0.000648509 0.00253916 0.010563 0.0122031 0.00448415 0.00220179 0.00202177 0.00160724 0.00116171 0.000858811 0.000667844 0.00106072 0.00343102 0.00613111 0.00457963 0.00257225 0.00348053
0.00258378 1.65968e-05 1.22286e-05 4.18144e-05 9.84616e-05 9.54133e-05 0.000203871 0.000406834 0.000502911 0.000297478 9.20119e-05 9.55726e-05 0.000752142 0.00465363 0.00860598 0.00465168 0.0026547 0.00187335 0.000891053 0.000418859 0.000158197 0.000100089 0.000232469 0.000980586 0.00113651 0.000456298 0.000152168 0.00023546
0.00228981 2.39623e-05 2.55706e-05 0.000104215 0.000241616 0.000379948 0.00155825 0.00506145 0.00608845 0.00250962 0.000607764 0.000516292 0.00297976 0.0198395 0.0670311 0.0824547 0.0589327 0.0211287 0.00567718 0.0017727 0.00047641 0.000328047 0.000863652 0.0021295 0.000804862 0.000156213 7.43509e-05 0.000151884
0.0018502 2.05544e-05 1.32401e-05 5.71306e-05 0.000270505 0.000895582 0.00288748 0.0105085 0.0284862 0.0181218 0.00448747 0.00312618 0.00771725 0.0271061 0.0885417 0.0902333 0.0377135 0.00508801 0.00135198 0.000701601 0.000250833 0.000228956 0.000599155 0.00106863 0.000288445 6.58017e-05 4.85543e-05 0.000106403
0.00217496 2.59253e-05 1.41619e-05 0.000102775 0.00117834 0.00321094 0.00557241 0.0267316 0.170187 0.270129 0.10998 0.0695431 0.114255 0.174523 0.249936 0.117258 0.0164262 0.00131496 0.000512235 0.000532787 0.000263909 0.000285172 0.000817656 0.00195221 0.000616623 0.000145296 9.87231e-05 0.000128104
0.00330421 6.18732e-05 4.31509e-05 0.000306865 0.00243744 0.00439018 0.0136349 0.167552 0.719726 0.885535 0.841351 0.800917 0.835854 0.812951 0.712897 0.221577 0.00980277 0.000468927 0.000200136 0.000220993 0.000158051 0.000235526 0.000749202 0.00198007 0.000509198 0.000103036 8.36255e-05 0.00013838
0.00581858 0.000216606 0.000242221 0.000946029 0.00393374 0.0110656 0.11991 0.772737 0.956372 0.97657 0.973323 0.972093 0.973194 0.963088 0.901818 0.379633 0.0141524 0.000493763 0.000181637 0.0002227 0.000212721 0.00034596 0.000875327 0.00131898 0.000217563 4.04225e-05 3.65346e-05 8.52871e-05
0.00600624 0.000244794 0.000331161 0.00103676 0.00407024 0.0233487 0.481157 0.945063 0.958435 0.915619 0.808786 0.752042 0.759916 0.884881 0.911882 0.609942 0.041309 0.00172949 0.000711218 0.000612198 0.000417861 0.000380115 0.000673286 0.000803934 0.000112247 2.67089e-05 2.44319e-05 5.88242e-05
0.00407139 9.83271e-05 0.000101309 0.000292861 0.00140834 0.0149312 0.311129 0.793305 0.654303 0.235599 0.0738733 0.0317938 0.0502986 0.471764 0.916118 0.822626 0.124794 0.00929301 0.00498524 0.00209291 0.000569272 0.000314541 0.000406785 0.000534691 0.000104645 2.79276e-05 2.36861e-05 5.25282e-05
0.00241654 2.70176e-05 2.10825e-05 6.57087e-05 0.000352731 0.00337329 0.0393167 0.128004 0.0438024 0.00682499 0.00175029 0.000945409 0.00772179 0.329267 0.94064 0.934981 0.439335 0.102651 0.0558006 0.0105679 0.0010725 0.000340269 0.000311379 0.000332831 8.38378e-05 2.45752e-05 2.61369e-05 5.77307e-05
0.00142899 7.94908e-06 4.54885e-06 1.90349e-05 0.000138657 0.000951748 0.00394255 0.00889813 0.00532295 0.00126633 0.000559773 0.000967846 0.0291369 0.680014 0.948892 0.915338 0.596286 0.28267 0.130622 0.0141748 0.00113879 0.000301184 0.00029946 0.000335136 9.43508e-05 3.47273e-05 4.72739e-05 8.95562e-05
0.0010812 4.64524e-06 2.05978e-06 9.93067e-06 9.73959e-05 0.000490777 0.00101905 0.00217814 0.00242334 0.00201911 0.00466818 0.0287941 0.457934 0.927843 0.919306 0.713208 0.33107 0.130011 0.0399692 0.00321166 0.000497582 0.000270558 0.000336476 0.00049564 0.000220613 9.13916e-05 0.000105263 0.000131399
0.00129826 5.53143e-06 2.71549e-06 1.99346e-05 0.00017924 0.000488879 0.00129263 0.00294792 0.00468329 0.0176408 0.116631 0.523577 0.907864 0.962991 0.885891 0.631447 0.322499 0.0848656 0.01186 0.000919261 0.000358566 0.000377428 0.000499799 0.000909201 0.000605947 0.00030233 0.000250179 0.000179528
0.00180114 1.04895e-05 5.21412e-06 2.76198e-05 0.000161656 0.00027566 0.000969347 0.00477763 0.0257727 0.286128 0.805696 0.93286 0.955546 0.952677 0.885655 0.837435 0.7709 0.253013 0.00943642 0.000585219 0.000409271 0.000473489 0.000720159 0.00145259 0.00115229 0.000720333 0.000449746 0.000199159
0.00208962 1.61285e-05 8.80474e-06 2.44024e-05 9.75794e-05 0.000169943 0.000805747 0.00848098 0.11463 0.800723 0.962281 0.968791 0.943523 0.876691 0.812684 0.910807 0.945634 0.606197 0.0328514 0.00245469 0.00120677 0.000939474 0.00149258 0.00357229 0.00219372 0.00101345 0.000480473 0.000148988
0.00483982 6.27686e-05 2.3367e-05 3.60579e-05 0.000173479 0.000351663 0.00135819 0.0105665 0.129619 0.708137 0.880301 0.850243 0.702167 0.497215 0.417667 0.74117 0.933491 0.876743 0.384238 0.0853651 0.021024 0.00621687 0.00736439 0.0105016 0.00484823 0.00124296 0.00023784 6.7913e-05
0.0114146 0.000248249 5.35582e-05 6.44511e-05 0.000358073 0.000575169 0.00101623 0.0038205 0.0233241 0.108896 0.154985 0.113519 0.0652664 0.0378405 0.0610709 0.248182 0.627828 0.833254 0.843551 0.752758 0.299596 0.0421091 0.022854 0.0162373 0.0040272 0.000575747 7.05448e-05 2.96311e-05
0.00768234 0.000140961 3.8651e-05 6.67763e-05 0.000312233 0.000394284 0.000571292 0.0012267 0.00213234 0.00371908 0.00453344 0.00399693 0.00383201 0.00484003 0.0145998 0.0397605 0.0658116 0.291335 0.866816 0.954572 0.744416 0.153223 0.0307065 0.00696146 0.000995965 0.000144388 2.1333e-05 1.45285e-05
0.00315365 3.92582e-05 2.07172e-05 5.78538e-05 0.000159284 0.000216594 0.000372135 0.000487183 0.000307249 0.000327423 0.000569577 0.000732967 0.00129594 0.00485207 0.0131804 0.00809038 0.00596327 0.0680629 0.830868 0.977606 0.846079 0.124469 0.0116024 0.00129242 0.000213123 5.50212e-05 1.2247e-05 1.29806e-05
0.00218847 2.08863e-05 1.5835e-05 5.63881e-05 0.000136433 0.000182046 0.000222872 0.000166796 0.000103479 0.000123068 0.000128785 0.000221378 0.00177943 0.0168867 0.0204445 0.00497206 0.00359993 0.0574804 0.842011 0.973532 0.799667 0.064537 0.00320134 0.000459661 0.000228755 0.000130187 3.9746e-05 2.82654e-05
0.00198378 2.08535e-05 1.37653e-05 5.24667e-05 0.000171308 0.000181949 0.00011727 9.49238e-05 0.000105878 0.000138784 0.000133257 0.000386092 0.00881283 0.0826773 0.046322 0.0147377 0.0299877 0.319968 0.891711 0.951557 0.678823 0.0393001 0.00247722 0.00074811 0.000845274 0.000668849 0.000186938 7.00371e-05
0.00208588 2.33336e-05 1.2687e-05 5.07986e-05 0.000237565 0.000264712 0.000127074 0.000104775 0.000126147 0.000206208 0.000376924 0.00220727 0.0541789 0.2938 0.298081 0.320093 0.654217 0.903293 0.94583 0.917767 0.552431 0.0420536 0.00450267 0.00173285 0.00126318 0.000514275 0.000115933 6.59228e-05
0.00256427 3.09641e-05 1.65011e-05 8.27499e-05 0.00041575 0.000409485 0.000251208 0.000163536 0.000183696 0.000508716 0.00239859 0.0277924 0.287116 0.609694 0.799907 0.935916 0.97285 0.978121 0.954652 0.812768 0.30026 0.0324004 0.00762656 0.00284849 0.000664211 0.000144726 3.12008e-05 3.30915e-05
0.00255453 3.73575e-05 2.85007e-05 0.00018247 0.000687253 0.000411251 0.000322389 0.000375826 0.00114523 0.0100905 0.0956695 0.548469 0.863127 0.899951 0.925208 0.941738 0.941142 0.912676 0.711915 0.339066 0.0910487 0.0209 0.0112448 0.00569122 0.000662135 9.39546e-05 1.76763e-05 2.22573e-05
0.00244105 3.26081e-05 3.25032e-05 0.000172716 0.000324198 0.000143712 0.000214634 0.000996845 0.0118425 0.158013 0.49094 0.808849 0.925335 0.918666 0.843286 0.57103 0.282169 0.155031 0.0542086 0.0211849 0.0144029 0.0133015 0.0116965 0.00585649 0.000467079 4.55779e-05 7.98003e-06 1.44269e-05
0.0030089 4.33309e-05 6.1088e-05 0.000234783 0.000159204 6.1833e-05 0.000139671 0.0011759 0.0226017 0.142796 0.182372 0.264422 0.524087 0.56852 0.271746 0.0391112 0.00696644 0.00382405 0.00193621 0.00105565 0.00101606 0.00147166 0.00248708 0.00167149 0.000118215 1.18331e-05 2.3192e-06 7.00685e-06
0.00621083 0.000247931 0.000536072 0.00113867 0.000402413 0.000161601 0.000250257 0.00123189 0.00873306 0.0195347 0.0104632 0.0151046 0.0586919 0.103105 0.0401571 0.00539846 0.0018873 0.00137954 0.000913922 0.000553393 0.000429467 0.000536708 0.00106579 0.000833741 0.000126128 2.59415e-05 5.42571e-06 2.19805e-05
0.0222475 0.00411726 0.00662963 0.00698293 0.00414849 0.00266329 0.00281851 0.00453294 0.0101833 0.0112796 0.006866 0.0103699 0.0242224 0.0350376 0.0211106 0.00824664 0.00585549 0.00511572 0.00445534 0.00362954 0.00263241 0.00293051 0.00361054 0.00312099 0.00199151 0.00111214 0.000622597 0.0021386
