0.0132191 0.000325364 9.26443e-05 0.000213794 0.00109662 0.00229343 0.00319189 0.00341936 0.00243019 0.00249153 0.00519399 0.0113741 0.00803492 0.00346903 0.00198204 0.00151484 0.0020457 0.00168012 0.000909126 0.000521078 0.000368298 0.00048185 0.000664515 0.000768716 0.000947065 0.00098438 0.000962925 0.00262409
0.00250902 9.03731e-06 5.02831e-06 2.68214e-05 0.000129269 0.000200533 0.000407405 0.000537143 0.000246335 0.000211845 0.000557178 0.00143002 0.00129704 0.00108278 0.00101849 0.00125103 0.00263245 0.00143449 0.00040573 0.000135496 5.72927e-05 5.61907e-05 6.04065e-05 5.39807e-05 6.29695e-05 6.90251e-05 6.41578e-05 0.000182352
0.00142465 7.81844e-06 9.39966e-06 6.20061e-05 0.000150389 0.000182547 0.000483598 0.000556342 0.000188335 0.000127169 0.000264582 0.000787829 0.00291483 0.00823656 0.0181946 0.0751505 0.129072 0.0306392 0.0041842 0.000470725 0.00010603 7.23231e-05 5.57857e-05 5.01138e-05 4.47176e-05 4.34784e-05 5.80698e-05 0.000139962
0.00105847 7.90377e-06 1.11665e-05 6.90757e-05 0.000117896 0.00015086 0.000384845 0.000343033 0.00013083 8.36664e-05 8.82469e-05 0.000211057 0.00135394 0.0127564 0.162511 0.740653 0.726696 0.156916 0.012004 0.000538002 9.97622e-05 7.42404e-05 4.56236e-05 5.10164e-05 5.90494e-05 5.64693e-05 6.05024e-05 9.12746e-05
0.00120936 1.48433e-05 2.20379e-05 0.000175888 0.000428219 0.00052543 0.000795563 0.000592042 0.000249737 0.000139988 0.000179014 0.000403939 0.00209373 0.0529941 0.716929 0.9699 0.903377 0.156438 0.0094669 0.000609914 0.000230511 0.000287554 0.000186266 0.000298375 0.000328915 0.000172936 0.000100261 7.2783e-05
0.0014533 2.2554e-05 2.46456e-05 0.00018583 0.000676599 0.000900978 0.000889234 0.000599083 0.000307527 0.000186154 0.000268446 0.00110391 0.0114414 0.290617 0.917146 0.959895 0.559308 0.0101566 0.000575913 0.000122261 0.000136077 0.000316973 0.000324982 0.000639979 0.000581111 0.00018198 5.92259e-05 5.25595e-05
0.00200872 3.92265e-05 3.46321e-05 0.000245959 0.000900341 0.00113608 0.000940193 0.000625735 0.000493617 0.000337775 0.000646238 0.00723828 0.108809 0.749194 0.948997 0.821098 0.0838222 0.000763515 0.000106363 8.86476e-05 0.000149398 0.000403767 0.000599457 0.00110369 0.000484032 0.000101997 2.03706e-05 3.04265e-05
0.00227233 5.39474e-05 5.5105e-05 0.000443329 0.0012079 0.00094247 0.00057229 0.000378839 0.000379491 0.000543443 0.003576 0.094675 0.63826 0.922353 0.926728 0.531185 0.0342293 0.000986523 0.000232908 0.000216419 0.000302198 0.000666631 0.00157202 0.00268994 0.000429411 5.67806e-05 8.12974e-06 2.06712e-05
0.00219646 5.51678e-05 9.39311e-05 0.000807051 0.00144769 0.000545795 0.000284569 0.00021172 0.000293208 0.00123659 0.0188934 0.492913 0.906923 0.937047 0.810265 0.245562 0.0399595 0.00519365 0.0015439 0.000877891 0.000770729 0.00136866 0.00282109 0.00282114 0.000221097 2.32412e-05 3.30929e-06 1.67157e-05
0.00188088 3.96169e-05 8.19184e-05 0.000700706 0.00106738 0.000344271 0.000262141 0.00034018 0.000579814 0.00521532 0.156446 0.835751 0.911802 0.771272 0.265067 0.0323185 0.00980758 0.00317103 0.00197977 0.00172212 0.00221968 0.00379029 0.00385026 0.00146235 8.2378e-05 1.04217e-05 2.55817e-06 1.42787e-05
0.00153926 3.18356e-05 7.8545e-05 0.000837795 0.00125182 0.000499094 0.000622631 0.00110571 0.00250054 0.034015 0.570839 0.929344 0.837939 0.269053 0.0316912 0.00450371 0.00283541 0.00442942 0.0053807 0.00623852 0.0100656 0.00755967 0.0023023 0.000465069 5.51671e-05 1.53687e-05 5.85522e-06 2.18522e-05
0.00313355 0.000130649 0.000504457 0.00482494 0.00504247 0.00143628 0.00162923 0.00270432 0.00646351 0.0917537 0.760457 0.916201 0.495997 0.0360196 0.0053059 0.00389441 0.0176117 0.103851 0.125453 0.0489484 0.021407 0.00333285 0.000615216 0.000232503 6.92425e-05 5.49405e-05 7.06569e-05 0.000114969
0.00790838 0.000928141 0.00437869 0.0242446 0.0204933 0.00364783 0.00301017 0.00386238 0.00924993 0.169681 0.825576 0.821769 0.193452 0.0152315 0.0069281 0.0314086 0.265121 0.672479 0.590639 0.104434 0.0104749 0.000678533 0.000222083 0.000282002 0.000216483 0.00061472 0.00164673 0.000984967
0.0109802 0.00173526 0.00648205 0.0218033 0.0200767 0.00383806 0.002496 0.00409581 0.0229174 0.442542 0.870058 0.683569 0.176205 0.0960119 0.224249 0.671207 0.896166 0.921015 0.796547 0.191749 0.0098127 0.000389694 0.00014671 0.000326102 0.000569431 0.00289799 0.0101329 0.00364571
0.0101755 0.00100003 0.00201579 0.00459455 0.00472963 0.00102304 0.000875445 0.00525226 0.0991177 0.79674 0.936832 0.761363 0.445892 0.639563 0.887589 0.954182 0.947895 0.930352 0.870406 0.408605 0.0262185 0.000657025 0.000169821 0.000491094 0.00107516 0.00386841 0.00824723 0.00233788
0.00994714 0.000630108 0.000921086 0.00172745 0.00136616 0.000246514 0.000267308 0.0031848 0.0874279 0.716465 0.897206 0.838183 0.769053 0.860448 0.905954 0.79254 0.455172 0.547265 0.809533 0.578213 0.0458053 0.00107009 0.000413922 0.0017377 0.00223742 0.00234048 0.00202234 0.000613717
0.00799667 0.000474936 0.000718412 0.000978556 0.000482959 8.07673e-05 0.000107543 0.00103635 0.0172383 0.273681 0.694082 0.81861 0.859056 0.853387 0.58877 0.0938689 0.0157793 0.081447 0.7374 0.650195 0.0383829 0.00115102 0.000999226 0.0041598 0.00319887 0.00132119 0.000713888 0.000296318
0.00923439 0.00055426 0.000602907 0.000469286 0.000224032 5.48623e-05 0.000103913 0.000779231 0.00767303 0.138404 0.671179 0.88791 0.921091 0.821202 0.137611 0.00708808 0.00208234 0.0290751 0.776914 0.712841 0.0403014 0.00189315 0.00236473 0.0062804 0.00325377 0.00144612 0.000955784 0.000426913
0.0119314 0.000573501 0.000492623 0.000299874 0.000181823 8.9432e-05 0.000257185 0.00175965 0.0124599 0.166427 0.75456 0.94491 0.966826 0.893574 0.174849 0.0168626 0.0171565 0.210244 0.825712 0.497586 0.0305691 0.00368257 0.00550053 0.0101284 0.0033441 0.00171285 0.00156506 0.000635213
0.00851037 0.000319427 0.000228882 0.000174745 0.000175525 0.000178333 0.000798343 0.00433037 0.018507 0.109071 0.559624 0.874232 0.937255 0.925859 0.69412 0.575257 0.767549 0.908953 0.847407 0.221407 0.0208867 0.00607054 0.00757521 0.00872593 0.00243505 0.000823903 0.000408351 0.000219163
0.00485257 0.000112412 7.45443e-05 9.67401e-05 0.000209984 0.000387277 0.00137226 0.00457315 0.0110541 0.0296489 0.118074 0.270116 0.44343 0.730392 0.874227 0.967854 0.985502 0.95942 0.624518 0.0741514 0.0163279 0.00818909 0.0058678 0.00465407 0.00114856 0.000214236 4.94438e-05 5.19241e-05
0.00340568 5.56837e-05 2.91106e-05 5.71457e-05 0.000218393 0.000560522 0.00193872 0.005474 0.00937218 0.0118199 0.0167161 0.018836 0.0512634 0.274075 0.752437 0.912013 0.886276 0.632623 0.133387 0.0304448 0.0180221 0.0105582 0.00436487 0.0022429 0.000398614 5.71574e-05 1.36192e-05 2.87543e-05
0.00333129 5.10277e-05 2.09806e-05 6.46345e-05 0.000322731 0.000901653 0.00298655 0.00842427 0.0106009 0.00661362 0.00589797 0.00540643 0.0124636 0.0587113 0.166139 0.165147 0.0633343 0.019739 0.0138843 0.0186537 0.0154628 0.00804728 0.00236703 0.00068713 9.09769e-05 1.95224e-05 1.16841e-05 3.76769e-05
0.00330675 6.36922e-05 3.23812e-05 0.000131446 0.000515118 0.000993766 0.00333307 0.00817827 0.00687147 0.00292286 0.00275462 0.00333519 0.00393911 0.00718289 0.00769345 0.00431838 0.00156121 0.000736232 0.00156196 0.00322335 0.00350338 0.00236988 0.000566863 0.0001684 3.65548e-05 1.64885e-05 2.1914e-05 5.18265e-05
0.00451378 4.90276e-05 3.0981e-05 0.000105914 0.000307376 0.000560704 0.00231997 0.00454884 0.00194112 0.000741501 0.000744913 0.000854898 0.000626316 0.000729797 0.000686123 0.000401895 0.000197644 0.000124258 0.000213545 0.000345743 0.000301303 0.000149286 5.00164e-05 2.72516e-05 2.31748e-05 3.28729e-05 4.55511e-05 6.20282e-05
0.00260776 1.16448e-05 1.06323e-05 5.3496e-05 0.000166952 0.000329839 0.000832269 0.000748159 0.000231711 8.89499e-05 6.88735e-05 6.06448e-05 5.68873e-05 8.73434e-05 8.98429e-05 5.71157e-05 4.03151e-05 3.70268e-05 5.66798e-05 7.52349e-05 3.77934e-05 1.32553e-05 5.84603e-06 7.22874e-06 3.46734e-05 0.000121628 0.000140852 0.000108036
0.00216902 1.79613e-05 2.86231e-05 0.000141218 0.000368827 0.000512555 0.000635992 0.000378374 0.00014408 6.75229e-05 4.77339e-05 5.33023e-05 8.91691e-05 0.000152481 0.000148766 9.94425e-05 7.90742e-05 9.2034e-05 0.000141801 0.00015239 7.03618e-05 3.05197e-05 1.65866e-05 3.34756e-05 0.000276941 0.000836049 0.000584512 0.000438853
0.0117373 0.000974501 0.00141712 0.00227835 0.00316654 0.00336932 0.00275452 0.00190929 0.0014662 0.00119173 0.00106746 0.00133071 0.0019822 0.00259122 0.00228481 0.00184053 0.0016767 0.00188619 0.00226991 0.00217878 0.0016122 0.00116826 0.000900635 0.0014072 0.00438824 0.00585552 0.00475716 0.00823164
