0.00932783 0.000228479 9.86131e-05 0.000196617 0.000558304 0.000891427 0.00107122 0.000948161 0.000707133 0.000429275 0.000394651 0.000515801 0.000853552 0.00267781 0.00454042 0.00356222 0.00204172 0.00113659 0.00147831 0.00217187 0.00114936 0.000589418 0.000883708 0.0014266 0.00113929 0.000820242 0.000517058 0.00154688
0.00222703 9.2598e-06 5.00148e-06 1.87755e-05 7.72297e-05 0.000132579 0.000179831 0.000143486 8.36651e-05 5.38109e-05 6.10754e-05 8.76444e-05 0.000160144 0.000633734 0.00112476 0.000755879 0.000344352 0.000181921 0.000453323 0.000879949 0.000187476 4.63558e-05 7.11512e-05 0.000158986 0.000141327 0.000109219 3.25269e-05 7.75696e-05
0.00214831 1.36631e-05 9.63017e-06 5.3433e-05 0.000209369 0.00031406 0.000450441 0.000329822 0.000182643 0.000167539 0.000255755 0.000373931 0.000983811 0.00402865 0.00583778 0.00309798 0.00126947 0.000955305 0.00229004 0.0025708 0.000371496 6.5134e-05 9.5366e-05 0.00028905 0.000173845 8.10613e-05 2.85808e-05 5.28573e-05
0.00150303 1.31151e-05 1.1177e-05 7.17892e-05 0.000215463 0.000241699 0.000283759 0.000235906 0.000220887 0.00025454 0.000237474 0.00029365 0.001073 0.00548488 0.0126233 0.00870851 0.00243595 0.00100767 0.00128157 0.000928543 0.000237155 0.000105092 0.000214978 0.000744168 0.000342388 7.72816e-05 3.07524e-05 3.82179e-05
0.00140117 1.94543e-05 2.834e-05 0.000180175 0.000452025 0.000361016 0.00030877 0.000361608 0.000582249 0.000642052 0.000512592 0.000868373 0.00377415 0.0259448 0.0776779 0.0701102 0.0158299 0.00210124 0.00147675 0.00119252 0.0005899 0.000725354 0.0017254 0.00435933 0.00159669 0.00019391 6.77171e-05 5.25352e-05
0.00316707 7.38662e-05 8.5243e-05 0.000284803 0.000782823 0.000821839 0.000659298 0.000805736 0.00157544 0.0026528 0.00550845 0.0219633 0.0851112 0.285548 0.443096 0.299833 0.0604087 0.00527922 0.0025673 0.00199396 0.00110356 0.0013133 0.00193481 0.00367242 0.0015707 0.000257776 0.000133391 9.94565e-05
0.00895563 0.000339346 0.000215667 0.000482416 0.00211783 0.0031383 0.0036544 0.0034169 0.00555297 0.0223861 0.115303 0.515843 0.768338 0.823204 0.795523 0.499755 0.0930551 0.00945788 0.00489659 0.0036568 0.001647 0.00107065 0.000952432 0.00161034 0.000855629 0.000257845 0.000137392 0.000103779
0.014545 0.000712234 0.000263439 0.000446427 0.00213758 0.00279368 0.00384945 0.00447055 0.0101055 0.0837447 0.378383 0.706607 0.788072 0.73127 0.602495 0.306061 0.0741464 0.0138586 0.00491299 0.00185514 0.00078649 0.000493329 0.000473478 0.000796469 0.000327214 9.97026e-05 3.29769e-05 4.37877e-05
0.0150787 0.000596966 0.00020829 0.000313396 0.000917198 0.000985673 0.00137054 0.00248221 0.0121703 0.127082 0.291607 0.246182 0.126259 0.0623176 0.0474399 0.0399578 0.0318562 0.0121598 0.00226202 0.000423365 0.000211397 0.000232591 0.000430006 0.000763503 0.000176314 4.2676e-05 8.86647e-06 1.90525e-05
0.00691678 0.000142954 8.88431e-05 0.000238575 0.000484275 0.00040929 0.000465976 0.00102299 0.0108419 0.146644 0.202493 0.0640691 0.01298 0.00335875 0.00230077 0.00294211 0.00537924 0.00317415 0.000536861 0.000120586 8.26119e-05 0.000137628 0.000348076 0.000518238 0.000101709 2.84137e-05 6.25978e-06 1.55586e-05
0.00223912 3.49428e-05 4.33797e-05 0.000234183 0.000383967 0.000186131 0.000186677 0.000560743 0.00955358 0.241768 0.352555 0.0798405 0.00955847 0.00105064 0.000652983 0.00129927 0.00250386 0.00161107 0.000341089 8.98764e-05 7.91125e-05 0.000167885 0.000418856 0.000643266 0.00014298 3.20737e-05 6.81347e-06 1.46759e-05
0.00146968 1.87237e-05 2.88275e-05 0.000216097 0.000381663 0.000137209 0.000112246 0.000516015 0.0152084 0.471645 0.647439 0.172076 0.0114509 0.000619044 0.000395274 0.00157494 0.00427149 0.00324737 0.000834817 0.000253751 0.000298486 0.000645815 0.00142746 0.00250565 0.000519362 5.36082e-05 1.26666e-05 1.46444e-05
0.0016394 2.61753e-05 2.89218e-05 0.000208075 0.000367265 0.00012248 0.000150281 0.00130223 0.0354914 0.655374 0.789732 0.233561 0.0133267 0.000791128 0.00102481 0.00828488 0.0227775 0.0145882 0.00411637 0.0015971 0.00178633 0.00304589 0.00747324 0.0197273 0.00407756 0.000189416 3.249e-05 1.97967e-05
0.00221386 5.69788e-05 9.33452e-05 0.000534601 0.000416626 0.000101433 0.000265456 0.0041495 0.0805831 0.778079 0.881039 0.372767 0.0237752 0.00300488 0.0102221 0.130454 0.249217 0.122381 0.0476913 0.0156309 0.00850253 0.0086588 0.0294194 0.146198 0.0448742 0.00129924 0.000128651 3.48675e-05
0.00263053 0.000105257 0.000278647 0.000931701 0.000441223 0.000126685 0.000543227 0.00799452 0.107642 0.760524 0.878289 0.43136 0.0613088 0.022387 0.0825688 0.595801 0.648161 0.311085 0.165951 0.0353103 0.0126155 0.0112099 0.040747 0.352786 0.238581 0.0125495 0.000840419 8.50017e-05
0.00284745 9.44676e-05 0.000145673 0.000296561 0.000225411 0.000122679 0.000469397 0.00417684 0.0586875 0.567124 0.755562 0.454776 0.169081 0.143293 0.372282 0.877567 0.842875 0.355127 0.0982722 0.010022 0.00458908 0.00970294 0.0747807 0.701004 0.68758 0.0863 0.00377322 0.000171899
0.00311414 5.26734e-05 3.18639e-05 7.10194e-05 0.000143315 0.000127797 0.000218394 0.0013274 0.0255662 0.247562 0.316346 0.192772 0.129678 0.171738 0.350913 0.802396 0.833473 0.332933 0.0363542 0.0023525 0.0020337 0.014714 0.153298 0.744789 0.706667 0.108039 0.00475587 0.000231923
0.00253094 3.60598e-05 1.8507e-05 6.69347e-05 0.000225434 0.00020675 0.000273691 0.0011284 0.00699382 0.0172347 0.0178901 0.0173029 0.0165237 0.0302802 0.109843 0.613798 0.851258 0.483444 0.0400781 0.00191943 0.00145266 0.00915957 0.0775411 0.332188 0.171261 0.0220226 0.00369249 0.000445852
0.00219005 3.46521e-05 3.2602e-05 0.000177306 0.000454501 0.000346394 0.000412677 0.000819513 0.00135129 0.0010945 0.00134044 0.00247388 0.00272164 0.00711989 0.0758926 0.727548 0.93909 0.719646 0.0800995 0.00296668 0.00130819 0.00373518 0.0197958 0.0584696 0.012213 0.00289194 0.00270864 0.000863175
0.00209667 3.23846e-05 4.32783e-05 0.00025963 0.000544251 0.000368836 0.000514079 0.000724119 0.000385831 0.000200002 0.000366591 0.000866971 0.00103038 0.00301346 0.0426551 0.659883 0.929088 0.697185 0.0795815 0.00362406 0.00194649 0.00330863 0.00445846 0.00490899 0.000753119 0.00021478 0.000266728 0.000248388
0.00222271 4.08298e-05 6.56484e-05 0.000382683 0.000671736 0.000414967 0.000489312 0.000495731 0.000200502 0.000131627 0.000313945 0.000721868 0.000806588 0.00171306 0.0197698 0.513849 0.886836 0.589813 0.0593423 0.00440342 0.00250151 0.00204835 0.00106066 0.00060939 0.000117553 3.13628e-05 1.88279e-05 3.38694e-05
0.00527905 0.000169277 0.000255721 0.000715555 0.000718792 0.000271677 0.000200161 0.000166415 9.15384e-05 0.000119077 0.000389024 0.000887069 0.00107749 0.00215534 0.0263638 0.614037 0.90697 0.608715 0.0631414 0.00421849 0.00164067 0.000827074 0.000315234 0.000195284 6.2317e-05 2.36506e-05 1.44567e-05 2.40919e-05
0.0123583 0.000603367 0.000553604 0.000507785 0.000418852 0.00011746 6.25576e-05 6.26189e-05 6.04544e-05 0.000153708 0.00062962 0.00168555 0.00318245 0.00899247 0.0772765 0.754659 0.909178 0.520938 0.0543002 0.00285596 0.000802345 0.00041663 0.00020306 0.00020078 9.87005e-05 4.76308e-05 3.7739e-05 4.5439e-05
0.0176245 0.00103243 0.000599453 0.000284421 0.00026285 0.000117297 8.42494e-05 0.000132115 0.000219889 0.000589207 0.0022072 0.00499285 0.00910486 0.0223684 0.155598 0.817592 0.880194 0.358065 0.0233958 0.00107502 0.000327441 0.000295308 0.00021948 0.000296855 0.000230685 9.90486e-05 5.54927e-05 5.22801e-05
0.0166307 0.000608967 0.000283899 0.000115815 0.000138332 0.000124658 0.000141257 0.000298006 0.000552269 0.00101241 0.0034629 0.00582035 0.00544948 0.00990493 0.0750569 0.626421 0.714607 0.113099 0.00372896 0.000198784 8.98049e-05 0.000145141 0.000140502 0.000219548 0.000154066 6.65544e-05 3.04563e-05 3.70545e-05
0.0132483 0.000264324 6.83853e-05 3.03925e-05 4.88553e-05 8.03101e-05 0.000120186 0.000226101 0.000329437 0.000499436 0.00225159 0.00395675 0.00207864 0.00249609 0.0145302 0.113004 0.106998 0.00626369 0.00027127 4.30313e-05 4.67404e-05 0.000119193 0.000142133 0.000163336 5.53276e-05 1.56965e-05 6.78056e-06 1.71195e-05
0.0147744 0.000388088 8.82056e-05 4.99303e-05 9.23251e-05 0.00017675 0.000281781 0.000399477 0.000358881 0.000533941 0.00288361 0.00539757 0.00171451 0.00145059 0.00615451 0.0189779 0.00996224 0.00103467 0.000166841 0.000102846 0.000203751 0.000434371 0.000516425 0.000365846 8.34433e-05 2.29021e-05 8.66758e-06 4.04235e-05
0.0301959 0.00369866 0.0016384 0.00112537 0.0017016 0.00245671 0.00324828 0.00348331 0.00228758 0.00275271 0.00729519 0.00896121 0.00469561 0.00405273 0.00667392 0.00971739 0.00638828 0.00252478 0.00172226 0.00200395 0.00276798 0.00354178 0.00368359 0.00285578 0.00170348 0.000939703 0.000700404 0.00267636
