0.013454 0.000598343 0.000331563 0.000583414 0.00113365 0.00135763 0.00202573 0.00238334 0.00175628 0.00113956 0.00115299 0.00156991 0.00147092 0.00107584 0.00133707 0.00203976 0.00184422 0.00157434 0.00133883 0.00092784 0.00099875 0.0013901 0.00166047 0.00170464 0.0014699 0.00144649 0.00167795 0.00427771
0.00270753 1.7588e-05 1.50607e-05 4.6278e-05 0.000100995 0.000133787 0.000281544 0.000355788 0.000168487 9.91952e-05 0.000162125 0.000304087 0.000184359 9.5726e-05 0.000192981 0.000469091 0.000449956 0.000281751 0.000112703 5.52678e-05 0.000103081 0.000269155 0.000449087 0.00044287 0.000271326 0.000206811 0.000209303 0.000377398
0.00152683 1.04066e-05 1.05214e-05 4.85788e-05 0.000112413 0.000160947 0.000356107 0.00039123 0.000170476 0.000141651 0.000400329 0.000796973 0.000398814 0.000223244 0.00051196 0.00141416 0.00113947 0.000365446 0.000112485 0.000100952 0.000418009 0.0018991 0.00303188 0.00189358 0.000651697 0.000278116 0.000280801 0.000290707
0.0010375 6.59697e-06 5.55787e-06 2.8197e-05 6.08052e-05 7.3248e-05 0.000121613 0.000122262 6.62586e-05 8.18924e-05 0.000323433 0.000843001 0.000632022 0.000436299 0.000777138 0.00124517 0.000540443 0.000147097 0.000100314 0.000268484 0.00150402 0.00395032 0.00335869 0.0010631 0.000246446 9.92284e-05 5.82972e-05 7.75405e-05
0.00123102 9.82666e-06 8.98829e-06 5.1112e-05 0.000113281 9.91961e-05 0.000106195 0.000110414 0.000110666 0.000195468 0.000822167 0.00341248 0.00314874 0.00186461 0.00241094 0.00215182 0.000778379 0.000358467 0.000838211 0.00481276 0.0155786 0.0112986 0.00364854 0.000739785 0.000133365 6.27365e-05 1.95698e-05 2.77352e-05
0.00152565 1.48491e-05 1.04048e-05 4.68496e-05 0.000122079 0.000115717 9.73352e-05 0.000102537 0.000129581 0.000313658 0.00254399 0.0155727 0.00914254 0.00268628 0.00247059 0.00205087 0.000873876 0.000842096 0.00663567 0.0511805 0.0585809 0.0123432 0.00200432 0.000317733 6.48843e-05 4.71855e-05 1.22042e-05 1.92538e-05
0.00182918 1.80014e-05 1.04954e-05 4.76076e-05 0.000157202 0.000171426 0.000169359 0.000238587 0.000375374 0.00151408 0.0185808 0.0654817 0.0181543 0.00269258 0.00192298 0.0016403 0.00102347 0.0019402 0.0268032 0.247979 0.17443 0.0153219 0.00168724 0.000243605 4.20728e-05 3.29419e-05 8.77997e-06 1.7505e-05
0.00248399 3.06831e-05 1.53359e-05 6.11527e-05 0.000219264 0.000264022 0.000386181 0.000835891 0.00155296 0.00646971 0.0626933 0.0747255 0.0115022 0.00204102 0.00162539 0.00186729 0.00139147 0.00387256 0.073052 0.569354 0.436074 0.031717 0.00235138 0.000271035 6.04784e-05 4.87694e-05 1.11866e-05 2.02435e-05
0.0029611 4.44711e-05 2.36668e-05 7.82005e-05 0.000239391 0.000353779 0.000973701 0.00338293 0.00856598 0.0268294 0.081795 0.0270521 0.0032191 0.00117869 0.00136671 0.00234716 0.0030157 0.00878082 0.111516 0.734377 0.718155 0.0954889 0.00468625 0.000392293 0.000107474 8.51119e-05 1.70261e-05 2.95721e-05
0.00361114 6.61908e-05 2.97259e-05 0.000100963 0.00042092 0.000860212 0.00319127 0.0194841 0.113222 0.225855 0.107702 0.00773779 0.00105284 0.000793657 0.00133627 0.00245757 0.00265484 0.00901909 0.154852 0.858527 0.909606 0.337018 0.0120046 0.000470069 9.90914e-05 6.99037e-05 2.28523e-05 4.58669e-05
0.0043774 8.98505e-05 4.67724e-05 0.000224864 0.00153105 0.00323537 0.00920507 0.103523 0.556593 0.509524 0.0859122 0.00364179 0.00071524 0.00077898 0.00167987 0.0019499 0.00179611 0.0153383 0.367758 0.945769 0.948678 0.369595 0.0114464 0.000341897 7.01506e-05 5.95736e-05 2.988e-05 6.10333e-05
0.00263283 5.50976e-05 9.29913e-05 0.00138749 0.00887735 0.0123517 0.0275595 0.3107 0.768868 0.481145 0.0465781 0.00270863 0.000720015 0.000633733 0.00127531 0.00160984 0.00341705 0.102111 0.837683 0.974361 0.915747 0.159406 0.00531424 0.000400885 0.000102504 8.24477e-05 6.05439e-05 8.97869e-05
0.00190801 7.72113e-05 0.000493275 0.015173 0.056736 0.0392642 0.0864717 0.552092 0.74442 0.353429 0.0509951 0.00512278 0.00098651 0.000482288 0.00103549 0.0026352 0.0148771 0.534422 0.973019 0.979853 0.77665 0.0447227 0.00278597 0.000726716 0.000278785 0.000172797 0.000119731 0.000116859
0.00360124 0.000261132 0.00280601 0.0488101 0.0711122 0.0375476 0.098973 0.687832 0.863013 0.560265 0.0961524 0.00773348 0.00147354 0.000760261 0.00121133 0.00321675 0.0392089 0.788073 0.984311 0.966137 0.430558 0.00831085 0.000930688 0.00045618 0.000202786 0.000117496 6.67479e-05 8.19525e-05
0.00773995 0.000768831 0.003673 0.018395 0.0203377 0.0164427 0.0854176 0.788704 0.948098 0.71213 0.0892206 0.00926583 0.00374253 0.0022834 0.00296136 0.00638065 0.0590476 0.851635 0.98855 0.945443 0.18508 0.00204585 0.00029198 0.000207842 7.70574e-05 4.87755e-05 2.56301e-05 4.49192e-05
0.0137031 0.00172716 0.00397305 0.00691887 0.00564195 0.00571221 0.0754474 0.823421 0.959159 0.817611 0.197392 0.0727394 0.0755699 0.0441191 0.0284072 0.0279259 0.167704 0.914437 0.988277 0.90582 0.0922244 0.00117016 0.000237268 0.000196212 4.7355e-05 2.42323e-05 1.23524e-05 2.79945e-05
0.0170103 0.00179777 0.00324883 0.00285838 0.00203299 0.00295331 0.0476745 0.676191 0.938765 0.914707 0.705839 0.683696 0.718696 0.453963 0.246171 0.166498 0.46416 0.955843 0.9779 0.691051 0.0314131 0.000983747 0.000310919 0.000193713 3.62131e-05 1.41905e-05 8.75144e-06 2.40663e-05
0.0101721 0.000690056 0.00120785 0.00141999 0.00159244 0.00245791 0.0158355 0.159786 0.721005 0.908713 0.899372 0.926591 0.912096 0.679729 0.338423 0.287597 0.68295 0.962627 0.933471 0.311218 0.0121466 0.000814232 0.000303072 0.000158432 4.66237e-05 2.57963e-05 1.97885e-05 3.47677e-05
0.00558564 0.000246672 0.000395389 0.000833438 0.00113195 0.000947281 0.00273013 0.0165964 0.161174 0.572676 0.621005 0.576988 0.478442 0.18795 0.0901648 0.218462 0.798704 0.970463 0.88625 0.152662 0.00739957 0.000780517 0.000255971 0.000169713 0.000127324 0.000119145 7.61638e-05 7.55777e-05
0.00370874 0.000123918 0.000180651 0.000521702 0.000975877 0.000738524 0.00101658 0.0046939 0.0455091 0.155996 0.0960178 0.0312889 0.0204569 0.0119359 0.0134744 0.11982 0.83401 0.975836 0.857048 0.11684 0.00666825 0.000663465 0.000181236 0.000185323 0.00026174 0.000307586 0.000190924 0.000149289
0.00379002 0.000114772 0.000142298 0.000636232 0.00142825 0.00111322 0.00128232 0.00588804 0.0367285 0.058538 0.0235269 0.00611548 0.00438823 0.00361034 0.0063211 0.110298 0.838159 0.965881 0.774534 0.0765441 0.00566091 0.000629107 0.000240511 0.000339999 0.000431833 0.000471702 0.00035808 0.000211074
0.00334333 7.53916e-05 8.746e-05 0.000504959 0.00150141 0.00115358 0.00191992 0.00970715 0.0205936 0.0150808 0.00682412 0.00302825 0.00323176 0.00272714 0.00562338 0.105822 0.807999 0.96227 0.803435 0.103113 0.00694189 0.000853558 0.000492432 0.000688138 0.000468114 0.000257834 0.00018197 0.000139998
0.00339136 7.2899e-05 0.000113567 0.000670357 0.00156148 0.00123451 0.00218743 0.00653622 0.00834702 0.00559379 0.00412729 0.0031315 0.00367902 0.00230835 0.00378722 0.088456 0.760201 0.955451 0.871443 0.185875 0.0127064 0.00170738 0.000972809 0.0009183 0.000296214 9.39021e-05 5.05212e-05 5.89365e-05
0.0102057 0.000445152 0.000688712 0.00174072 0.00188651 0.000840946 0.00091546 0.00141173 0.00156013 0.00179195 0.00304361 0.00339569 0.00231421 0.00104867 0.0035209 0.0977095 0.667904 0.898479 0.775508 0.21248 0.0398255 0.0114835 0.00508127 0.00250875 0.000412836 8.78815e-05 4.06478e-05 4.05393e-05
0.0313406 0.00223278 0.00214403 0.00115637 0.000687763 0.000172585 9.8906e-05 0.000147642 0.000237446 0.000599186 0.00143516 0.0013008 0.000655482 0.000512088 0.00298083 0.0404211 0.170551 0.214619 0.119107 0.0636845 0.0675149 0.0430778 0.0102633 0.00251467 0.000469503 0.000125744 5.34122e-05 4.37973e-05
0.0372153 0.00215495 0.000738307 0.000176988 0.000145128 8.68422e-05 6.96424e-05 0.000142174 0.000275566 0.00051624 0.000731337 0.000430379 0.000262687 0.000358908 0.00157864 0.00606425 0.00659101 0.00431239 0.00395908 0.00720915 0.0210239 0.0145382 0.00250501 0.000814503 0.000478177 0.000248863 9.06807e-05 4.9834e-05
0.0280264 0.0012151 0.000314407 0.000132802 0.000300789 0.00052121 0.0006703 0.00118143 0.00188722 0.00168823 0.00102233 0.000511384 0.000535133 0.000909338 0.00150421 0.00190189 0.00132976 0.00107519 0.00182526 0.00420748 0.00723624 0.00365426 0.00114056 0.000743723 0.00133539 0.00113087 0.000279439 0.000158899
0.0371763 0.00466576 0.00189095 0.00132322 0.00317678 0.00561847 0.00634272 0.00767872 0.00866583 0.00697165 0.00434506 0.00288066 0.00384812 0.0046844 0.00491247 0.00473646 0.00379617 0.00356653 0.0053886 0.00801137 0.00808014 0.00589355 0.00375396 0.00360681 0.00807405 0.00761696 0.00380111 0.00506338
