0.0113575 0.000439263 0.000236276 0.000421802 0.000766048 0.0005487 0.000403439 0.000422334 0.00079893 0.00221899 0.00337365 0.0031976 0.00192014 0.00105676 0.00120157 0.0019668 0.0017434 0.00108638 0.000839455 0.000738281 0.000881218 0.00174875 0.00432515 0.0081412 0.0067873 0.00286946 0.00123047 0.00153384
0.00287217 2.12731e-05 1.4563e-05 3.62464e-05 8.18868e-05 4.98384e-05 2.78451e-05 3.39278e-05 0.00010368 0.000440053 0.000902077 0.00084108 0.000306061 0.000118666 0.000218975 0.000639485 0.000451058 0.000186511 0.000125487 0.000132337 0.000279855 0.00109319 0.00386535 0.00565269 0.00273957 0.000559204 8.26615e-05 6.71804e-05
0.00266425 3.08771e-05 1.77635e-05 4.13112e-05 8.94254e-05 6.29565e-05 5.18306e-05 8.59696e-05 0.000377285 0.00193914 0.00348928 0.00194961 0.000613233 0.000286557 0.000646586 0.00278126 0.00175592 0.000605502 0.000705914 0.00157096 0.00523718 0.0274176 0.0574967 0.0318354 0.00651464 0.000482579 6.99748e-05 5.03989e-05
0.00261442 4.0458e-05 1.60456e-05 3.00698e-05 6.59043e-05 7.77595e-05 0.000111906 0.000207292 0.000834845 0.00345084 0.00434284 0.00147693 0.000440955 0.000280064 0.000822533 0.00435461 0.00241091 0.000883931 0.00164219 0.00611631 0.0311496 0.109256 0.0867813 0.0240584 0.00375867 0.000279552 6.38832e-05 4.72888e-05
0.00363623 6.32014e-05 3.51778e-05 7.31241e-05 0.00015312 0.000304074 0.000676373 0.00169277 0.00858376 0.0278397 0.0208559 0.00470445 0.00134749 0.00110584 0.00304255 0.0110161 0.00970795 0.00636763 0.0191737 0.0953068 0.248675 0.337587 0.141101 0.0278971 0.0040538 0.000440952 9.1595e-05 6.07961e-05
0.00231015 2.51185e-05 1.58655e-05 6.5153e-05 0.000319363 0.00116321 0.00194859 0.00590327 0.0569955 0.153298 0.0778442 0.010068 0.00211812 0.00131734 0.00223772 0.00624183 0.0084228 0.0193968 0.195618 0.605 0.60437 0.308859 0.0575486 0.00963166 0.0012857 0.000220309 4.37987e-05 4.97935e-05
0.00149769 1.0853e-05 6.89239e-06 7.36355e-05 0.000926548 0.00295494 0.00368772 0.0163249 0.268815 0.578305 0.253913 0.0162257 0.00132343 0.000424994 0.000758273 0.00246665 0.00596192 0.0644738 0.687181 0.896242 0.662081 0.0764387 0.0064201 0.00162203 0.000304302 7.44416e-05 1.4101e-05 2.71827e-05
0.00115735 7.72816e-06 4.91528e-06 5.89929e-05 0.000690982 0.00155385 0.00204604 0.0263617 0.683189 0.902754 0.445864 0.0142495 0.00071807 0.000206089 0.000271817 0.00149405 0.0163257 0.319952 0.920027 0.922503 0.310791 0.00662077 0.000941549 0.00068148 0.000206358 5.67803e-05 1.39168e-05 2.97837e-05
0.0010744 7.38417e-06 4.6457e-06 3.38917e-05 0.000196681 0.000304979 0.000685696 0.0310894 0.860265 0.952898 0.37209 0.00510347 0.000307112 0.000109197 0.000196669 0.00357267 0.100253 0.764461 0.944254 0.792152 0.0815422 0.00185516 0.000841309 0.00130271 0.000359721 8.27934e-05 2.91011e-05 5.25702e-05
0.00151065 1.37383e-05 7.37878e-06 3.99253e-05 0.000161361 0.000243476 0.000851767 0.0510936 0.919609 0.957959 0.215631 0.00197312 0.000240307 0.000226495 0.000671233 0.0221766 0.527143 0.938773 0.947862 0.668313 0.0550409 0.00227893 0.00168688 0.00182639 0.000303789 6.21434e-05 3.04146e-05 6.47485e-05
0.00222172 2.54603e-05 1.28734e-05 6.45739e-05 0.00023458 0.000373444 0.0014126 0.086239 0.935456 0.939401 0.122139 0.00112338 0.000351259 0.000766441 0.00295506 0.121962 0.837676 0.965432 0.92422 0.421826 0.0338131 0.00291441 0.00220993 0.00188689 0.000278354 6.11902e-05 2.70063e-05 5.51078e-05
0.00183079 2.0593e-05 2.06995e-05 0.000173644 0.000527201 0.000785638 0.00314714 0.156234 0.942605 0.901158 0.0485302 0.000681944 0.000818718 0.00386336 0.0208594 0.426053 0.942827 0.969978 0.783254 0.115813 0.0124697 0.00333154 0.00380226 0.00345047 0.000401441 5.9402e-05 2.29282e-05 4.16434e-05
0.00142934 2.25113e-05 4.88304e-05 0.000588951 0.00157988 0.00221016 0.00954695 0.314606 0.946858 0.822499 0.0261584 0.000800647 0.00243689 0.027549 0.171374 0.790685 0.964694 0.923377 0.309161 0.0187443 0.00546687 0.00393475 0.00624456 0.00506378 0.000489001 4.8281e-05 2.03032e-05 3.14752e-05
0.00145463 2.57846e-05 6.05608e-05 0.00049032 0.000984757 0.00187544 0.0168464 0.491434 0.947043 0.817832 0.0443313 0.00304003 0.0114157 0.119648 0.48745 0.854466 0.898076 0.618072 0.0609054 0.00630604 0.00497709 0.00448835 0.00814049 0.00787199 0.000899163 9.46217e-05 3.77798e-05 3.26421e-05
0.00152029 1.9505e-05 2.53674e-05 0.000118215 0.000276528 0.00117188 0.0235101 0.545271 0.942669 0.896213 0.313213 0.0824771 0.252693 0.661356 0.803553 0.90146 0.833261 0.380757 0.0509371 0.0107028 0.00793311 0.00632711 0.00899711 0.00945623 0.00183302 0.000240566 8.50659e-05 4.43386e-05
0.00160982 1.7323e-05 1.33827e-05 4.91712e-05 0.00016846 0.000799275 0.0134609 0.260622 0.856655 0.949909 0.911789 0.859013 0.934951 0.963633 0.932908 0.950391 0.901933 0.537731 0.141987 0.031811 0.0131776 0.0077356 0.00664159 0.00795229 0.00365756 0.000539724 9.89448e-05 3.7826e-05
0.00166808 1.51276e-05 9.89727e-06 4.32186e-05 0.000234852 0.000667288 0.00355708 0.040941 0.419923 0.842871 0.900866 0.922149 0.957385 0.944059 0.87523 0.923105 0.89893 0.577612 0.176251 0.0360478 0.0122231 0.00779372 0.00529236 0.00752404 0.00408797 0.000519413 4.21754e-05 2.42213e-05
0.00252079 2.88342e-05 1.32929e-05 5.17758e-05 0.000427773 0.000801995 0.001329 0.00601899 0.0566902 0.226821 0.315653 0.372118 0.429856 0.415385 0.510071 0.816138 0.794295 0.331241 0.0656546 0.0157595 0.010082 0.0141054 0.00956477 0.00803765 0.00174299 0.000121666 1.10591e-05 1.8303e-05
0.00420373 6.21207e-05 2.53317e-05 0.000103101 0.000730576 0.00120672 0.00134187 0.00202783 0.00861704 0.0277391 0.0320062 0.0349833 0.0382298 0.0798898 0.417446 0.850916 0.760814 0.190507 0.026564 0.0112602 0.0114054 0.0175121 0.0149559 0.00624892 0.000497002 3.478e-05 8.41137e-06 2.63872e-05
0.0044758 0.000103291 7.14709e-05 0.000369526 0.00197406 0.00240147 0.00268096 0.00181958 0.00218832 0.00446209 0.00922567 0.0162008 0.0134102 0.0519419 0.602141 0.916571 0.730536 0.130039 0.0171516 0.00621971 0.00470224 0.00571779 0.00744456 0.00448791 0.000374201 3.58186e-05 2.24758e-05 4.73871e-05
0.00393075 0.000162166 0.000260853 0.00125201 0.00401063 0.00451008 0.00382372 0.00135943 0.000856024 0.00173106 0.00518456 0.00945983 0.00960305 0.0700814 0.752412 0.940089 0.680416 0.0912037 0.0137961 0.00316581 0.00136698 0.00154407 0.00301253 0.00339769 0.000571844 9.3774e-05 7.11915e-05 7.78616e-05
0.00444497 0.000185808 0.000293036 0.00117856 0.00424185 0.00538893 0.00299906 0.000849855 0.000678751 0.00132876 0.00225399 0.00291347 0.00440576 0.0543931 0.761101 0.952501 0.703096 0.0755386 0.00969526 0.00197252 0.000816162 0.000903696 0.00202328 0.00293746 0.000578241 0.000117373 0.000103711 9.56648e-05
0.0053682 0.000214113 0.000193525 0.000920636 0.00599185 0.00629152 0.00170118 0.000504631 0.000732881 0.00104701 0.000706103 0.000642151 0.00167542 0.0443167 0.686151 0.925439 0.647707 0.0557358 0.00712696 0.00164949 0.00106055 0.00114124 0.00166337 0.00216749 0.000463617 9.87208e-05 7.73891e-05 6.95689e-05
0.00826786 0.000417397 0.000368095 0.00161278 0.00766482 0.00400686 0.000824076 0.000314088 0.000478427 0.000536345 0.00036184 0.000414186 0.00168366 0.044501 0.612303 0.913283 0.743138 0.117234 0.0164831 0.00312995 0.00105788 0.00068112 0.000924979 0.00153313 0.00039216 0.000105399 8.0514e-05 6.41214e-05
0.0127849 0.000594755 0.000494038 0.00107448 0.00218627 0.00068454 0.000190258 9.39112e-05 0.00010134 0.000143195 0.000201109 0.000344107 0.00132729 0.0247005 0.365465 0.816143 0.785364 0.210127 0.0220109 0.00211995 0.00027792 0.000157953 0.000299574 0.000719437 0.000312851 0.000130726 0.000108752 7.55429e-05
0.0118163 0.000376828 0.000203116 0.00025062 0.00029546 9.97166e-05 3.90087e-05 2.49148e-05 2.5747e-05 4.42322e-05 7.90123e-05 0.000125057 0.000410735 0.00418217 0.0433502 0.182056 0.221665 0.030635 0.00253775 0.000300876 4.43935e-05 3.51716e-05 5.98572e-05 0.000132644 0.000176509 0.000122951 7.16274e-05 5.06277e-05
0.0140224 0.000551725 0.000328542 0.000308528 0.000368986 0.000188204 8.11152e-05 6.03633e-05 6.67361e-05 0.000100913 0.000117671 0.000167315 0.000308853 0.00105341 0.0048584 0.0156156 0.0186889 0.00378513 0.000744119 0.000198183 6.8105e-05 6.38965e-05 7.61575e-05 0.000151144 0.000371243 0.000258105 7.11734e-05 8.59334e-05
0.0317749 0.00478334 0.00353805 0.00270714 0.00290277 0.0022379 0.00164113 0.00153077 0.00156975 0.00180472 0.00182017 0.00176868 0.00250923 0.00409033 0.00565639 0.00915312 0.00929621 0.00476982 0.00309549 0.00201702 0.00174078 0.00193886 0.00145677 0.00180186 0.0037661 0.0028569 0.00142941 0.00319164
