0.00753096 0.000203193 0.000130988 0.000354614 0.000618483 0.000678385 0.00120551 0.00149682 0.00113029 0.00113358 0.00150851 0.00210049 0.00259125 0.00196184 0.000902697 0.000415277 0.000399915 0.000587949 0.000959511 0.00183405 0.00283475 0.00266119 0.00145797 0.00083989 0.000951025 0.00124889 0.001265 0.00271677
0.00193427 9.95365e-06 1.53713e-05 7.90735e-05 9.40356e-05 5.46659e-05 8.9473e-05 8.56207e-05 8.35951e-05 0.000126085 0.000198785 0.000351896 0.000597626 0.000399127 0.000108032 4.3095e-05 4.38396e-05 6.74944e-05 0.00011894 0.000279357 0.000741128 0.000887241 0.000322291 0.000126219 0.000116866 0.000123191 7.70521e-05 0.000156364
0.00201348 2.42668e-05 4.73804e-05 0.000189928 0.000148927 4.99627e-05 5.69382e-05 5.79989e-05 9.15652e-05 0.000232291 0.000431357 0.000867813 0.00143544 0.000681404 0.000189455 8.4444e-05 9.97445e-05 0.00016126 0.000262653 0.00076675 0.00198818 0.00190766 0.000581402 0.000209574 0.00012498 7.25446e-05 5.10594e-05 9.50195e-05
0.00165238 2.42121e-05 3.83181e-05 0.000135015 0.000135494 5.72047e-05 5.05206e-05 5.1847e-05 9.20754e-05 0.000267132 0.000567331 0.000930841 0.000711243 0.000200717 9.14646e-05 6.52476e-05 8.61923e-05 0.000166326 0.000287491 0.000779902 0.00127996 0.000819553 0.000333815 0.000175182 7.80792e-05 3.24996e-05 2.48984e-05 4.65547e-05
0.00176338 2.91043e-05 4.29483e-05 0.000262858 0.000427863 0.000232766 0.0002168 0.000196039 0.000258428 0.000836008 0.00235059 0.00307986 0.00131428 0.000322677 0.000228937 0.000280135 0.000392843 0.000951194 0.00207657 0.00340004 0.00257008 0.00104766 0.000587377 0.00046296 0.000164003 4.3724e-05 2.41041e-05 3.59181e-05
0.00137633 2.22092e-05 3.64662e-05 0.000275312 0.000372354 0.000151977 0.000129479 0.00015364 0.000335172 0.0018008 0.00481768 0.00486119 0.00197658 0.000753457 0.000816353 0.00117862 0.00176054 0.00277001 0.00332274 0.00261784 0.00133427 0.000421163 0.000286705 0.000382228 0.000172717 5.5574e-05 3.74071e-05 5.13787e-05
0.00131574 2.6509e-05 6.39418e-05 0.000405086 0.000303751 6.87575e-05 4.46657e-05 0.000102484 0.00074553 0.00599393 0.0113567 0.0100866 0.00760507 0.00642685 0.00764289 0.00854909 0.01193 0.011904 0.00831079 0.00515516 0.00255986 0.000613584 0.000294818 0.000418548 0.000205222 8.256e-05 5.902e-05 7.49677e-05
0.00216309 5.72836e-05 0.000117423 0.000478841 0.000346935 7.9836e-05 4.25281e-05 0.000135093 0.00153682 0.0150766 0.0409384 0.0859043 0.182234 0.329131 0.409392 0.339933 0.339993 0.355952 0.324205 0.198526 0.0478981 0.00431771 0.00169554 0.00153592 0.000496336 0.000185767 0.000114524 0.000106808
0.00366516 0.000121791 0.000181361 0.000618364 0.00051001 0.000113154 8.14118e-05 0.000259342 0.00337993 0.0666583 0.269031 0.583951 0.859166 0.942064 0.958286 0.920141 0.855732 0.885695 0.916554 0.835841 0.329334 0.0240025 0.00918967 0.00559256 0.00111003 0.000389015 0.000217848 0.00014211
0.0097214 0.00071943 0.00107657 0.0022194 0.00109047 0.000186642 0.000148317 0.000620047 0.0199794 0.525069 0.89319 0.929098 0.944135 0.936757 0.911184 0.785921 0.574949 0.76867 0.932196 0.91636 0.482767 0.0390685 0.00847661 0.00256159 0.000582775 0.000241733 0.000118005 0.000102816
0.0175845 0.00240195 0.00571734 0.00650872 0.0033951 0.000917502 0.000857826 0.00667661 0.237499 0.923597 0.961811 0.852043 0.46582 0.201736 0.137476 0.0549574 0.045039 0.27582 0.817855 0.889072 0.52727 0.0473399 0.00502316 0.000886101 0.000220189 0.000103951 4.50871e-05 5.05189e-05
0.0102263 0.00102771 0.00342827 0.00858583 0.0149243 0.0267088 0.0829545 0.420267 0.895212 0.961871 0.802681 0.13358 0.00797582 0.0029918 0.00477021 0.00472638 0.0143466 0.178769 0.815261 0.923217 0.700111 0.12616 0.00940988 0.00123681 0.000308774 0.000115654 3.37506e-05 3.26415e-05
0.00388195 0.000187702 0.000754112 0.00563668 0.0398555 0.358174 0.823812 0.956189 0.960538 0.798802 0.143412 0.00631641 0.001003 0.00155246 0.00754003 0.0223251 0.117872 0.611802 0.909071 0.925094 0.765112 0.257932 0.0249785 0.0024889 0.000526382 0.000117698 2.30686e-05 2.22277e-05
0.00204643 4.78721e-05 0.000159341 0.00249505 0.0364065 0.47663 0.926504 0.973484 0.846655 0.184361 0.012709 0.00397176 0.00728774 0.0313885 0.228701 0.514027 0.705663 0.906392 0.921485 0.876179 0.833445 0.542979 0.106797 0.00896133 0.00110769 0.000110469 1.42758e-05 1.30739e-05
0.00190475 3.23902e-05 4.87544e-05 0.000831305 0.0134816 0.236909 0.885969 0.958819 0.780479 0.241111 0.0977872 0.150958 0.508256 0.808195 0.940285 0.966525 0.946173 0.956519 0.911887 0.824476 0.799029 0.531951 0.10652 0.00948661 0.0013386 0.00011967 1.3967e-05 1.29462e-05
0.00202759 3.62192e-05 4.60549e-05 0.000590593 0.00502803 0.0468017 0.665168 0.929741 0.909471 0.898284 0.930319 0.951833 0.981074 0.98747 0.982641 0.977823 0.957699 0.972428 0.95178 0.834437 0.606183 0.196999 0.0270918 0.00424175 0.000941294 0.000172273 5.15625e-05 3.99954e-05
0.00193363 3.7631e-05 8.04404e-05 0.00082758 0.00393863 0.0232584 0.340965 0.792712 0.884269 0.936703 0.959521 0.955444 0.955557 0.928679 0.812199 0.684761 0.708277 0.936204 0.969124 0.873498 0.365303 0.0432384 0.00856455 0.00297474 0.00106712 0.000561826 0.000354848 0.000222686
0.00205351 4.31402e-05 9.04543e-05 0.00104289 0.0086799 0.0445521 0.146984 0.203661 0.265734 0.30796 0.276497 0.207156 0.195537 0.141549 0.0547076 0.0530848 0.272428 0.844686 0.941207 0.711285 0.0730146 0.004707 0.0014703 0.00141786 0.00121324 0.00188105 0.00210222 0.000913317
0.00250553 6.49818e-05 9.1832e-05 0.00206892 0.0279262 0.0541112 0.0343636 0.0112309 0.00781343 0.00773256 0.00700023 0.00633805 0.00821047 0.00847948 0.00788513 0.0385633 0.537921 0.956877 0.930616 0.233283 0.00741246 0.000614519 0.000339727 0.000970264 0.00199625 0.0054768 0.00606829 0.00137633
0.00306303 0.000113645 0.000180534 0.00457095 0.0533804 0.048165 0.0124185 0.00331622 0.00210046 0.00295778 0.00683664 0.0102938 0.0128851 0.0125225 0.0208848 0.234835 0.927565 0.985009 0.736983 0.0130803 0.00053396 0.000106774 0.00011579 0.000725453 0.00250487 0.0048944 0.00238824 0.000481431
0.00414546 0.000195779 0.000420726 0.00887286 0.0387454 0.0210846 0.00885417 0.00425287 0.00453766 0.0207995 0.0969427 0.102404 0.086543 0.0484778 0.0445082 0.506648 0.972068 0.95656 0.136442 0.000640848 8.29786e-05 5.53851e-05 9.7931e-05 0.000708427 0.00183683 0.0011634 0.000277781 8.34225e-05
0.00452152 0.000201878 0.000440583 0.00537307 0.00996792 0.00288193 0.00136791 0.00127182 0.00378673 0.0329193 0.104995 0.0568915 0.0367956 0.0457581 0.0837191 0.649007 0.96047 0.797223 0.0247589 0.000288775 9.35613e-05 0.000102745 0.000245558 0.00130053 0.00160631 0.000414703 6.6397e-05 2.984e-05
0.003305 0.000123102 0.000240129 0.00144427 0.00163189 0.000310913 0.000168719 0.000450118 0.00301891 0.0120693 0.00995968 0.00436519 0.00698837 0.0472024 0.256183 0.817054 0.892635 0.327542 0.0130002 0.000760806 0.000366779 0.000517844 0.0010773 0.00293363 0.00171873 0.000248181 5.16679e-05 3.5489e-05
0.00576016 0.000279793 0.000365121 0.00106397 0.000927753 0.000218078 0.000251846 0.0013748 0.00739822 0.00915644 0.00375658 0.00203307 0.0065091 0.0967056 0.615291 0.904064 0.712249 0.137119 0.0225911 0.0046339 0.00277276 0.00266456 0.0029886 0.00305652 0.000725468 9.4071e-05 4.10009e-05 5.32473e-05
0.0131601 0.00052164 0.000405617 0.000700278 0.000858863 0.000357508 0.000644289 0.00497741 0.0147946 0.00713736 0.00326797 0.00184418 0.00530123 0.200936 0.906096 0.950491 0.605222 0.0872273 0.0214845 0.00815244 0.00375561 0.00179994 0.00117615 0.000562188 8.94881e-05 2.52841e-05 2.94815e-05 5.96026e-05
0.00645258 9.10804e-05 6.02501e-05 0.000126509 0.000164206 0.000162456 0.00105665 0.0124806 0.0170055 0.00384996 0.00161397 0.000910602 0.00330213 0.145913 0.870139 0.919638 0.526773 0.0898383 0.018982 0.00496254 0.00144596 0.000523559 0.000199742 6.74792e-05 1.4043e-05 6.98693e-06 1.06514e-05 3.25174e-05
0.0034685 4.69082e-05 5.19117e-05 0.000114256 0.000117659 0.000237702 0.00283524 0.0178564 0.0123757 0.00260076 0.00116986 0.000750341 0.00230571 0.0425435 0.277998 0.40051 0.267117 0.0920195 0.0305505 0.00819574 0.00258639 0.000865449 0.000233602 7.24555e-05 2.97371e-05 1.69835e-05 1.11133e-05 4.87158e-05
0.0131556 0.00110923 0.00158071 0.00192952 0.00151959 0.00249043 0.00870277 0.0179513 0.0126189 0.00521374 0.00482778 0.00401875 0.00715769 0.0308742 0.0544395 0.072994 0.0858265 0.0590327 0.0337211 0.0169591 0.0093319 0.00530697 0.00264567 0.00132062 0.00127113 0.000963483 0.000654755 0.0024224
