0.0215189 0.00101036 0.000311957 0.000310234 0.000493011 0.000541287 0.000780313 0.000967172 0.00108749 0.00140029 0.00228422 0.00320679 0.0039179 0.00264547 0.00104217 0.000611968 0.000980473 0.00245772 0.00294018 0.00159565 0.000630557 0.000398584 0.000400543 0.000407483 0.000437426 0.00061644 0.00101681 0.00306061
0.00466227 4.1435e-05 2.67587e-05 5.08596e-05 9.45764e-05 9.00983e-05 0.000109055 0.000113265 0.000183354 0.000336045 0.000607202 0.000807743 0.000925042 0.000547076 0.000175345 0.000109442 0.00026228 0.000715963 0.000667802 0.000237691 6.79097e-05 4.86296e-05 3.37409e-05 2.9147e-05 4.53512e-05 8.77356e-05 0.000165117 0.000300274
0.00324512 5.24118e-05 5.12167e-05 0.000171163 0.000347723 0.000257269 0.000296968 0.000360364 0.000873385 0.00196812 0.00257635 0.00300904 0.00287897 0.00193013 0.00113905 0.000925283 0.00166363 0.00234333 0.00112111 0.000311677 0.000115629 8.62848e-05 5.30271e-05 6.05938e-05 0.000129562 0.00027419 0.000524652 0.000432291
0.00239392 4.69886e-05 4.80907e-05 0.000194632 0.000372344 0.000284368 0.000427932 0.00105628 0.00352899 0.00780402 0.00758721 0.0108246 0.0133357 0.0107756 0.00862326 0.0046941 0.00545686 0.00316224 0.000546056 0.000110898 5.56043e-05 4.34475e-05 3.07765e-05 6.06525e-05 0.00018704 0.000391118 0.000500067 0.000294182
0.00252913 6.3277e-05 7.80143e-05 0.000381144 0.000851813 0.000728704 0.00180034 0.0101071 0.0459825 0.133422 0.143753 0.218754 0.306963 0.259487 0.140453 0.0467871 0.0323101 0.00726694 0.000632438 0.000109581 5.23664e-05 3.96512e-05 4.30137e-05 0.000185439 0.000704876 0.0010543 0.000578449 0.000146704
0.00215112 4.91052e-05 6.74687e-05 0.000418933 0.0011753 0.00124908 0.00519736 0.0599237 0.363645 0.7506 0.802889 0.885036 0.918221 0.861376 0.617413 0.183132 0.0436982 0.0036813 0.000390751 0.000130227 6.69439e-05 5.5225e-05 0.000107068 0.000715103 0.00252139 0.00189743 0.000459905 7.17571e-05
0.00198444 5.2176e-05 8.28992e-05 0.000660604 0.002547 0.00300001 0.0136293 0.198165 0.654215 0.867468 0.871122 0.898164 0.930032 0.912029 0.807653 0.247312 0.0206331 0.00150402 0.00035869 0.000274337 0.000155491 0.000137041 0.000331837 0.00227405 0.00587736 0.00206746 0.000265231 3.46214e-05
0.00262874 8.82122e-05 0.000154527 0.000886442 0.00218158 0.00239831 0.0178735 0.255354 0.515879 0.580922 0.405143 0.339158 0.51248 0.687386 0.689216 0.23055 0.0218854 0.00301794 0.0013475 0.0010992 0.00044757 0.000274957 0.000584395 0.00414208 0.0113311 0.00307255 0.000236711 2.45274e-05
0.00343641 0.000123074 0.000194707 0.000534713 0.000712178 0.000927039 0.00864158 0.10943 0.128355 0.0755434 0.0466807 0.0530044 0.257622 0.722179 0.730486 0.27032 0.0387538 0.00774405 0.0035611 0.00217102 0.000920781 0.000488556 0.000786301 0.00613776 0.0193275 0.00472105 0.000297693 3.14212e-05
0.00351151 8.86217e-05 7.1864e-05 0.000112586 0.000144431 0.000251991 0.00206146 0.01399 0.00887075 0.00434069 0.00474486 0.0188063 0.370202 0.876998 0.741658 0.15604 0.0138419 0.00241456 0.00153315 0.00121097 0.000533835 0.000553155 0.00206715 0.015841 0.0365453 0.00718923 0.000470292 5.37549e-05
0.00274579 3.30931e-05 1.06754e-05 1.55891e-05 3.08936e-05 7.68717e-05 0.000457621 0.00141028 0.00102551 0.000761904 0.00185382 0.035439 0.7757 0.966141 0.735913 0.0616822 0.00414013 0.000719392 0.000914892 0.00147379 0.000975114 0.00247777 0.0143292 0.0472092 0.0344891 0.00509057 0.000518946 8.86676e-05
0.00327068 3.42765e-05 5.78399e-06 7.25568e-06 2.01776e-05 5.25321e-05 0.000215769 0.000519161 0.000715337 0.00101749 0.00332563 0.0723771 0.880052 0.984222 0.85344 0.119316 0.00562616 0.000829196 0.00184057 0.00639047 0.0165038 0.0534787 0.0690823 0.0402882 0.0112507 0.00178869 0.000326535 0.000105516
0.00455295 3.72694e-05 7.10091e-06 9.88098e-06 3.02017e-05 8.74429e-05 0.000331925 0.000991599 0.00224225 0.00312235 0.00750022 0.0888292 0.766016 0.971261 0.926142 0.349379 0.0246049 0.00404913 0.00746079 0.0475419 0.220119 0.29264 0.0839847 0.0124851 0.00234212 0.000475075 0.000152859 9.51323e-05
0.00300764 1.90427e-05 5.23447e-06 1.33745e-05 8.88037e-05 0.000434141 0.00134278 0.00351695 0.0113092 0.0157054 0.0309271 0.178864 0.702065 0.959927 0.970299 0.779655 0.180002 0.0618408 0.0717433 0.157915 0.346824 0.157557 0.020504 0.00333592 0.000520552 0.000116234 8.14818e-05 9.13087e-05
0.00153294 1.03158e-05 5.7407e-06 3.21532e-05 0.000390664 0.00201922 0.00438809 0.00985068 0.0335424 0.0678848 0.144909 0.322879 0.650373 0.928327 0.975198 0.944863 0.709148 0.542359 0.491272 0.280977 0.117043 0.018796 0.00387758 0.00136527 0.00023994 7.59293e-05 8.14445e-05 0.000108253
0.00198401 1.77249e-05 9.11595e-06 4.67024e-05 0.000844087 0.00475962 0.00658886 0.0109218 0.0289759 0.0522946 0.120743 0.19896 0.301374 0.6244 0.858291 0.913599 0.918609 0.933814 0.869526 0.436649 0.0635235 0.00749533 0.00303912 0.00154287 0.000223944 7.33737e-05 9.28482e-05 0.000128859
0.00341237 3.08199e-05 1.01724e-05 4.46878e-05 0.000834508 0.00457118 0.00647512 0.0072307 0.0107654 0.0152796 0.0196425 0.0231034 0.0341769 0.0576292 0.161891 0.591435 0.917795 0.980665 0.936549 0.359661 0.0411695 0.00630895 0.00315199 0.00162619 0.000222635 7.11448e-05 7.30629e-05 0.000100346
0.00272679 1.85902e-05 5.88297e-06 3.01857e-05 0.000515706 0.00229543 0.00350806 0.00441846 0.00540723 0.00549121 0.00431584 0.0046176 0.00551096 0.00544147 0.0250981 0.333726 0.922331 0.982361 0.876701 0.132444 0.00838916 0.00139024 0.000727946 0.00042119 7.77173e-05 3.30744e-05 2.51148e-05 4.44878e-05
0.00166253 8.48638e-06 3.73359e-06 2.53774e-05 0.000363281 0.00125656 0.00182411 0.00354813 0.00857346 0.00887731 0.00536658 0.00536573 0.00868727 0.016336 0.129122 0.770632 0.95867 0.96828 0.650438 0.0203461 0.00135922 0.000253799 0.000121204 0.000112275 3.81534e-05 1.778e-05 8.90948e-06 2.05348e-05
0.00255906 1.7433e-05 9.29022e-06 4.76176e-05 0.000374755 0.000966292 0.002274 0.00546666 0.0113973 0.0202944 0.028709 0.0525805 0.157547 0.444424 0.894478 0.977026 0.963441 0.883548 0.212991 0.0027458 0.000306905 0.00010348 6.58928e-05 0.000119037 8.15829e-05 3.32668e-05 1.31735e-05 2.50297e-05
0.00491374 7.31705e-05 3.92194e-05 0.000113002 0.000647978 0.00183746 0.00556206 0.00804352 0.0123217 0.0529475 0.188401 0.498632 0.789805 0.939228 0.988894 0.987004 0.883995 0.376279 0.0203265 0.000459129 0.000142739 0.000131449 0.000134945 0.000380053 0.000284726 8.65857e-05 4.75398e-05 6.62472e-05
0.00688447 0.000169892 9.55747e-05 0.000287818 0.00206322 0.00542049 0.00819968 0.00459273 0.00543143 0.0604153 0.533975 0.902835 0.944028 0.931624 0.93309 0.825111 0.294345 0.0325935 0.00146254 9.83162e-05 0.000118916 0.000272378 0.000457789 0.00119938 0.000448307 7.23317e-05 5.3266e-05 8.9865e-05
0.00815248 0.000264478 0.000115361 0.000484405 0.00494333 0.00703977 0.00467029 0.00137504 0.00162683 0.0601962 0.735959 0.953148 0.923094 0.586103 0.1861 0.0496174 0.0135192 0.00198996 0.000223045 7.65267e-05 0.000127518 0.0003398 0.000813215 0.00125152 0.000253099 3.34376e-05 2.66695e-05 5.7932e-05
0.00504754 0.00012107 5.40679e-05 0.000316921 0.00277748 0.00216932 0.00114295 0.000582104 0.00168342 0.0675365 0.625771 0.781695 0.464043 0.060481 0.00543714 0.00136039 0.000578658 0.000146614 6.1486e-05 8.82785e-05 0.000200149 0.000632565 0.00125862 0.00112401 0.00018826 2.94482e-05 2.37276e-05 4.2744e-05
0.00295657 2.21505e-05 1.0491e-05 6.04566e-05 0.000256777 0.000171104 0.000114712 0.000148359 0.0010316 0.0182159 0.0725455 0.0476274 0.00773115 0.000745156 0.000202278 9.66057e-05 4.56921e-05 2.5355e-05 2.46672e-05 7.49648e-05 0.000252603 0.000658828 0.000839787 0.0004991 0.00010791 2.3477e-05 1.74259e-05 3.01633e-05
0.00171077 5.7121e-06 3.85041e-06 2.3763e-05 5.24607e-05 3.06585e-05 1.83979e-05 2.66825e-05 0.000265837 0.00226639 0.00217835 0.000713216 0.000140941 2.58782e-05 2.05218e-05 1.64045e-05 1.06589e-05 1.37267e-05 1.93195e-05 4.96518e-05 0.000118075 0.000180759 0.000160346 9.31252e-05 3.88028e-05 1.54739e-05 1.31681e-05 2.39431e-05
0.00250293 2.15375e-05 3.348e-05 0.000135646 0.000150111 6.68662e-05 3.24229e-05 5.19022e-05 0.000391801 0.00151681 0.00121586 0.000454859 0.000162063 5.67616e-05 4.55668e-05 3.85575e-05 3.97651e-05 6.49888e-05 7.48957e-05 0.000106539 0.000158675 0.000178327 0.0001466 0.000117906 9.57113e-05 6.18919e-05 4.32067e-05 9.37307e-05
0.0132295 0.00119549 0.00196626 0.0029818 0.0025274 0.00153148 0.00098503 0.00121154 0.00307972 0.00517477 0.00420646 0.00273323 0.00208923 0.00148653 0.00137569 0.00139 0.00156726 0.00176628 0.00175409 0.00176784 0.00185526 0.00190356 0.00170806 0.00174931 0.00231199 0.00188562 0.00157465 0.00429335
