0.00698866 0.000175587 0.000140546 0.000390093 0.000655929 0.000415464 0.000544169 0.000698964 0.000948787 0.00207706 0.00352994 0.00420871 0.00199732 0.000693667 0.000665379 0.000972059 0.00113648 0.00103305 0.000905305 0.000906169 0.0011638 0.00113121 0.000774311 0.0007347 0.00149867 0.00335806 0.00330871 0.00545903
0.00193292 9.79846e-06 1.14829e-05 5.00039e-05 5.60566e-05 3.16986e-05 6.14064e-05 0.000106363 0.000230499 0.000656892 0.00112935 0.00103362 0.000231773 5.33224e-05 6.25346e-05 0.000133286 0.000189662 0.000153633 9.46543e-05 0.000101886 0.00014855 0.0001355 7.86731e-05 6.97612e-05 0.000188119 0.00054705 0.000487079 0.000536934
0.0018584 1.87595e-05 2.3894e-05 9.16639e-05 8.77154e-05 8.66728e-05 0.000239196 0.000519913 0.00144943 0.00317964 0.00356691 0.00162068 0.000286894 8.84157e-05 0.000127556 0.000372218 0.000486055 0.000346256 0.000302581 0.000490587 0.000629979 0.000351506 0.000204208 0.000199372 0.000311079 0.000555177 0.000610174 0.000367879
0.00184038 2.80314e-05 2.12708e-05 0.00012325 0.000560949 0.00207349 0.00486717 0.00434689 0.00417253 0.00289364 0.00180233 0.000626451 0.000162883 0.000100508 0.00017999 0.000444339 0.000403884 0.000367763 0.000686628 0.00196001 0.00218433 0.000792363 0.000522705 0.000457944 0.000391632 0.000277553 0.000119883 7.86455e-05
0.00286555 6.13509e-05 5.28612e-05 0.000960606 0.0170445 0.100814 0.141887 0.0496803 0.0228735 0.00810382 0.00355562 0.00136307 0.000428024 0.000370301 0.00061077 0.00101306 0.00133163 0.0021846 0.009227 0.0457132 0.0433928 0.016035 0.00798599 0.00379148 0.00130788 0.000272168 3.54054e-05 2.26096e-05
0.00298659 8.36411e-05 0.000111026 0.00303384 0.036899 0.116685 0.138357 0.0758961 0.0512036 0.0254113 0.0120963 0.00383307 0.00132224 0.00102263 0.00129929 0.00206172 0.00354836 0.0149243 0.194266 0.718832 0.672492 0.352249 0.119417 0.0202027 0.003206 0.00029349 2.34456e-05 1.84585e-05
0.00254475 8.83126e-05 0.000206423 0.00365716 0.0138613 0.0195933 0.0397662 0.105153 0.198316 0.169603 0.068874 0.0136954 0.00406115 0.00221567 0.0026924 0.00377768 0.0066559 0.0654765 0.626191 0.936293 0.918011 0.786497 0.430469 0.0539013 0.00435634 0.000257796 1.97617e-05 2.38179e-05
0.00260599 8.15862e-05 0.000187059 0.00188747 0.00382179 0.00606374 0.0230481 0.212766 0.692203 0.678505 0.201872 0.0180102 0.00417488 0.00222374 0.00391399 0.00703612 0.0133953 0.140496 0.73217 0.928717 0.930651 0.879208 0.648985 0.100787 0.00326413 0.000130362 9.78276e-06 2.15823e-05
0.00258822 6.85388e-05 8.18391e-05 0.000525299 0.00223342 0.00554311 0.0272851 0.403685 0.901531 0.864046 0.307979 0.0218585 0.00547938 0.00365864 0.00580982 0.00878847 0.0176388 0.209048 0.795653 0.935724 0.925588 0.798922 0.34435 0.020741 0.000480883 3.11181e-05 3.01049e-06 1.43568e-05
0.00390523 9.42809e-05 4.79878e-05 0.000129739 0.00051988 0.00216025 0.0335757 0.6388 0.953344 0.929186 0.57162 0.112414 0.0344073 0.0180132 0.011915 0.0087074 0.0255685 0.305302 0.898742 0.966032 0.863856 0.243345 0.0122031 0.000660292 2.98045e-05 5.29018e-06 1.43852e-06 8.88906e-06
0.00524092 8.43518e-05 2.27406e-05 2.90806e-05 0.00014611 0.00222303 0.141683 0.90849 0.97762 0.961329 0.833257 0.48349 0.255489 0.132263 0.0587557 0.041196 0.165344 0.703674 0.956026 0.979317 0.780009 0.0339499 0.0012325 0.000176582 2.13536e-05 6.08448e-06 2.36822e-06 9.33046e-06
0.00455636 5.75537e-05 1.32281e-05 2.17089e-05 0.00018122 0.00659811 0.578759 0.980483 0.983885 0.969082 0.917748 0.801889 0.694608 0.657551 0.572122 0.519543 0.723734 0.874012 0.937863 0.930058 0.464017 0.0166943 0.00273642 0.00179842 0.000611203 0.000132371 4.11934e-05 4.0398e-05
0.00328031 2.73793e-05 8.07475e-06 2.41001e-05 0.000349668 0.0176992 0.749129 0.974356 0.974389 0.973218 0.967598 0.94335 0.905077 0.943411 0.965063 0.9627 0.937614 0.898419 0.898592 0.726182 0.147409 0.0184104 0.0136123 0.0266353 0.018714 0.00349549 0.000897411 0.000284359
0.00225012 1.48226e-05 5.51075e-06 2.68443e-05 0.000479245 0.0183033 0.595818 0.899532 0.938102 0.974906 0.987419 0.98196 0.968217 0.982787 0.98669 0.983022 0.957225 0.906022 0.794284 0.332009 0.037615 0.010316 0.0126014 0.0151198 0.00696239 0.00202157 0.00114123 0.000548543
0.00186692 1.17146e-05 4.18664e-06 2.95106e-05 0.000628658 0.018306 0.508667 0.808119 0.912559 0.979787 0.992545 0.991649 0.987683 0.989866 0.983496 0.978185 0.970036 0.950243 0.796611 0.219474 0.0248573 0.00564494 0.0038304 0.00193302 0.000504675 0.000385576 0.00057143 0.000365634
0.00216379 1.76174e-05 7.67555e-06 4.96751e-05 0.000919779 0.0218308 0.57543 0.859516 0.934486 0.981919 0.992335 0.991742 0.982113 0.960282 0.847782 0.865919 0.964287 0.982629 0.937097 0.561385 0.0979928 0.0116146 0.00354829 0.00147711 0.000583926 0.000644602 0.000523525 0.000181195
0.00283513 3.28565e-05 1.91624e-05 0.000106844 0.00140392 0.0392554 0.717254 0.930125 0.955171 0.970026 0.965462 0.934996 0.731564 0.239687 0.0908836 0.307389 0.914247 0.985133 0.962442 0.842741 0.413533 0.0475002 0.00982746 0.00506442 0.00263884 0.00126793 0.000304585 7.57453e-05
0.00254486 3.29365e-05 2.45546e-05 0.000180601 0.00343131 0.0672185 0.59859 0.789304 0.78405 0.750836 0.528428 0.248093 0.0404466 0.00480021 0.00537094 0.101453 0.873539 0.980115 0.970769 0.941966 0.683225 0.0926744 0.017478 0.0101694 0.00314477 0.000547388 7.44717e-05 3.17253e-05
0.00217594 3.36414e-05 3.2103e-05 0.00035827 0.00482851 0.0233181 0.067246 0.0595245 0.0526678 0.0701864 0.0511779 0.0205682 0.00541817 0.00169918 0.00528391 0.192243 0.900708 0.980342 0.980346 0.928319 0.355927 0.0212452 0.00677915 0.00400441 0.000693782 9.54086e-05 1.7014e-05 1.86799e-05
0.00180441 3.0238e-05 4.09873e-05 0.000488417 0.00317775 0.00428389 0.00292635 0.00175456 0.00360453 0.0140877 0.0241948 0.0160373 0.00900079 0.00557714 0.0223303 0.466572 0.946918 0.984887 0.962558 0.532466 0.0189093 0.00112612 0.000587941 0.00043897 0.000121751 4.11193e-05 1.08095e-05 1.70559e-05
0.00164582 3.14047e-05 5.53919e-05 0.000614319 0.00141467 0.000734719 0.000449757 0.000427933 0.00197412 0.0137955 0.0266983 0.0250044 0.0233913 0.0154419 0.0522924 0.662932 0.968917 0.984365 0.861667 0.0558651 0.00112176 0.00011325 6.0882e-05 8.38012e-05 6.56808e-05 5.2471e-05 1.59767e-05 2.4306e-05
0.00183003 3.92594e-05 7.48288e-05 0.000553036 0.000701923 0.00028047 0.000197513 0.000207098 0.00134553 0.0147628 0.041364 0.0576259 0.0402723 0.026675 0.142553 0.865558 0.98583 0.974325 0.447785 0.00470478 0.000232192 5.06433e-05 2.46243e-05 4.43315e-05 4.92054e-05 4.53465e-05 2.23129e-05 3.53479e-05
0.00208529 5.88297e-05 0.000125627 0.000631064 0.00071643 0.000365925 0.000350966 0.000405796 0.00177388 0.0155455 0.0516309 0.0588831 0.0241056 0.0291038 0.258665 0.909232 0.985346 0.930887 0.108828 0.000875115 0.000111276 5.16265e-05 3.29179e-05 7.42587e-05 7.99956e-05 5.94814e-05 3.72572e-05 4.40699e-05
0.00419309 0.000176188 0.000215695 0.000984381 0.00338378 0.00359822 0.00259476 0.0015244 0.00299533 0.00989115 0.017051 0.0141463 0.00723945 0.0181615 0.196799 0.779832 0.952905 0.843892 0.049188 0.000522434 9.90053e-05 5.17528e-05 5.68274e-05 0.000295565 0.000333114 0.00014413 8.07257e-05 5.73576e-05
0.00965739 0.000297031 0.000161357 0.00144983 0.0238688 0.0272814 0.00582563 0.000973838 0.000944535 0.00159394 0.00146127 0.00138676 0.0013327 0.00417322 0.0358332 0.353764 0.87124 0.770694 0.0410222 0.000373246 5.01193e-05 3.01853e-05 6.70537e-05 0.000681176 0.000888668 0.000248912 9.93313e-05 5.25924e-05
0.00564222 8.85328e-05 4.93375e-05 0.000929758 0.020326 0.011559 0.00131807 0.000206947 0.000162297 0.000260564 0.000249894 0.000272792 0.00042801 0.0010685 0.0059296 0.1027 0.78358 0.773384 0.0428375 0.000285451 1.91291e-05 1.69778e-05 0.000106456 0.00155745 0.00163083 0.000235984 5.9094e-05 3.39474e-05
0.00330947 6.65426e-05 8.48924e-05 0.000876491 0.00492136 0.0020927 0.000444815 0.000168082 0.000220173 0.000411328 0.000433022 0.000517571 0.000676301 0.000991684 0.00294431 0.0507489 0.581184 0.586654 0.0406068 0.000741017 7.31211e-05 7.85094e-05 0.000535368 0.00409369 0.00252942 0.000355282 7.73364e-05 8.17022e-05
0.016754 0.00188535 0.00204412 0.00390131 0.00563087 0.00372696 0.00237318 0.00195245 0.00264494 0.00375829 0.00330934 0.00318579 0.00431438 0.00490122 0.00665132 0.0408546 0.16577 0.155736 0.0450375 0.00750788 0.00235999 0.00227441 0.00468522 0.00963309 0.00741498 0.00272407 0.00161931 0.00332997
