0.00780661 0.000197205 0.000111327 0.00027571 0.000727908 0.000942349 0.000671239 0.000419634 0.000399498 0.00045522 0.00068914 0.00101375 0.000829894 0.000668457 0.000565468 0.000471954 0.000470474 0.000457452 0.000441725 0.000347706 0.000346021 0.000836932 0.00266859 0.0058129 0.00407512 0.00144137 0.000944764 0.00224496
0.00171278 6.83797e-06 3.57587e-06 1.34768e-05 8.21833e-05 0.000151137 8.12286e-05 4.48591e-05 3.29656e-05 3.31938e-05 7.11022e-05 0.000120798 8.34547e-05 6.71461e-05 4.39252e-05 2.89485e-05 2.95688e-05 3.62891e-05 4.17357e-05 3.04241e-05 3.18493e-05 0.000112462 0.000486768 0.00100867 0.000491735 0.000148772 9.08842e-05 0.000200469
0.00138189 6.29409e-06 3.00187e-06 1.97632e-05 0.000184893 0.000337802 0.000172985 7.58969e-05 4.36797e-05 4.33837e-05 8.76211e-05 0.000134724 9.32948e-05 6.63715e-05 4.70897e-05 3.64737e-05 4.39941e-05 6.90523e-05 7.2155e-05 4.64598e-05 7.08379e-05 0.000338468 0.00136323 0.00186823 0.000618246 0.000173695 0.000156086 0.000245653
0.00124961 5.95532e-06 2.13475e-06 1.28329e-05 9.89415e-05 0.000119458 7.68847e-05 4.48549e-05 2.85392e-05 2.97342e-05 3.58682e-05 3.94536e-05 3.24578e-05 3.01982e-05 3.32782e-05 4.32657e-05 8.30973e-05 0.000156174 0.000110038 5.09341e-05 0.000111602 0.000622648 0.00124543 0.00119466 0.000574301 0.000173481 0.000128257 0.000140716
0.00144864 7.97454e-06 4.03497e-06 2.1966e-05 0.000125098 0.00015324 0.000140042 0.000105244 7.48956e-05 5.73963e-05 4.07294e-05 3.60671e-05 3.59125e-05 5.76325e-05 0.0001187 0.000284046 0.00092761 0.00125026 0.000368458 0.000134256 0.000400286 0.00267738 0.00483879 0.00661825 0.00403875 0.000583741 0.000131619 6.16056e-05
0.00291728 3.00947e-05 1.75255e-05 6.44844e-05 0.000260352 0.000264674 0.000186248 0.000107758 9.11492e-05 6.769e-05 3.92695e-05 4.35923e-05 5.48435e-05 0.000152298 0.000406994 0.00123773 0.00683772 0.00717157 0.00113366 0.000365267 0.00124884 0.0103521 0.0351539 0.0862302 0.0434655 0.0025178 0.000267139 6.39401e-05
0.00615246 0.000134489 6.55891e-05 0.000142338 0.000609277 0.000664038 0.000355093 0.000177609 0.000120113 8.30998e-05 6.54296e-05 0.000113248 0.000329181 0.00131021 0.00255466 0.00769707 0.0388109 0.0300082 0.00625959 0.00224864 0.00662534 0.0768567 0.28448 0.507295 0.231649 0.00954357 0.00095774 0.000139191
0.00477532 0.000113531 5.9159e-05 0.000190537 0.00141043 0.00331495 0.00320992 0.00160194 0.000404979 9.778e-05 7.4651e-05 0.000203673 0.00128601 0.0122781 0.0422816 0.125009 0.251171 0.124139 0.0411557 0.021683 0.0715075 0.438749 0.698017 0.822498 0.559144 0.0338945 0.00208687 0.000198219
0.00326391 7.21647e-05 5.66171e-05 0.000430377 0.00376969 0.0168571 0.0265694 0.00834311 0.00106846 0.000111557 0.00013544 0.000751634 0.00429416 0.074958 0.381977 0.54912 0.519686 0.353133 0.251537 0.197365 0.37484 0.598733 0.500125 0.657043 0.507722 0.0300895 0.00106611 0.000116205
0.00262974 6.06955e-05 0.000106448 0.00155428 0.00807567 0.0291891 0.0517676 0.0133397 0.00228804 0.00067003 0.00190514 0.017094 0.10832 0.580769 0.820224 0.747901 0.679586 0.760751 0.820229 0.667176 0.463483 0.271265 0.117012 0.182331 0.0888018 0.00319736 9.32453e-05 3.66691e-05
0.00231286 7.51341e-05 0.000198183 0.00278498 0.0110878 0.0217794 0.035259 0.0114908 0.00662654 0.0115487 0.0499126 0.314892 0.695727 0.884918 0.840277 0.597803 0.552999 0.768557 0.838322 0.470665 0.119342 0.0397955 0.0276322 0.0431685 0.00516409 0.0001634 1.02068e-05 1.7832e-05
0.00354219 0.00012985 0.000200312 0.0018303 0.012262 0.0251306 0.0262836 0.0105574 0.0206433 0.126215 0.509615 0.816464 0.867483 0.83571 0.484189 0.140773 0.104453 0.139014 0.131063 0.033624 0.0118624 0.014109 0.0201447 0.020391 0.00110261 5.01381e-05 7.99468e-06 2.20612e-05
0.00590281 0.000165932 0.000122818 0.00122892 0.0241806 0.0725145 0.0465343 0.0216324 0.0677399 0.457047 0.79333 0.808153 0.707427 0.476797 0.0823555 0.0106308 0.00724052 0.00624303 0.00348989 0.00292038 0.00543111 0.01895 0.0270423 0.0117099 0.00063187 5.37082e-05 1.66356e-05 3.82479e-05
0.00561051 0.000156563 0.000129369 0.0027547 0.1133 0.328648 0.173449 0.114757 0.291384 0.635952 0.636231 0.323031 0.150849 0.0849949 0.0182561 0.00265678 0.00103752 0.000528014 0.000358769 0.000670099 0.00251606 0.00606364 0.00453162 0.00175092 0.000147052 2.56202e-05 1.22718e-05 3.19051e-05
0.00558488 0.000198703 0.000306911 0.0107537 0.23264 0.314697 0.168115 0.21113 0.473564 0.651407 0.449033 0.117525 0.0494213 0.0545791 0.0226913 0.00299246 0.000739528 0.000313464 0.000313677 0.000520295 0.000751703 0.000622549 0.000424693 0.000232962 3.61007e-05 1.05394e-05 5.25913e-06 1.5129e-05
0.004666 0.000155314 0.000336829 0.00734419 0.0516718 0.0255113 0.0202815 0.0890788 0.376462 0.671019 0.481717 0.166009 0.119756 0.131483 0.0297207 0.0022675 0.00122379 0.00124212 0.00101305 0.00081156 0.000504713 0.000251203 0.000173981 0.000125138 3.62017e-05 1.47443e-05 8.77072e-06 1.75252e-05
0.00340017 0.000138182 0.000384788 0.00290091 0.00479267 0.00146187 0.00271786 0.031709 0.177627 0.472884 0.411557 0.244263 0.425095 0.388069 0.0395421 0.00307572 0.00374632 0.00582073 0.00249095 0.000886421 0.000480829 0.000259736 0.000175734 0.00017175 8.08384e-05 3.68561e-05 2.75609e-05 4.30962e-05
0.00943732 0.000782044 0.00214735 0.00443486 0.00210734 0.000396443 0.000705779 0.00742684 0.0586235 0.258248 0.187748 0.166981 0.584042 0.658254 0.117567 0.0152637 0.0167204 0.0102129 0.00246488 0.000661314 0.000351094 0.000250588 0.0002013 0.000240659 0.000149884 7.65635e-05 7.97535e-05 0.00010367
0.0276428 0.00478722 0.00852361 0.00532311 0.00246404 0.000400142 0.00040099 0.0031718 0.0251438 0.0821912 0.0495744 0.0857708 0.496435 0.746912 0.353517 0.0573072 0.0250972 0.00721577 0.00194396 0.000681648 0.000409987 0.000358413 0.000381378 0.000532768 0.000303632 0.00016192 0.000172515 0.000154731
0.028319 0.0046854 0.00715731 0.00423687 0.00314072 0.000708764 0.000692271 0.00350602 0.0112043 0.0168453 0.0139511 0.0789495 0.678744 0.886022 0.547485 0.063711 0.0157422 0.00562954 0.00228912 0.00121255 0.000913901 0.000697782 0.000736065 0.00101592 0.000434885 0.000158781 9.80147e-05 9.56457e-05
0.0158548 0.00116172 0.00173111 0.00225827 0.00245548 0.00113903 0.00156164 0.00347246 0.00408713 0.00406821 0.0063405 0.123772 0.851456 0.910788 0.370326 0.0171123 0.00585676 0.00399281 0.00230384 0.00180638 0.00126466 0.000754875 0.000756733 0.000927597 0.000289968 7.75366e-05 2.89425e-05 3.91465e-05
0.00759084 0.000366124 0.000866094 0.00237335 0.00193955 0.000791853 0.00132161 0.00192347 0.00105848 0.00123447 0.00936343 0.350655 0.915932 0.826569 0.111575 0.00402602 0.00200191 0.00286606 0.00345641 0.00354659 0.00154311 0.000697036 0.000770036 0.000870007 0.000223508 6.06482e-05 1.41326e-05 2.18691e-05
0.00572379 0.000383977 0.00125012 0.00286512 0.0012927 0.000419982 0.000586023 0.000636001 0.000521596 0.00187461 0.039295 0.706809 0.925127 0.559288 0.0364303 0.0024872 0.00157793 0.00417383 0.00759514 0.00592208 0.00175376 0.000726123 0.000768553 0.000747058 0.00017062 4.96671e-05 9.79969e-06 1.81587e-05
0.00360719 0.00018257 0.00045729 0.000953469 0.000581024 0.000346486 0.000517734 0.000537609 0.000636532 0.0039093 0.128916 0.800658 0.771854 0.193532 0.0210831 0.00351647 0.00210039 0.00414115 0.00531613 0.00211833 0.000587938 0.000332312 0.000297585 0.000244905 7.12863e-05 3.12966e-05 6.88365e-06 1.56275e-05
0.00285619 4.02734e-05 4.07549e-05 0.00014571 0.000258945 0.000235011 0.000284361 0.00027261 0.000392762 0.00337143 0.0950514 0.427117 0.207066 0.0323167 0.00960652 0.00313383 0.00145626 0.00130898 0.000662232 0.000162226 6.15048e-05 4.39981e-05 3.83492e-05 3.91794e-05 1.59841e-05 1.2039e-05 4.12503e-06 1.17273e-05
0.00187527 1.12683e-05 6.97828e-06 3.61411e-05 8.53601e-05 7.4552e-05 8.28448e-05 9.71986e-05 0.00017952 0.00112284 0.0101005 0.0244472 0.0128606 0.00452047 0.00213472 0.000874015 0.000731604 0.000687822 0.000128593 2.02271e-05 1.00659e-05 9.3161e-06 1.2461e-05 1.93023e-05 9.95269e-06 6.37506e-06 2.42555e-06 7.08324e-06
0.00232198 2.44056e-05 2.77212e-05 0.000100549 0.000122745 9.64964e-05 0.000132258 0.00021022 0.000353216 0.00101756 0.0025494 0.00433463 0.00610554 0.00380798 0.00137436 0.000740886 0.00177297 0.00190898 0.000300965 4.88943e-05 3.38986e-05 3.95911e-05 7.01855e-05 0.000112605 5.38819e-05 2.62443e-05 7.85879e-06 2.31639e-05
0.0132803 0.00125428 0.00155717 0.00204017 0.00164887 0.00147432 0.00182692 0.00210173 0.00285712 0.00446262 0.00458273 0.00605532 0.0110778 0.00966379 0.00410141 0.00326642 0.00746896 0.00800795 0.00313674 0.00133492 0.00137122 0.00153688 0.00195885 0.00241856 0.00199193 0.00126617 0.000766978 0.00206284
