0.00775983 0.0002681 0.000274211 0.000606152 0.00101403 0.000998919 0.00130414 0.00129484 0.000803369 0.000516036 0.000469285 0.000508299 0.000521236 0.000470178 0.000516945 0.000758926 0.00201029 0.00977722 0.0174913 0.0118192 0.00429929 0.00177906 0.00118681 0.000863476 0.000615007 0.000381042 0.000325761 0.00149227
0.00197253 1.22614e-05 1.32154e-05 3.99202e-05 8.74806e-05 0.000112777 0.000196207 0.000184505 7.84905e-05 5.05991e-05 4.96127e-05 6.10959e-05 5.78827e-05 4.92733e-05 4.6861e-05 8.72567e-05 0.000629971 0.00535086 0.0135503 0.00592947 0.000830006 0.000280946 0.000178244 0.000117546 5.39249e-05 2.42557e-05 1.75721e-05 8.38632e-05
0.00192564 1.56338e-05 1.11894e-05 4.15021e-05 0.000130254 0.000258161 0.000422368 0.000274786 0.00010866 8.30502e-05 8.45106e-05 0.000118322 0.000167596 0.000198415 0.000293593 0.00100226 0.0112184 0.0571466 0.0615515 0.0124193 0.00141096 0.00050393 0.000332345 0.000192685 4.62523e-05 1.86505e-05 2.29685e-05 9.05042e-05
0.00166329 1.69131e-05 8.96429e-06 4.42728e-05 0.000207375 0.00036979 0.000302277 0.000110604 6.30296e-05 7.75621e-05 7.29797e-05 0.000128003 0.000300791 0.000995519 0.00766246 0.0501095 0.159838 0.10521 0.0170104 0.00131978 0.000250737 0.000116279 9.00886e-05 9.43581e-05 4.09571e-05 2.62606e-05 4.22139e-05 9.24816e-05
0.00215313 3.1802e-05 2.85116e-05 0.000201989 0.000858538 0.000858476 0.000418843 0.000132162 0.000117853 0.000189613 0.000231088 0.000411541 0.00127563 0.0148728 0.205712 0.629806 0.655602 0.186787 0.0146893 0.00105238 0.000310158 0.000169892 0.000125658 0.000236929 0.000171358 0.000104533 0.000101865 9.73897e-05
0.00181724 3.11897e-05 4.52383e-05 0.000415693 0.00152388 0.00113581 0.000407848 0.000161952 0.000223644 0.000438644 0.000694276 0.00263212 0.0182344 0.235904 0.800807 0.918636 0.867824 0.457703 0.0571526 0.00518869 0.00117526 0.000240795 0.000160474 0.000373014 0.000285312 0.000159417 0.000112285 0.000101477
0.00154637 3.85619e-05 7.02988e-05 0.000646777 0.00200025 0.00120954 0.000448736 0.000253963 0.000499626 0.000987706 0.0025076 0.0250536 0.26055 0.789573 0.936729 0.943945 0.903128 0.774059 0.498742 0.117247 0.012952 0.000708177 0.000358504 0.000815608 0.000335144 0.000158225 7.70378e-05 8.39812e-05
0.00279012 9.45879e-05 0.000122053 0.000532435 0.00109935 0.000568109 0.000229203 0.000171882 0.000331329 0.000968259 0.00928854 0.232584 0.82995 0.924687 0.865326 0.681115 0.548085 0.781897 0.9302 0.7713 0.0810922 0.00193965 0.000943114 0.00117433 0.000227382 8.3887e-05 2.86364e-05 4.93128e-05
0.00563096 0.000181161 0.000115367 0.000215962 0.000356032 0.000198375 8.33726e-05 6.41944e-05 0.000159618 0.00104408 0.0267598 0.659553 0.950674 0.900566 0.430999 0.0490499 0.0237672 0.299449 0.947652 0.91171 0.122928 0.0036665 0.00210151 0.00123053 0.000125588 3.47395e-05 9.92225e-06 2.56745e-05
0.00536492 0.00014521 5.97554e-05 0.000102836 0.000193843 0.000142089 8.32893e-05 7.15414e-05 0.000144748 0.00139541 0.0657039 0.81332 0.947172 0.710412 0.0693089 0.00360793 0.00201893 0.0459647 0.884761 0.947194 0.365844 0.0362131 0.0110958 0.00203754 0.00024231 6.38374e-05 1.14388e-05 2.21524e-05
0.00381059 7.10735e-05 3.45162e-05 8.77736e-05 0.000194905 0.000182706 0.000118971 0.000104174 0.000260448 0.00321855 0.148325 0.904982 0.950473 0.54322 0.029354 0.00153316 0.00181899 0.0404152 0.748657 0.951062 0.78153 0.233923 0.0300462 0.00331591 0.000684391 0.000202206 2.32705e-05 3.18051e-05
0.00241163 2.66169e-05 1.45456e-05 4.69166e-05 0.000101077 0.000110981 0.00010693 0.000162722 0.000595964 0.00927354 0.342218 0.923845 0.883763 0.21546 0.0115148 0.00139908 0.00238818 0.0325875 0.488056 0.923659 0.901926 0.437871 0.0471999 0.00507189 0.000586946 0.00010846 1.51726e-05 3.29626e-05
0.00148193 9.05714e-06 4.61233e-06 1.74728e-05 4.64451e-05 5.62172e-05 9.84999e-05 0.000262204 0.00125018 0.0288581 0.615267 0.935794 0.72509 0.0505926 0.00357346 0.00127585 0.00265531 0.0193194 0.264101 0.858265 0.876022 0.366838 0.039203 0.00279319 0.00012325 2.47531e-05 6.37062e-06 2.45717e-05
0.00123866 5.77987e-06 2.49038e-06 1.02198e-05 3.31113e-05 5.20071e-05 0.000160497 0.000586351 0.00294395 0.0810152 0.78071 0.943841 0.70297 0.0746212 0.0149925 0.00815453 0.00761696 0.0253472 0.267911 0.801988 0.758524 0.154494 0.010863 0.000660975 3.73874e-05 1.70029e-05 4.89787e-06 1.80529e-05
0.00113996 5.07701e-06 2.28996e-06 1.20279e-05 4.77469e-05 9.48047e-05 0.000390758 0.00120236 0.00436373 0.147242 0.85222 0.93985 0.680255 0.138232 0.101514 0.0765306 0.0363527 0.0681995 0.499422 0.907165 0.767084 0.0924317 0.00411792 0.000283642 3.87154e-05 2.47528e-05 4.88699e-06 1.45479e-05
0.00144261 9.65251e-06 5.82947e-06 3.91581e-05 0.000168694 0.000246033 0.000595186 0.00143845 0.00721032 0.309771 0.929024 0.932003 0.424549 0.0380602 0.0345039 0.0372022 0.0372696 0.152241 0.677254 0.942815 0.816921 0.110239 0.00437865 0.000266519 4.67739e-05 2.55829e-05 7.03191e-06 1.6605e-05
0.00215778 2.70725e-05 2.02146e-05 0.000122354 0.000464785 0.000384228 0.000560345 0.00175212 0.0135426 0.532969 0.961733 0.895402 0.14627 0.0041521 0.00194159 0.00262661 0.00839396 0.0992839 0.560422 0.915264 0.793034 0.0755635 0.00421779 0.0005356 0.000121793 5.574e-05 2.17922e-05 2.94009e-05
0.00242661 4.15521e-05 3.81502e-05 0.000188817 0.000496892 0.000364357 0.00063568 0.00349853 0.0388829 0.708065 0.966983 0.838933 0.0646222 0.00134788 0.000324933 0.000302494 0.00120558 0.0272416 0.50845 0.921834 0.69121 0.0300287 0.00366196 0.00339022 0.00223713 0.000623007 0.000137369 5.39177e-05
0.00235215 4.6851e-05 4.46157e-05 0.000175059 0.000357342 0.000355322 0.0010561 0.00965461 0.110065 0.827442 0.966932 0.765116 0.0324006 0.000686309 0.000178978 0.000120064 0.000447522 0.0257858 0.735676 0.942297 0.470135 0.0132008 0.00568445 0.022348 0.0253679 0.00360855 0.000398882 7.51219e-05
0.0020242 3.37249e-05 3.09164e-05 0.000113838 0.000216761 0.00025921 0.0009386 0.00901938 0.130087 0.833214 0.937135 0.554373 0.0126429 0.000414138 0.000184146 0.000197858 0.00222742 0.177408 0.916016 0.934149 0.2413 0.00782716 0.00685289 0.0265632 0.0219847 0.00279213 0.000319248 8.12481e-05
0.00194407 1.98972e-05 1.67599e-05 6.43195e-05 0.000172199 0.000228952 0.00079432 0.0074631 0.11666 0.761784 0.903314 0.525394 0.0242962 0.00154006 0.00130495 0.00517497 0.081045 0.792661 0.96395 0.851268 0.134035 0.00823757 0.00625473 0.0115852 0.00465071 0.000848698 0.000140609 7.66676e-05
0.00171819 1.34373e-05 8.20289e-06 3.57678e-05 0.000215728 0.000504443 0.00183897 0.0109144 0.0926239 0.603954 0.894334 0.868638 0.419565 0.0853186 0.122373 0.406309 0.839045 0.95886 0.908129 0.481724 0.076919 0.0113455 0.00540478 0.00427086 0.00110679 0.000268728 3.83821e-05 4.26171e-05
0.0018571 1.60362e-05 1.13921e-05 8.27464e-05 0.000860063 0.00259339 0.0063651 0.0136926 0.0497291 0.343128 0.810095 0.946442 0.915101 0.786044 0.895285 0.952319 0.934604 0.808262 0.29832 0.0551973 0.0266507 0.0115436 0.00446071 0.00252669 0.000531044 0.000136101 1.43535e-05 2.52193e-05
0.00521696 0.000127373 0.000126527 0.000998289 0.0152496 0.0269834 0.0231255 0.0174707 0.0257018 0.130093 0.496791 0.837144 0.917835 0.892309 0.89835 0.835827 0.407757 0.0881916 0.0103318 0.00287672 0.00479568 0.00511691 0.00265315 0.00168737 0.000292139 5.5507e-05 7.69862e-06 1.87396e-05
0.0179036 0.0011501 0.00146917 0.00750956 0.0637815 0.0441455 0.0168426 0.00844555 0.00869993 0.0242723 0.0704686 0.266907 0.586657 0.554333 0.27621 0.0499624 0.0045185 0.000744111 0.000300404 0.000369909 0.000990862 0.00202879 0.00145486 0.000562642 8.29849e-05 1.32735e-05 3.60745e-06 1.25559e-05
0.0274926 0.00246668 0.00307557 0.00669141 0.0111587 0.00303429 0.00146464 0.0014747 0.00202805 0.00418215 0.00793313 0.0236106 0.0572947 0.0242341 0.00432536 0.000543985 5.36454e-05 1.69076e-05 2.35466e-05 0.000103566 0.00072915 0.00206142 0.000780122 0.000154116 2.71063e-05 6.69572e-06 5.3688e-06 1.83181e-05
0.0244879 0.00283948 0.00360379 0.00291142 0.00150431 0.000477216 0.000475355 0.00105126 0.00155035 0.00253031 0.00508543 0.00845931 0.00730215 0.00224593 0.000585734 0.000137239 4.00367e-05 3.04854e-05 5.62581e-05 0.000250614 0.00216437 0.0034452 0.000745529 0.000161957 8.07664e-05 4.76003e-05 5.17718e-05 0.000150805
0.0353715 0.00775057 0.00924059 0.00554858 0.00280539 0.00178673 0.00232413 0.00370756 0.00467129 0.00572048 0.00731072 0.00823863 0.00531543 0.00302935 0.00208306 0.00133712 0.00124122 0.00143957 0.00168259 0.00319616 0.00779393 0.00753186 0.00314572 0.0017261 0.00203331 0.00171671 0.00221508 0.00711238
