0.0124291 0.000379721 0.000263571 0.000679154 0.00193896 0.00302454 0.00547791 0.00486187 0.00159896 0.000739472 0.000669891 0.000476923 0.00036086 0.000455411 0.00066623 0.00111965 0.00151243 0.0016554 0.00176429 0.00179908 0.00186306 0.00186045 0.00205032 0.0028224 0.00441876 0.00367425 0.00161155 0.00153431
0.00289725 2.09157e-05 4.65227e-05 0.000313487 0.00115403 0.00151055 0.00210487 0.000972027 0.00020554 9.81216e-05 7.08304e-05 3.66238e-05 4.07129e-05 7.79288e-05 0.000119179 0.000203945 0.000325679 0.000387577 0.000397498 0.000450124 0.000553019 0.000426443 0.000359095 0.00056267 0.0014267 0.00106392 0.000179555 6.69773e-05
0.00279083 6.76235e-05 0.000301624 0.00281957 0.00760545 0.00564545 0.00386993 0.000964353 0.00027419 0.000194204 0.000113185 7.9589e-05 0.000179659 0.00043229 0.000575379 0.000937146 0.00163916 0.00196906 0.00222617 0.00290951 0.00319688 0.00142288 0.00115477 0.00319262 0.00731389 0.00247808 0.000277144 5.75605e-05
0.00484925 0.000272159 0.000731203 0.0046703 0.0109792 0.00636594 0.00203138 0.000364724 0.000216773 0.000235975 0.000129942 0.000111981 0.000298377 0.00046086 0.000471096 0.000937642 0.00190416 0.00379469 0.00776343 0.0109772 0.00483463 0.00118536 0.00192125 0.011634 0.0245463 0.00377129 0.000282073 4.88091e-05
0.0104831 0.00086227 0.00101338 0.00628378 0.023662 0.0136406 0.00332313 0.000702113 0.000780993 0.0010209 0.000524127 0.000370822 0.000642818 0.00071977 0.000826586 0.00207432 0.00481519 0.0179372 0.0810175 0.102433 0.0245968 0.00954761 0.0294763 0.120692 0.0670967 0.0034059 0.000200443 3.64123e-05
0.00751806 0.000507796 0.000671628 0.00684324 0.0265335 0.0100904 0.00186888 0.000607224 0.00104051 0.00166031 0.00127169 0.00097804 0.00101863 0.000867882 0.00140128 0.00363499 0.00671073 0.0317117 0.229734 0.467962 0.298733 0.261453 0.420927 0.320679 0.0395908 0.000991705 6.99329e-05 2.75406e-05
0.00409788 0.000279496 0.000720163 0.00898148 0.0145044 0.00312243 0.00102273 0.000800272 0.00225934 0.00519642 0.005392 0.00407586 0.00254396 0.001597 0.00267817 0.00488502 0.00685964 0.0262936 0.185309 0.680706 0.798249 0.820852 0.687211 0.129535 0.00635943 0.000262188 2.76539e-05 2.89442e-05
0.00489909 0.000362951 0.000891346 0.00608967 0.0049124 0.00107238 0.000633373 0.00124774 0.00689363 0.0218711 0.0368025 0.0233662 0.00778529 0.00332611 0.0040407 0.00435533 0.0031596 0.0109815 0.156459 0.806353 0.918186 0.82719 0.269471 0.00943221 0.000615052 9.35335e-05 1.60961e-05 2.95081e-05
0.00754112 0.000594582 0.000945822 0.00313992 0.00322327 0.00101052 0.00101594 0.00624161 0.0482464 0.112047 0.127939 0.0478047 0.012327 0.00465667 0.00350294 0.00213876 0.00178742 0.0100954 0.203039 0.882981 0.915367 0.486632 0.0292033 0.00106749 0.000175951 8.08676e-05 1.45755e-05 2.58921e-05
0.00636429 0.000414928 0.000491801 0.00145602 0.00219626 0.00219483 0.0121926 0.180709 0.534957 0.428745 0.165101 0.0237844 0.00683577 0.00465054 0.00320774 0.00172337 0.00194572 0.0204071 0.448088 0.911108 0.822337 0.166422 0.00878583 0.0010216 0.000213971 7.76107e-05 1.65128e-05 2.92333e-05
0.00418739 0.000147443 0.000200914 0.000772347 0.00213811 0.0120722 0.20603 0.826203 0.855155 0.268039 0.0275367 0.00450718 0.00276227 0.00334495 0.00238458 0.00165498 0.00460351 0.152208 0.878415 0.938133 0.589046 0.060772 0.00890706 0.00249658 0.000315599 6.09401e-05 1.64804e-05 2.92519e-05
0.00307108 7.43117e-05 0.00010672 0.000736977 0.00468997 0.082133 0.760911 0.9368 0.654593 0.0197288 0.00134569 0.000849317 0.00115342 0.00151448 0.00102343 0.00107272 0.0157845 0.628041 0.940939 0.759332 0.10971 0.0119942 0.00694114 0.00320151 0.000335932 5.87407e-05 1.34236e-05 2.22951e-05
0.00251108 6.16359e-05 0.000112715 0.00134187 0.0170856 0.352072 0.91146 0.862412 0.113329 0.00134701 0.000424362 0.00115635 0.00121783 0.000626716 0.000379517 0.000824299 0.0303137 0.810024 0.944592 0.458563 0.0333155 0.00616256 0.00385798 0.00213051 0.000325929 5.17625e-05 8.62532e-06 1.67456e-05
0.00444746 0.000154699 0.000208322 0.00285121 0.0785584 0.695059 0.907389 0.565486 0.0124441 0.000446237 0.00101835 0.00518192 0.00336322 0.000753155 0.000221082 0.000647422 0.0531006 0.875637 0.952495 0.511845 0.051943 0.00744034 0.00298726 0.00124631 0.000179252 3.64305e-05 1.00292e-05 2.40639e-05
0.00960883 0.000391365 0.000360151 0.00710109 0.261367 0.87092 0.9281 0.530633 0.0273295 0.00369627 0.0139147 0.0526802 0.0230658 0.00395718 0.00143905 0.00571822 0.185071 0.919931 0.93467 0.437895 0.0525831 0.00500668 0.00177587 0.000701569 0.000102001 4.17754e-05 2.72648e-05 5.5378e-05
0.011038 0.000619176 0.000721348 0.0178659 0.364053 0.858713 0.946782 0.890702 0.613792 0.355935 0.564826 0.76315 0.626729 0.320643 0.239375 0.45682 0.840913 0.966802 0.903444 0.26631 0.0213226 0.00191711 0.000878242 0.000557285 0.000118536 5.77207e-05 3.6499e-05 5.35395e-05
0.00753325 0.000500815 0.00100533 0.0168462 0.132381 0.478784 0.864848 0.954565 0.973315 0.959116 0.966641 0.977916 0.976698 0.972534 0.969065 0.970736 0.962151 0.950356 0.722099 0.0835303 0.00618276 0.000864003 0.000556832 0.000530386 0.000146009 5.41587e-05 1.7294e-05 2.12236e-05
0.00367806 0.000168735 0.000498818 0.00892707 0.0630022 0.231554 0.572149 0.710085 0.860688 0.840367 0.848807 0.911194 0.905519 0.911484 0.920004 0.934241 0.888201 0.819961 0.379687 0.0252404 0.00269098 0.000642261 0.000461531 0.000455998 0.000147745 5.07887e-05 9.91426e-06 1.20119e-05
0.00180151 6.20048e-05 0.000208591 0.0098249 0.129508 0.225208 0.139014 0.0317828 0.0242214 0.0291518 0.0490024 0.0741373 0.0645698 0.0728712 0.149015 0.457031 0.743729 0.779904 0.314961 0.0195315 0.00229064 0.000756525 0.000429332 0.000341976 0.000126614 4.11618e-05 8.10719e-06 1.37376e-05
0.00197108 5.71568e-05 0.000230129 0.0106657 0.111839 0.105219 0.0131729 0.000960338 0.00052051 0.00100696 0.0032204 0.00311718 0.00136046 0.00128481 0.00928225 0.207473 0.805327 0.854282 0.309179 0.017412 0.00234611 0.000964287 0.000430057 0.000290243 0.000102237 3.49359e-05 1.52408e-05 2.97209e-05
0.00401002 0.000110709 0.000319636 0.00585371 0.0282438 0.0246809 0.00372174 0.000435334 0.000339091 0.000963048 0.00181293 0.000993769 0.000632328 0.000813612 0.00818815 0.391807 0.912487 0.808586 0.180338 0.00925981 0.0018101 0.000866302 0.000439124 0.000292865 0.000107465 5.59018e-05 4.97146e-05 8.83502e-05
0.00748296 0.000236187 0.000393622 0.00294085 0.0171028 0.0298634 0.00896918 0.00213504 0.00226516 0.00448768 0.00483674 0.00228599 0.00165239 0.00290492 0.0434905 0.768845 0.925287 0.566808 0.0543363 0.00383353 0.00172632 0.00117611 0.000531983 0.000384481 0.000178773 0.00010429 0.000130152 0.00017188
0.0138383 0.000531889 0.000799547 0.00422613 0.0360792 0.0672932 0.02373 0.00975374 0.011164 0.0148028 0.0136428 0.0065178 0.00555892 0.0205483 0.294321 0.909711 0.878227 0.23381 0.0192286 0.00286589 0.00174471 0.00126136 0.000571094 0.000539737 0.000355804 0.000190947 0.000163319 0.000160769
0.0272723 0.00144142 0.00133673 0.00284447 0.0148422 0.0189505 0.00821882 0.00728254 0.0107081 0.0150857 0.0165265 0.00836665 0.00973904 0.0458591 0.446639 0.860388 0.664258 0.100695 0.0137477 0.00310556 0.00124443 0.00071376 0.000463512 0.000689038 0.000474997 0.000222753 0.000170133 0.000150405
0.0338643 0.00112541 0.00062526 0.000507786 0.00136494 0.00177438 0.00136423 0.00216822 0.00331508 0.00381909 0.00448696 0.00242608 0.00185236 0.00596508 0.0493676 0.156871 0.0807065 0.0134397 0.00426946 0.0013485 0.000362499 0.000237637 0.000327851 0.000680717 0.000377781 0.000190255 0.000174697 0.000123289
0.0114543 0.000136144 5.16243e-05 5.29006e-05 0.000125048 0.000230951 0.000352729 0.000610258 0.000643988 0.000552889 0.000782325 0.000629471 0.00039745 0.000749084 0.00186937 0.00261127 0.00192773 0.0005812 0.000293077 0.000123431 4.62075e-05 6.0677e-05 0.000137929 0.000277618 0.000174721 7.88037e-05 4.61847e-05 3.93868e-05
0.00479299 6.51196e-05 2.90596e-05 4.28944e-05 0.000125217 0.000298658 0.000533732 0.000634432 0.000528102 0.00050471 0.000894397 0.00109271 0.000712765 0.000669734 0.000828513 0.000720789 0.00065574 0.000302963 0.00013839 7.41724e-05 6.32282e-05 0.000110181 0.000194667 0.00030617 0.000270797 0.000102402 2.67755e-05 4.68555e-05
0.0161582 0.00136393 0.00108061 0.00124107 0.00194193 0.00283013 0.00370233 0.00360206 0.0025607 0.00276409 0.00389119 0.00417861 0.00403365 0.00347907 0.00292721 0.00247544 0.00278444 0.00217128 0.00154204 0.00126551 0.00143953 0.00190828 0.00219731 0.00248589 0.00294939 0.00164051 0.000755877 0.00204498
