0.0120821 0.00159577 0.00279875 0.00517622 0.00537805 0.00476023 0.00550432 0.00512097 0.00295968 0.000803434 0.000462029 0.000957969 0.0032929 0.00538223 0.00203278 0.000804453 0.000717514 0.000626233 0.000387447 0.000345408 0.000534041 0.000820171 0.000968217 0.00105033 0.00102553 0.0011388 0.00140366 0.00345411
0.00356606 0.000139578 0.000314423 0.000729554 0.000677795 0.000748873 0.00122582 0.0008189 0.000196706 3.47039e-05 2.65975e-05 0.000100878 0.000691745 0.00101426 0.000230194 8.02819e-05 7.29972e-05 6.01666e-05 2.9907e-05 3.01279e-05 6.05457e-05 0.00012525 0.000200998 0.00025061 0.000160671 0.000119751 0.000124183 0.000228644
0.00333829 0.000132658 0.000149045 0.000371305 0.000728835 0.00175258 0.00418362 0.0015531 0.000198755 7.12841e-05 0.000127031 0.00046384 0.00166749 0.00133512 0.000340102 0.000139746 0.000115914 0.000100691 6.39649e-05 8.67253e-05 0.00016205 0.000421096 0.00081331 0.000802227 0.000303793 0.000101349 0.00010661 0.000142218
0.00199407 3.29278e-05 1.77723e-05 6.54026e-05 0.000424187 0.0023793 0.00574083 0.00244102 0.00118666 0.00141683 0.00147707 0.00104764 0.00107605 0.000495858 0.000142795 6.73185e-05 5.96583e-05 6.75339e-05 6.26158e-05 8.59329e-05 0.000115287 0.000230697 0.000314838 0.000250844 0.000107423 3.89895e-05 3.77093e-05 5.87774e-05
0.00170533 1.30884e-05 9.94676e-06 8.1696e-05 0.00174651 0.0169988 0.0290497 0.0216241 0.0439985 0.086862 0.0314893 0.00509277 0.00307908 0.00139997 0.000451853 0.000215383 0.000176961 0.000198152 0.000165101 0.000148423 0.000146717 0.000200565 0.000191814 0.000197164 0.000118625 5.43282e-05 3.52146e-05 4.50431e-05
0.00131089 7.23371e-06 4.8532e-06 5.92663e-05 0.00347769 0.101926 0.227849 0.277759 0.552204 0.671294 0.434016 0.118323 0.0435504 0.0115065 0.00249918 0.000771934 0.00056779 0.000450987 0.000283912 0.000162547 0.000146131 0.000209976 0.000171878 0.00020409 0.000161356 8.01685e-05 3.90033e-05 4.74944e-05
0.00120115 5.00659e-06 4.53556e-06 0.000107407 0.00759204 0.249982 0.598047 0.674798 0.803066 0.886051 0.907961 0.762753 0.555637 0.23988 0.0383942 0.00798072 0.00512296 0.00309521 0.00101121 0.000325565 0.000249441 0.000369393 0.000311248 0.000424916 0.000289295 0.000106855 4.22805e-05 4.59403e-05
0.00115201 4.93313e-06 5.47776e-06 0.000175329 0.0138315 0.386844 0.791122 0.771695 0.679415 0.687712 0.743124 0.66223 0.739774 0.829105 0.641488 0.312598 0.178325 0.0568158 0.00805438 0.000789819 0.000358721 0.000527355 0.00061886 0.00117226 0.000559682 0.000129117 5.67567e-05 5.16543e-05
0.00115211 4.19827e-06 5.40091e-06 0.000169533 0.0116315 0.444089 0.878132 0.841147 0.482006 0.109714 0.0317794 0.0273102 0.168991 0.782788 0.927412 0.913694 0.834998 0.320569 0.0220322 0.000839003 0.000278237 0.000561037 0.00101357 0.00213268 0.000647455 0.000122929 6.61347e-05 5.54688e-05
0.00106827 3.89759e-06 5.89148e-06 0.00019051 0.0162602 0.532123 0.894391 0.790637 0.143401 0.00679701 0.000747865 0.000893306 0.0276888 0.599308 0.961524 0.986308 0.964448 0.436391 0.00840067 0.000247229 0.000128203 0.00033706 0.00103483 0.00242426 0.000648664 0.000132378 7.48899e-05 5.35002e-05
0.00106601 5.24738e-06 8.91461e-06 0.000369884 0.0327543 0.567187 0.783535 0.474518 0.0541155 0.00300477 0.000801546 0.00267986 0.0883396 0.777695 0.951658 0.973464 0.915061 0.162901 0.00240118 0.000181054 0.000245245 0.000784485 0.00182277 0.00251453 0.000678674 0.000139412 6.17659e-05 4.9915e-05
0.00133599 1.04682e-05 3.00999e-05 0.00125529 0.0552233 0.389034 0.407131 0.2349 0.153465 0.0737874 0.0819426 0.253053 0.760009 0.940186 0.870961 0.765644 0.573614 0.119962 0.0106652 0.00314136 0.00393301 0.00305946 0.0024132 0.00130406 0.000411235 0.000123346 4.49148e-05 4.76841e-05
0.00220589 4.82506e-05 0.000164759 0.00381511 0.0648615 0.218749 0.242611 0.275206 0.611289 0.819446 0.881211 0.948011 0.982455 0.975937 0.877527 0.793229 0.778297 0.678199 0.376236 0.201685 0.107351 0.0165175 0.00429736 0.00145122 0.000443997 0.000152224 4.39386e-05 4.72983e-05
0.00646617 0.000321668 0.00106385 0.00865 0.0453994 0.0779816 0.0785848 0.127431 0.479379 0.810355 0.917524 0.963878 0.979915 0.957863 0.901992 0.950521 0.977815 0.984677 0.970754 0.937011 0.795393 0.255374 0.0285244 0.00360172 0.000760404 0.000129793 4.27288e-05 5.48421e-05
0.0160095 0.00136032 0.00199645 0.00491155 0.0123833 0.00929732 0.00692299 0.0121961 0.0558753 0.329775 0.747383 0.879977 0.889937 0.77245 0.699134 0.841046 0.922595 0.963425 0.975006 0.9777 0.962049 0.817274 0.251742 0.018905 0.00162869 0.000129304 3.7853e-05 4.94844e-05
0.00912086 0.000416373 0.000304365 0.000552455 0.000889263 0.000533976 0.000591557 0.00165025 0.00848761 0.103858 0.603538 0.669819 0.36531 0.0816058 0.0430442 0.0562473 0.0848263 0.241934 0.613818 0.903865 0.970451 0.970689 0.819312 0.176478 0.00498156 0.000127751 3.22819e-05 3.55215e-05
0.003138 4.33337e-05 2.68789e-05 6.98323e-05 0.000114956 0.000101144 0.000234909 0.00107786 0.00637263 0.168993 0.776627 0.538879 0.0561264 0.00212014 0.000609921 0.000931912 0.00230493 0.0115551 0.0616938 0.434334 0.912329 0.969425 0.906627 0.418467 0.0149092 0.000239696 4.03557e-05 3.20376e-05
0.00135707 8.3256e-06 5.58122e-06 2.92108e-05 9.52344e-05 0.00010825 0.000301799 0.00161133 0.0161541 0.529714 0.929282 0.620325 0.0293262 0.000630746 0.000129431 0.000195724 0.000372711 0.00105654 0.00495248 0.0366426 0.386362 0.814275 0.868658 0.699738 0.0666127 0.0012629 0.000141188 4.81237e-05
0.00117003 6.45723e-06 6.63954e-06 8.27125e-05 0.000385318 0.000370593 0.000956411 0.00563174 0.0617749 0.745296 0.927888 0.598839 0.0359437 0.000945057 0.000201029 0.000299511 0.000420528 0.000714292 0.00277409 0.00735714 0.0361557 0.385022 0.860341 0.892579 0.270768 0.0058455 0.000576977 9.50861e-05
0.00160078 1.56203e-05 3.79258e-05 0.00064421 0.00187432 0.000869795 0.00155176 0.00610345 0.0430227 0.500849 0.756608 0.519445 0.0903131 0.00775062 0.00343574 0.00669199 0.00977624 0.0127283 0.0164448 0.0118537 0.0335831 0.386681 0.926988 0.958649 0.493756 0.012463 0.000865948 0.000120044
0.00224112 4.87429e-05 0.000202956 0.00210989 0.0025525 0.000546946 0.000644988 0.00143023 0.00719628 0.115936 0.424876 0.500688 0.375098 0.232244 0.235106 0.40845 0.378473 0.330373 0.260811 0.133302 0.351245 0.838623 0.946382 0.933008 0.325015 0.00624187 0.000618703 0.000114516
0.00891869 0.000476791 0.0016098 0.0050431 0.00327264 0.000486815 0.00037307 0.000584804 0.0034169 0.0474249 0.179033 0.348944 0.63499 0.840123 0.894065 0.951102 0.938185 0.912004 0.918549 0.837181 0.891762 0.933277 0.852395 0.685483 0.110637 0.00293919 0.000367521 8.9015e-05
0.0345647 0.00312715 0.00407073 0.00427921 0.00308642 0.00063614 0.000390273 0.000711977 0.00509868 0.0299667 0.0509884 0.0973599 0.340972 0.722542 0.833692 0.91261 0.93782 0.954982 0.968404 0.938282 0.867829 0.697994 0.336349 0.145297 0.0204714 0.00115496 0.000122667 6.11507e-05
0.0242047 0.00181897 0.0016673 0.00159635 0.00141324 0.000405859 0.000277218 0.000445342 0.00164448 0.0034979 0.00365212 0.00622003 0.0227033 0.0689745 0.110824 0.218075 0.55998 0.759678 0.757411 0.542142 0.158632 0.0468321 0.0148633 0.00585109 0.00101667 0.000125267 1.82472e-05 3.24763e-05
0.00828247 0.000248057 0.000268321 0.000294176 0.000260714 9.08308e-05 7.14983e-05 8.62229e-05 9.90152e-05 0.000108356 8.96409e-05 0.000129018 0.000411793 0.000984233 0.00211834 0.00967616 0.054259 0.0902411 0.0503085 0.00990595 0.00176239 0.000690936 0.000440099 0.000297834 4.08154e-05 1.31989e-05 4.89175e-06 1.98702e-05
0.00435359 4.99443e-05 3.12048e-05 2.94523e-05 2.36197e-05 1.36506e-05 2.07139e-05 3.73797e-05 2.957e-05 1.96277e-05 8.99618e-06 6.52763e-06 1.65807e-05 5.80568e-05 0.000398143 0.00303822 0.00460132 0.00239763 0.00131384 0.000370515 0.000174588 0.000127281 8.28398e-05 5.62695e-05 7.70016e-06 3.4865e-06 2.39953e-06 1.35042e-05
0.00590611 9.70861e-05 4.56122e-05 3.48957e-05 2.93217e-05 3.06772e-05 7.19008e-05 0.000153217 0.000146139 7.58167e-05 2.56385e-05 1.51241e-05 2.31241e-05 0.000125323 0.00174364 0.00699057 0.00263376 0.000773977 0.000703245 0.000525648 0.000633014 0.000590342 0.000341008 0.000155088 3.12865e-05 1.40319e-05 7.35446e-06 4.10212e-05
0.0201694 0.00208492 0.0012854 0.000923926 0.000849886 0.00107875 0.00183465 0.00267905 0.00265366 0.00181034 0.00130102 0.00118019 0.00110087 0.00234681 0.0103894 0.0152358 0.00502229 0.00262843 0.0030192 0.00330496 0.00486053 0.00515711 0.0040548 0.00251439 0.0016773 0.00108017 0.000767898 0.00276984
