0.0192194 0.00109931 0.000456841 0.000593301 0.00131605 0.00212523 0.0042102 0.0108953 0.0135148 0.00546906 0.00213373 0.00139543 0.00160721 0.00174323 0.0014093 0.00171301 0.00294703 0.0044814 0.00468166 0.00345351 0.00282666 0.00214668 0.00155898 0.00105784 0.000886337 0.000762787 0.000534755 0.00155399
0.0042844 4.39511e-05 2.20747e-05 4.13273e-05 9.74099e-05 0.000178622 0.000539257 0.00149751 0.00147689 0.000462438 0.000183084 0.000180983 0.000221968 0.000242302 0.000210427 0.000305305 0.000569648 0.000756428 0.000762849 0.000581512 0.000426187 0.000269155 0.000166367 9.39852e-05 0.000100743 0.000104084 4.24311e-05 9.28157e-05
0.00251084 2.15819e-05 1.27775e-05 3.33864e-05 9.2689e-05 0.000178973 0.000485979 0.000792716 0.000415534 0.000175166 0.000179688 0.000327107 0.000473649 0.000595503 0.000626241 0.000843353 0.00138051 0.00173437 0.00265474 0.00349779 0.00230356 0.00105935 0.000453918 0.000218085 0.000166651 0.000117798 4.64291e-05 9.55422e-05
0.00137822 8.43337e-06 5.30017e-06 2.59142e-05 0.000127224 0.000267813 0.000371212 0.000249669 7.34298e-05 3.55428e-05 5.72279e-05 9.89707e-05 0.000141897 0.000227758 0.000344854 0.000487137 0.000525261 0.00124923 0.00764371 0.0301518 0.0313552 0.0105129 0.00270069 0.000631092 0.000214977 8.5988e-05 4.12309e-05 0.000107709
0.00129973 1.08748e-05 1.08935e-05 0.000126373 0.000670971 0.000849861 0.000751768 0.000274895 8.60583e-05 6.22738e-05 0.000111442 0.000195787 0.000247724 0.000343503 0.000622813 0.000828218 0.000996051 0.00665493 0.106446 0.506153 0.547907 0.189929 0.0353441 0.00394904 0.000550941 0.000137406 6.41379e-05 0.000142345
0.00166037 2.25796e-05 2.75024e-05 0.000255289 0.000606897 0.000379923 0.000311788 0.000170503 0.000128378 0.00026693 0.000649677 0.00132436 0.00176379 0.00157471 0.00224838 0.0025301 0.00402272 0.0609702 0.635277 0.917722 0.870459 0.368919 0.0467475 0.00340544 0.000335401 8.1543e-05 5.41953e-05 0.000154535
0.00227407 4.90942e-05 6.00604e-05 0.00026335 0.000290637 0.000144869 0.000177496 0.000246316 0.000881339 0.00517532 0.0118921 0.029376 0.0541944 0.0310651 0.0213384 0.0113091 0.0118462 0.230787 0.879573 0.957341 0.869998 0.206806 0.0130821 0.000926119 0.000102998 3.56914e-05 3.20078e-05 0.000118225
0.00313434 7.67351e-05 7.01996e-05 0.000180723 0.000164885 0.000101316 0.000112746 0.00027744 0.00416221 0.0759512 0.272707 0.610701 0.769817 0.436208 0.10723 0.0297298 0.0410177 0.522386 0.941577 0.945053 0.710982 0.0670147 0.00403733 0.00039624 3.39839e-05 1.30911e-05 2.19839e-05 0.000104855
0.00346462 6.52248e-05 3.66641e-05 8.52488e-05 0.000112111 6.84895e-05 9.99848e-05 0.000458566 0.00957694 0.281285 0.797839 0.942852 0.934461 0.486456 0.0848885 0.0669502 0.31846 0.916255 0.969982 0.873479 0.357839 0.0264453 0.00264404 0.000288724 2.41512e-05 1.04381e-05 2.36314e-05 9.37415e-05
0.0031162 4.83684e-05 1.84687e-05 5.21839e-05 0.000117415 0.000107024 0.000221684 0.00173973 0.0608981 0.724094 0.945614 0.946169 0.729177 0.124005 0.0510442 0.284818 0.894981 0.977354 0.923842 0.451993 0.0704872 0.0113236 0.00264884 0.000325838 3.97677e-05 1.97506e-05 3.70981e-05 9.1619e-05
0.00291271 3.05306e-05 1.42941e-05 7.12081e-05 0.000320052 0.000484116 0.00157736 0.0188818 0.40097 0.94075 0.967447 0.779895 0.16065 0.0356461 0.148535 0.878399 0.986823 0.980737 0.774489 0.144315 0.0430948 0.0239991 0.00647436 0.000794457 0.000119561 4.4936e-05 5.99414e-05 9.68574e-05
0.00211461 2.10755e-05 1.91617e-05 0.000263987 0.00288729 0.00956351 0.0527653 0.357244 0.875796 0.970904 0.91883 0.255436 0.0242397 0.0387334 0.575047 0.97494 0.988027 0.963032 0.628662 0.18656 0.213777 0.206475 0.0429099 0.00336663 0.00036522 7.24609e-05 5.23247e-05 7.77446e-05
0.00180163 3.16528e-05 7.28965e-05 0.00168016 0.020742 0.135958 0.56115 0.908738 0.9781 0.969772 0.597356 0.0198795 0.00570036 0.0706573 0.788099 0.971418 0.974091 0.923488 0.596017 0.396782 0.582667 0.498167 0.102567 0.00563067 0.00040664 6.24642e-05 3.54573e-05 6.25026e-05
0.00318444 0.000107067 0.000458206 0.00864214 0.0462461 0.275431 0.836339 0.969302 0.967247 0.812216 0.0922169 0.00409854 0.00539269 0.0909254 0.801346 0.950869 0.951776 0.920262 0.710428 0.534233 0.543425 0.249331 0.0353504 0.00295967 0.000231991 4.27637e-05 2.82488e-05 4.67194e-05
0.00634879 0.000362787 0.00101138 0.00751476 0.0361399 0.285142 0.89565 0.978423 0.958519 0.741136 0.124963 0.0220699 0.0659639 0.433735 0.898411 0.959848 0.93692 0.91682 0.823218 0.54918 0.210665 0.0286379 0.00556895 0.0011003 0.000136691 3.47056e-05 2.52184e-05 4.36942e-05
0.0109253 0.000689304 0.000790634 0.00241095 0.0123361 0.125962 0.838953 0.980752 0.984577 0.970614 0.837547 0.541678 0.716236 0.892824 0.937095 0.953879 0.917755 0.917125 0.908769 0.626167 0.110323 0.00991811 0.00250553 0.000648727 0.000166729 8.73252e-05 6.36643e-05 7.29106e-05
0.0148727 0.000560141 0.000220321 0.000410678 0.00268989 0.0381242 0.60945 0.947431 0.988137 0.994265 0.990708 0.980975 0.97881 0.978778 0.970093 0.962843 0.911571 0.925937 0.927773 0.678773 0.130776 0.0104453 0.00277949 0.000950951 0.000351263 0.000338343 0.000235215 0.000141705
0.00781601 0.000163632 6.70294e-05 0.000190603 0.00121392 0.0089754 0.195196 0.713483 0.957541 0.99127 0.994562 0.994507 0.989374 0.986994 0.986471 0.981805 0.931961 0.889701 0.811189 0.37119 0.055918 0.00621347 0.00134601 0.00061886 0.000449228 0.000582092 0.000340419 0.000147268
0.00264758 5.11931e-05 5.72044e-05 0.000363477 0.0017194 0.00366041 0.022889 0.16102 0.643722 0.916255 0.97015 0.969918 0.959152 0.979147 0.988865 0.984052 0.925053 0.758563 0.327841 0.0438239 0.00753784 0.00168349 0.000556319 0.000411449 0.000482908 0.000530598 0.000226432 0.000103969
0.00209064 4.5709e-05 9.2883e-05 0.000875102 0.0049089 0.00609474 0.00814527 0.0209225 0.0759114 0.176129 0.313318 0.399496 0.724869 0.960265 0.984476 0.973745 0.869875 0.557672 0.0779137 0.00574167 0.00176699 0.000665948 0.000302185 0.00038332 0.00066384 0.000699758 0.000283122 0.000129014
0.00292477 0.00010844 0.000204527 0.00263343 0.0118137 0.0088163 0.00704348 0.00442798 0.0034204 0.00307363 0.00724353 0.06266 0.726835 0.978569 0.979861 0.962655 0.888587 0.569222 0.0653571 0.00407828 0.00139463 0.000593623 0.000307786 0.000515307 0.000909119 0.000828249 0.000371925 0.000194695
0.00362866 0.000190919 0.000377997 0.00369375 0.00922858 0.00435458 0.00385603 0.00174473 0.000678895 0.000646125 0.00330952 0.0807852 0.902992 0.991846 0.981377 0.976585 0.958744 0.768628 0.152568 0.0123194 0.00303309 0.000758232 0.000491146 0.000993268 0.000814316 0.000498266 0.000316586 0.000229273
0.0036989 0.000207149 0.000489761 0.00277354 0.00318006 0.00160111 0.00169251 0.000978061 0.000630251 0.000995137 0.00558451 0.099933 0.805586 0.971589 0.976215 0.985565 0.97204 0.827362 0.305913 0.0277895 0.00398117 0.000829717 0.000659155 0.0013186 0.000616776 0.000339634 0.000313086 0.000246722
0.00368167 0.000172924 0.000352843 0.00169708 0.00189934 0.00111237 0.000827966 0.000390527 0.000628434 0.00177358 0.00446483 0.0211728 0.198205 0.686942 0.923953 0.966432 0.899251 0.564354 0.147037 0.0123564 0.00130363 0.000399683 0.00037896 0.000724684 0.000333289 0.000154065 0.00012657 0.000144838
0.00380211 8.85495e-05 0.000118243 0.000804265 0.00156125 0.000635192 0.000209639 9.53168e-05 0.000209999 0.000596523 0.00070498 0.000802641 0.00329393 0.0388427 0.283689 0.390211 0.136376 0.0191678 0.00321811 0.000511771 0.00013892 8.86285e-05 7.94449e-05 0.000159133 7.61733e-05 3.54875e-05 2.04839e-05 4.48864e-05
0.00277488 3.79354e-05 4.02015e-05 0.0003137 0.000656918 0.000194778 4.29027e-05 2.61055e-05 7.08935e-05 0.000117381 7.41055e-05 5.52696e-05 0.000120178 0.00100758 0.0061184 0.0051404 0.00153092 0.000277272 6.80457e-05 2.07271e-05 1.18341e-05 1.87228e-05 5.12206e-05 0.000150261 3.37781e-05 8.94689e-06 3.91885e-06 1.52646e-05
0.00396592 9.08024e-05 0.000150903 0.000654316 0.000717521 0.000212166 8.40505e-05 6.74446e-05 0.000143563 0.000191088 6.48164e-05 5.22006e-05 0.000109658 0.00042013 0.000981795 0.000696492 0.000468115 0.000198451 7.8271e-05 3.21606e-05 2.08666e-05 4.61155e-05 0.000316629 0.000739604 9.06119e-05 1.90586e-05 8.18188e-06 4.33706e-05
0.0181316 0.00251844 0.00300965 0.00411223 0.00386772 0.00228459 0.00170064 0.00154355 0.00200253 0.00215204 0.00124272 0.00108113 0.00159139 0.00255364 0.00235142 0.00200855 0.00234662 0.00197394 0.00158418 0.00121567 0.000855414 0.00130502 0.00432708 0.00547672 0.00203587 0.000928302 0.000728993 0.00276198
