0.0272807 0.0049115 0.00453307 0.00214567 0.00112382 0.00090023 0.00172241 0.00215378 0.00138766 0.00143052 0.00353919 0.00560762 0.00365482 0.00179807 0.00176584 0.00155001 0.00072843 0.000486821 0.000463313 0.000618671 0.000711721 0.000727884 0.000684075 0.000622257 0.000640491 0.000607278 0.000723549 0.001794
0.00977324 0.000626172 0.000724104 0.000330204 0.000119832 7.37083e-05 0.000132387 0.000199273 0.000186878 0.00031474 0.00138537 0.00362861 0.00176915 0.000492853 0.000298479 0.000184516 0.00010184 7.31857e-05 7.41464e-05 0.000121535 0.000174409 0.000156604 9.34083e-05 7.38344e-05 0.000107528 0.000121269 8.99248e-05 9.22384e-05
0.00913388 0.000561555 0.000501451 0.000234194 0.000144726 9.77995e-05 0.000118507 0.000265026 0.000522051 0.00118321 0.00830152 0.0317869 0.0192969 0.00591209 0.00241448 0.0012133 0.000754474 0.000459343 0.000331127 0.000537093 0.000748015 0.00047485 0.000250641 0.000250559 0.000349618 0.000265063 0.000138977 7.81272e-05
0.00323502 6.45212e-05 2.98048e-05 2.58506e-05 5.31245e-05 9.88564e-05 0.000193058 0.00047236 0.000533953 0.000774817 0.00998431 0.125123 0.279677 0.302863 0.173295 0.0755975 0.0226008 0.00383431 0.00135741 0.000865942 0.000413183 0.000218368 0.000248601 0.000515265 0.000862018 0.000449081 0.000133842 5.7262e-05
0.00204179 1.56191e-05 7.49222e-06 2.06946e-05 9.25124e-05 0.000408824 0.00139076 0.0015339 0.00108158 0.00127187 0.0227666 0.545667 0.904701 0.960733 0.944504 0.820743 0.385158 0.0473197 0.0144932 0.00458211 0.00122211 0.00108148 0.00188916 0.00362618 0.00277051 0.000736831 0.000110111 4.22828e-05
0.00120649 7.2677e-06 3.6561e-06 2.26345e-05 0.000201278 0.0011058 0.00249956 0.00187067 0.00156637 0.00364373 0.111987 0.84951 0.976481 0.987845 0.980401 0.949996 0.79795 0.399813 0.191649 0.0687317 0.0247547 0.0229565 0.0165269 0.00550635 0.0013096 0.000223302 2.559e-05 2.40026e-05
0.00154137 1.01379e-05 6.12576e-06 5.23293e-05 0.000577759 0.00196043 0.00326726 0.00380448 0.0062142 0.0424728 0.707618 0.976258 0.983167 0.966192 0.91384 0.922549 0.947677 0.891938 0.748539 0.573336 0.412081 0.295056 0.0776199 0.00505396 0.000417306 7.03787e-05 7.5619e-06 1.71267e-05
0.00191283 1.81817e-05 1.31897e-05 0.000113547 0.00111776 0.00315247 0.00618962 0.0199695 0.10606 0.568067 0.970813 0.988451 0.932485 0.453382 0.15354 0.31725 0.692222 0.766013 0.748206 0.86854 0.880173 0.719247 0.141431 0.0043164 0.000216289 2.76705e-05 5.57962e-06 1.90092e-05
0.0019679 2.44627e-05 1.98632e-05 0.000156349 0.00174356 0.004492 0.0138178 0.155924 0.622599 0.942089 0.99128 0.973468 0.531006 0.0162946 0.0028472 0.00700534 0.0278994 0.11407 0.42307 0.854743 0.946378 0.898284 0.28282 0.00810687 0.000320229 2.46087e-05 7.5351e-06 2.41428e-05
0.00292614 5.49145e-05 5.06232e-05 0.00026413 0.00166446 0.00425552 0.0332955 0.556108 0.922367 0.979074 0.987183 0.850244 0.0497616 0.000774238 0.000228322 0.000455817 0.00170689 0.0126587 0.0951854 0.514991 0.907438 0.954456 0.701336 0.0721294 0.00199702 6.23555e-05 2.22593e-05 4.16381e-05
0.00458372 0.000149804 0.000170405 0.000515215 0.00236935 0.00990434 0.142383 0.872991 0.974043 0.984387 0.966368 0.44655 0.00633015 0.000175675 9.04119e-05 0.00017624 0.000582193 0.0029777 0.0136452 0.141833 0.80589 0.967434 0.90294 0.277961 0.00779275 0.000164491 5.01885e-05 5.92784e-05
0.00671522 0.000302006 0.000368497 0.00109013 0.00770067 0.059631 0.524262 0.946477 0.979791 0.979441 0.901989 0.184521 0.00461888 0.000316376 0.000118927 0.000144311 0.00052016 0.001921 0.00421547 0.0564306 0.734536 0.965297 0.939128 0.438064 0.0115474 0.00017652 3.67089e-05 3.96163e-05
0.00924918 0.000552602 0.000735964 0.00278359 0.0302058 0.2509 0.815853 0.977019 0.986441 0.967308 0.660107 0.0521221 0.00502594 0.000994371 0.000328077 0.000346107 0.00130242 0.00296861 0.00533645 0.0887078 0.827609 0.978176 0.952783 0.469748 0.0101713 8.58203e-05 1.28705e-05 1.69737e-05
0.0229322 0.00250708 0.00332267 0.0106953 0.0714511 0.323957 0.84856 0.97769 0.978404 0.909893 0.319582 0.0209168 0.00512072 0.0017137 0.000944163 0.00152396 0.0043083 0.00453783 0.00606817 0.108332 0.853541 0.98227 0.959598 0.429519 0.00472055 2.7905e-05 5.75592e-06 1.20362e-05
0.0326821 0.00411698 0.00381346 0.00728215 0.0290112 0.164427 0.818332 0.977896 0.967726 0.783416 0.204931 0.0170555 0.00398316 0.00215982 0.00239704 0.00409868 0.00502691 0.00214133 0.00237341 0.0739338 0.809181 0.975013 0.960911 0.421816 0.00271709 1.66508e-05 5.52181e-06 1.53548e-05
0.0129391 0.000953191 0.00109659 0.00405886 0.016158 0.0850425 0.758179 0.977165 0.971044 0.807564 0.257416 0.0227816 0.00487379 0.00484912 0.00810749 0.0101682 0.00472764 0.00115985 0.00140143 0.0477085 0.786326 0.969841 0.963119 0.48829 0.00259881 1.91547e-05 8.07085e-06 2.00498e-05
0.00430159 0.000308606 0.000866906 0.00800131 0.0376376 0.127067 0.708008 0.975947 0.978073 0.776907 0.166868 0.0128717 0.00404675 0.00855224 0.0154442 0.0127222 0.00461773 0.00149701 0.00332447 0.104484 0.861456 0.977457 0.962601 0.444463 0.00408284 5.76699e-05 2.31258e-05 4.18223e-05
0.00315697 0.000250144 0.00156942 0.0282161 0.141859 0.284046 0.724736 0.977125 0.97446 0.480089 0.0160317 0.00130181 0.00143306 0.00605938 0.00732878 0.00431023 0.00264542 0.00265266 0.0184681 0.379851 0.936212 0.982348 0.953046 0.394838 0.0105638 0.000637281 0.00042594 0.000286155
0.00465923 0.000395676 0.00214623 0.0599202 0.356204 0.489282 0.799569 0.972751 0.954263 0.249637 0.00434626 0.000764366 0.00228401 0.00758834 0.00532993 0.00373927 0.00536049 0.0212301 0.188885 0.809592 0.96973 0.966889 0.854016 0.309727 0.0350544 0.00796907 0.00541985 0.0011589
0.00597325 0.000401672 0.00119011 0.0212093 0.206003 0.400513 0.679765 0.941822 0.955577 0.595907 0.0560583 0.0201185 0.034063 0.0363018 0.0331877 0.0736569 0.1709 0.438852 0.829199 0.961856 0.97235 0.88506 0.47306 0.12378 0.0412389 0.0109894 0.00235162 0.000430366
0.00598714 0.000191714 0.000286355 0.00273981 0.0182526 0.0447486 0.205712 0.790563 0.961653 0.936912 0.774968 0.647101 0.626872 0.473388 0.598633 0.854846 0.91556 0.964138 0.974641 0.979064 0.933913 0.460899 0.073732 0.0221909 0.00933614 0.00163763 0.000167367 5.73553e-05
0.00455331 9.73459e-05 6.81065e-05 0.000338649 0.00164631 0.00385782 0.0306461 0.446189 0.949597 0.980278 0.972098 0.963207 0.96124 0.957419 0.979703 0.987342 0.982514 0.987481 0.98313 0.9753 0.833128 0.133308 0.00918319 0.00237452 0.000886501 0.000181474 2.21668e-05 2.12798e-05
0.00301911 4.43627e-05 2.86466e-05 0.000126809 0.00059037 0.00104845 0.007161 0.239426 0.892932 0.947356 0.932532 0.905319 0.916836 0.956089 0.970954 0.95756 0.90651 0.896304 0.866984 0.773208 0.397258 0.038328 0.00395657 0.00101086 0.000173114 4.86497e-05 1.06498e-05 2.46187e-05
0.00186417 1.52127e-05 1.12939e-05 6.74941e-05 0.000402792 0.000728859 0.00453919 0.0909157 0.465693 0.45265 0.309563 0.214304 0.329063 0.612437 0.569275 0.334484 0.14249 0.089899 0.0782618 0.0858784 0.0973966 0.0344027 0.00571934 0.00125328 0.000113922 2.87462e-05 7.35763e-06 2.73951e-05
0.00141999 4.19641e-06 3.66293e-06 4.37931e-05 0.000212611 0.000329302 0.00157534 0.00628043 0.0116626 0.010587 0.00656432 0.00573084 0.0236052 0.0884715 0.0481235 0.0145976 0.00507741 0.00199345 0.00184457 0.00691999 0.0419046 0.0424859 0.0051351 0.000569458 3.85507e-05 1.0117e-05 3.62896e-06 2.42672e-05
0.00103973 2.27388e-06 4.18532e-06 8.65679e-05 0.000230407 0.000153237 0.000241776 0.000310714 0.000388984 0.00057441 0.000457359 0.000366341 0.00164558 0.00544973 0.00512714 0.00292786 0.000691404 0.000172878 0.000162348 0.000911898 0.00807828 0.0093898 0.00122971 0.000135559 7.5095e-06 2.50557e-06 2.2962e-06 2.3817e-05
0.00185407 1.77922e-05 7.41534e-05 0.000762288 0.000873767 0.000335303 0.000216703 0.000191988 0.000436951 0.000809646 0.000386097 0.000246955 0.00062741 0.00167818 0.0043949 0.00395731 0.000616413 0.000151818 0.000224217 0.000910468 0.00412839 0.00371565 0.000904199 0.000161395 1.77575e-05 9.04193e-06 1.08111e-05 9.7274e-05
0.011598 0.00126901 0.00321429 0.00682308 0.00533018 0.00274416 0.0020741 0.00200256 0.00374928 0.00423034 0.00244039 0.00203603 0.00236185 0.00377779 0.00876251 0.00848376 0.00322276 0.00174095 0.00243925 0.00483301 0.00701969 0.00583421 0.00404833 0.00211036 0.00111068 0.000853907 0.00105912 0.00498639
