0.01358 0.00048383 0.000222854 0.000426866 0.00126121 0.00142221 0.000837473 0.000645122 0.000907237 0.000932214 0.000540254 0.000359272 0.000585926 0.0013838 0.0017285 0.0017954 0.001927 0.00149175 0.00117301 0.00122984 0.00176535 0.00248631 0.00256493 0.00385081 0.00499068 0.00356684 0.00211561 0.00275607
0.00338852 2.46623e-05 2.17202e-05 6.61621e-05 0.000225895 0.000214809 7.96311e-05 4.25413e-05 7.71641e-05 8.41159e-05 4.18835e-05 3.81568e-05 0.000112814 0.000415661 0.000484998 0.000321404 0.00023398 0.000168351 0.000154772 0.000168575 0.000191939 0.000267968 0.000443842 0.00103964 0.000982373 0.000437959 0.000162034 0.00020006
0.00336418 4.0731e-05 5.39158e-05 0.000169725 0.000547272 0.000368123 0.000122843 5.60993e-05 8.43002e-05 0.000113342 8.49961e-05 0.000161612 0.00069429 0.00234584 0.00227184 0.000760655 0.000329837 0.0002708 0.000283163 0.000260164 0.000214266 0.000390763 0.0011045 0.00239625 0.000873901 0.000209496 9.34787e-05 0.00013174
0.00401934 4.92432e-05 2.80778e-05 5.70779e-05 0.000302949 0.00029994 0.00010383 3.98501e-05 4.14094e-05 6.6021e-05 8.4906e-05 0.000197002 0.000614275 0.00112379 0.000778339 0.000232318 0.000142187 0.000150188 0.000110263 8.86619e-05 9.59633e-05 0.000271229 0.000892962 0.00145994 0.000324958 6.88521e-05 3.68572e-05 5.58646e-05
0.00691752 8.69682e-05 4.4064e-05 0.000141529 0.00126962 0.00177723 0.000519771 0.000154166 0.000124987 0.000202746 0.000315083 0.000613067 0.00152652 0.00201208 0.0011925 0.000442078 0.000346807 0.000270093 0.000107757 9.45673e-05 0.000170997 0.000634599 0.00184911 0.00251106 0.000601842 9.61719e-05 3.73299e-05 4.74245e-05
0.0122872 0.000336845 0.000246911 0.00141617 0.0126541 0.00923993 0.00198808 0.000647278 0.000608323 0.000843532 0.0012571 0.00259886 0.00707437 0.00875152 0.00395652 0.000863888 0.000340024 0.000135895 6.58928e-05 7.74594e-05 0.000111235 0.000315259 0.000930846 0.00193821 0.000813401 0.000185202 0.000138909 0.000155407
0.0187291 0.00146591 0.0023571 0.0156454 0.08159 0.0384235 0.0109028 0.00578867 0.00788234 0.00983145 0.0112207 0.0254327 0.0544969 0.0614362 0.0244519 0.00314611 0.000547796 0.000151564 0.000103694 9.07193e-05 8.43026e-05 0.000233054 0.000909737 0.00295563 0.00148458 0.000597422 0.000734399 0.000588353
0.0135483 0.00176746 0.00857503 0.15338 0.557371 0.468719 0.34154 0.333535 0.430525 0.405238 0.366055 0.536657 0.617356 0.59843 0.385858 0.0745623 0.00853616 0.0010869 0.000378997 0.000129783 0.000161839 0.000862427 0.00365558 0.00753949 0.00196207 0.000687017 0.000843463 0.000686992
0.00849369 0.00169993 0.0221693 0.590437 0.948548 0.950525 0.946761 0.951758 0.962637 0.946057 0.928783 0.957974 0.948294 0.930777 0.863015 0.532325 0.136444 0.0123252 0.00206092 0.000652814 0.00111495 0.006088 0.013545 0.00908609 0.00121841 0.000389924 0.000388933 0.000336125
0.00879071 0.00147072 0.0360386 0.662204 0.931431 0.922274 0.934166 0.951933 0.959626 0.945636 0.946459 0.978429 0.969504 0.965163 0.954613 0.917682 0.781826 0.278648 0.037835 0.0114694 0.0151023 0.0159317 0.00933526 0.00267492 0.000523215 0.000375048 0.000319224 0.000212945
0.00659244 0.000520228 0.00414833 0.0641623 0.188854 0.155507 0.280039 0.458091 0.517095 0.540073 0.66474 0.861817 0.840325 0.831559 0.907801 0.951707 0.948346 0.823384 0.371065 0.164214 0.0919441 0.0133265 0.00262148 0.00112722 0.00053975 0.000569479 0.000402021 0.000192627
0.00376451 0.000124577 0.000221175 0.00117561 0.00226521 0.00223684 0.0154655 0.0425404 0.0268266 0.0211674 0.0428333 0.0925299 0.0778241 0.0902168 0.248055 0.652897 0.884403 0.932895 0.846973 0.682177 0.241584 0.0102332 0.00126286 0.000705647 0.000519472 0.000407602 0.000206619 0.000121667
0.00230353 3.87924e-05 3.2899e-05 0.000147566 0.000394736 0.000885991 0.00667964 0.0104092 0.00277877 0.00110336 0.00194342 0.00228534 0.00205273 0.00431437 0.0209199 0.178708 0.709589 0.942327 0.948099 0.888583 0.370688 0.0107121 0.00159049 0.000809986 0.000319639 0.000167356 8.43283e-05 6.98135e-05
0.0014829 1.82048e-05 1.69372e-05 0.000142575 0.000739898 0.00174397 0.00560738 0.00352983 0.000710621 0.000286603 0.000327655 0.000294483 0.000546836 0.0024348 0.00921607 0.0649801 0.5265 0.917071 0.956998 0.937699 0.589934 0.0375488 0.0041244 0.000929098 0.000206796 9.23622e-05 4.17234e-05 4.14287e-05
0.00182332 2.90826e-05 3.46173e-05 0.000425023 0.00217809 0.00246988 0.00330216 0.00144045 0.000446565 0.000299385 0.000257442 0.000329594 0.00121001 0.00463471 0.00828983 0.0315216 0.299149 0.819153 0.922783 0.914754 0.693878 0.100968 0.00726648 0.000867465 0.00019254 7.98617e-05 2.8707e-05 3.37656e-05
0.00279226 8.4129e-05 0.000173617 0.00179487 0.00449209 0.0020777 0.0010829 0.000502741 0.000528224 0.000709068 0.000428602 0.000336023 0.0013038 0.00339836 0.00318157 0.0118984 0.132075 0.665179 0.860762 0.839451 0.639433 0.141432 0.0138512 0.00178127 0.000419839 0.000137873 4.64111e-05 5.08264e-05
0.00397462 0.000215471 0.000504291 0.00273276 0.00340074 0.000931764 0.000555489 0.000714058 0.00196888 0.00277792 0.000912579 0.000290351 0.000481585 0.000777423 0.000769487 0.00396213 0.0731652 0.649509 0.894704 0.896674 0.736219 0.237714 0.0318137 0.00446175 0.000876189 0.000249171 8.4832e-05 8.44683e-05
0.00467682 0.000244608 0.000352181 0.000922347 0.000929122 0.000484535 0.000683105 0.00248346 0.0131338 0.0107541 0.00179292 0.000331465 0.000242135 0.000245052 0.000287419 0.0016141 0.0280561 0.48662 0.918341 0.956868 0.845222 0.252737 0.0226 0.00239182 0.000379855 0.000127487 3.63968e-05 6.08979e-05
0.00457977 0.00012953 9.38408e-05 0.000200132 0.0003371 0.000553022 0.00163255 0.0089788 0.0260107 0.00967321 0.00165296 0.000285998 0.000149651 0.000147538 0.000200854 0.000781542 0.00914688 0.290868 0.916777 0.975184 0.858886 0.123908 0.00509323 0.000357217 5.59271e-05 3.0412e-05 8.91361e-06 2.81731e-05
0.00361496 7.9395e-05 4.99357e-05 0.000183117 0.000707958 0.0029315 0.0168968 0.0620249 0.0395017 0.00520214 0.00100267 0.000241403 0.000119371 0.000141876 0.000310446 0.00111783 0.00843904 0.229905 0.924843 0.977829 0.797602 0.04672 0.00122291 9.45161e-05 1.8011e-05 1.64891e-05 5.96175e-06 2.14881e-05
0.00362099 9.57749e-05 0.000115303 0.000697867 0.00280848 0.0142912 0.064986 0.0851065 0.0260975 0.00226648 0.000461763 0.00019108 0.000151985 0.000259692 0.000828537 0.00337537 0.0246449 0.511591 0.962914 0.972639 0.634588 0.0161473 0.000616041 8.25949e-05 2.13257e-05 2.48769e-05 1.00404e-05 2.58896e-05
0.00260837 6.26349e-05 0.00010982 0.000885364 0.00328452 0.0135805 0.0360939 0.0245222 0.00524095 0.000621394 0.000229678 0.000182046 0.000196362 0.000513414 0.00305766 0.0201799 0.218977 0.893349 0.978393 0.919717 0.24607 0.00554815 0.000589686 0.000198006 6.84324e-05 5.47421e-05 1.87976e-05 3.01254e-05
0.00172516 2.73016e-05 4.11231e-05 0.000339718 0.0014944 0.00467137 0.00817468 0.00435258 0.001048 0.000262992 0.000150456 0.000172275 0.000372558 0.00161648 0.0125058 0.147193 0.764381 0.971032 0.950553 0.366326 0.0186001 0.00159939 0.000870943 0.000798014 0.000230457 8.50002e-05 2.25782e-05 2.55295e-05
0.0017344 2.28859e-05 2.28498e-05 0.000134466 0.000744042 0.0021985 0.00270775 0.00153653 0.000597364 0.000334752 0.000293951 0.000351964 0.000783834 0.00481196 0.0669093 0.596511 0.94588 0.967086 0.56854 0.0147701 0.00156942 0.000871864 0.00208051 0.00315893 0.000627869 0.000100685 2.17154e-05 1.75534e-05
0.00254886 1.82505e-05 1.01401e-05 5.27441e-05 0.000398583 0.00122692 0.00142151 0.000922354 0.000591685 0.000450221 0.000377092 0.000260045 0.000537609 0.00979301 0.254008 0.892328 0.974093 0.908079 0.106706 0.00108823 0.000364379 0.00106254 0.00302662 0.00341057 0.000690807 7.38612e-05 1.48063e-05 1.22083e-05
0.00322597 1.89471e-05 5.79043e-06 1.76611e-05 8.17684e-05 0.000157535 0.000162611 0.000124242 0.000114777 9.68505e-05 6.84184e-05 6.27123e-05 0.000318119 0.0142993 0.461835 0.929903 0.960029 0.752789 0.0327 0.000567602 0.000268663 0.000756269 0.00127374 0.00148317 0.000679472 0.000103353 2.03001e-05 1.34701e-05
0.00570599 7.55597e-05 3.29881e-05 4.45428e-05 7.37282e-05 8.85474e-05 8.54849e-05 7.47891e-05 7.41483e-05 6.85629e-05 4.44151e-05 6.6205e-05 0.000440313 0.0124971 0.191992 0.630643 0.721917 0.292936 0.0254152 0.00192843 0.000863456 0.00113297 0.00108284 0.00178416 0.0020027 0.000736482 0.00014995 7.99731e-05
0.0234597 0.00220086 0.00163093 0.0012918 0.00127573 0.00133484 0.00123281 0.00115539 0.00131444 0.00140359 0.00129748 0.00169325 0.00477216 0.0226301 0.0552435 0.137679 0.178537 0.0880251 0.0363811 0.0108109 0.00658946 0.00732826 0.00477079 0.00713951 0.0122903 0.00814915 0.00424661 0.004639
