0.0134588 0.000879402 0.000670301 0.00194981 0.0037599 0.00262052 0.00207656 0.00227342 0.00376055 0.00655982 0.0059138 0.00469378 0.00603431 0.00735686 0.00513738 0.00357134 0.00609905 0.0143703 0.00731151 0.00158267 0.000722202 0.000615812 0.000831575 0.00118604 0.00151031 0.00153708 0.00143308 0.00309045
0.00342797 4.63423e-05 6.76305e-05 0.000317015 0.000508473 0.000258228 0.000199856 0.000306709 0.00090122 0.00154148 0.000627986 0.000394226 0.00106967 0.00175614 0.000784957 0.000563336 0.00297006 0.0121389 0.00410384 0.000665192 0.000254922 0.000201979 0.000259357 0.000273491 0.000193598 0.000130823 7.90636e-05 0.000178172
0.00268437 6.16172e-05 0.000121072 0.000481927 0.000526505 0.000237577 0.000216514 0.000541559 0.00154075 0.00133974 0.000506575 0.000660337 0.00454841 0.00857715 0.00311953 0.00393338 0.0308914 0.0734654 0.0232682 0.00681914 0.00285855 0.0015322 0.00130015 0.000598107 0.000146178 5.67761e-05 4.06393e-05 8.77922e-05
0.0026088 5.34208e-05 5.72915e-05 0.000157001 0.000253568 0.000205344 0.000231158 0.000549715 0.000832015 0.000572297 0.000518763 0.0022126 0.0219162 0.0299742 0.0110119 0.012119 0.0244139 0.0160502 0.00839874 0.00998821 0.00822726 0.00350958 0.00157363 0.000442656 0.000126358 6.67453e-05 4.02975e-05 5.0197e-05
0.00378898 7.64509e-05 6.00426e-05 0.00020409 0.000636046 0.000779409 0.000852178 0.00121267 0.00127179 0.00144789 0.00481455 0.0406675 0.177331 0.175444 0.106699 0.066392 0.0389067 0.0134227 0.0130254 0.0354072 0.0315258 0.0126718 0.0042297 0.00128678 0.000509926 0.000225747 8.20404e-05 5.37179e-05
0.00788121 0.000214996 0.000101709 0.000216184 0.000589321 0.000519484 0.00053295 0.000670245 0.000630157 0.00113853 0.00826926 0.137119 0.539264 0.653847 0.677021 0.485834 0.184301 0.0528961 0.0385351 0.0499585 0.034915 0.0181994 0.00542102 0.00143993 0.000552187 0.000215243 8.50404e-05 6.54193e-05
0.0159029 0.000466917 0.000175898 0.000201552 0.000380286 0.000298627 0.000288314 0.000301092 0.000365278 0.000940157 0.00659318 0.202016 0.822772 0.911424 0.884746 0.707238 0.351009 0.137701 0.0820047 0.0573046 0.0414208 0.0248056 0.00640942 0.0010914 0.000270772 0.000112376 6.9629e-05 6.74945e-05
0.00987672 0.000189743 8.39475e-05 0.000110005 0.000264987 0.000326507 0.000356723 0.000256615 0.000286297 0.000916419 0.0124234 0.407802 0.886991 0.833801 0.511001 0.177306 0.0728892 0.0787228 0.0722316 0.053617 0.0530115 0.0243951 0.00319854 0.000369208 0.000110917 7.16334e-05 5.6036e-05 6.20896e-05
0.0030324 2.50937e-05 2.05805e-05 5.66613e-05 0.000202568 0.000389638 0.000381695 0.000198567 0.000252228 0.00101769 0.0257652 0.62327 0.8902 0.478572 0.0445602 0.00715724 0.00595887 0.0385722 0.0877796 0.0764467 0.0758516 0.0234787 0.00216588 0.000273559 0.000110522 8.28949e-05 5.05217e-05 5.00641e-05
0.00152937 7.29372e-06 8.54259e-06 4.72826e-05 0.000300761 0.000686918 0.000392762 0.000180019 0.000323768 0.00132883 0.0255873 0.464174 0.661231 0.098022 0.00324988 0.000655844 0.00192796 0.0241809 0.064389 0.0839203 0.139445 0.0723757 0.00891714 0.00138717 0.000400203 0.000127184 4.38314e-05 4.03725e-05
0.00127743 8.61131e-06 8.30167e-06 6.69071e-05 0.000596732 0.000944831 0.000331215 0.000205532 0.000620285 0.00205683 0.0275545 0.387527 0.441032 0.0475567 0.00275202 0.000938953 0.00286463 0.0119355 0.0164612 0.0406638 0.179903 0.199203 0.039525 0.00634414 0.00108948 0.000134518 2.88125e-05 3.20266e-05
0.00136626 1.29256e-05 7.95504e-06 5.02135e-05 0.00037042 0.000558152 0.00030134 0.000306917 0.000734913 0.00244152 0.0487761 0.594573 0.658057 0.218095 0.0597097 0.027982 0.0229062 0.014904 0.0076544 0.0214505 0.183956 0.224093 0.0381888 0.00518037 0.000658659 8.70648e-05 1.89322e-05 3.12452e-05
0.00152133 1.04808e-05 4.35957e-06 1.89227e-05 0.000111697 0.000240323 0.000335895 0.000404028 0.000780535 0.0053675 0.135602 0.793856 0.858921 0.750436 0.723871 0.538093 0.282511 0.0721912 0.0310963 0.0764202 0.214217 0.110001 0.0101093 0.00130455 0.000183755 5.48631e-05 1.67564e-05 4.10862e-05
0.00138677 7.13988e-06 2.71684e-06 1.27187e-05 7.7167e-05 0.000194178 0.000447935 0.000657869 0.00138831 0.0189909 0.487213 0.923521 0.887424 0.773082 0.783377 0.710035 0.629114 0.477402 0.366132 0.374042 0.234512 0.0315933 0.00253747 0.000403756 5.50617e-05 2.6494e-05 1.08393e-05 3.49093e-05
0.00122538 5.63899e-06 2.2582e-06 1.3946e-05 0.000111777 0.000324282 0.000808081 0.000941717 0.00232282 0.0790478 0.795153 0.890019 0.491728 0.108309 0.0741506 0.125969 0.435043 0.799588 0.84051 0.729777 0.272806 0.0118971 0.000858049 0.00016233 2.55205e-05 1.43263e-05 6.57661e-06 2.00346e-05
0.00119629 6.37004e-06 2.8039e-06 1.78126e-05 0.000113676 0.000368264 0.00121168 0.00178397 0.00789789 0.218231 0.85139 0.702206 0.0472104 0.00208156 0.000956536 0.00443972 0.0812112 0.69971 0.933212 0.876681 0.204008 0.00370444 0.000427197 0.0001587 4.26828e-05 2.56662e-05 1.51572e-05 2.44066e-05
0.00120253 6.95082e-06 3.38732e-06 2.01339e-05 0.000133681 0.000616122 0.00333208 0.0104132 0.078994 0.590145 0.783035 0.220712 0.00311339 0.000109951 9.70733e-05 0.00073103 0.00991897 0.380228 0.917624 0.771036 0.0652376 0.00132259 0.00033849 0.000288277 0.000164501 0.000117586 6.55481e-05 6.47702e-05
0.00125069 7.68792e-06 4.80634e-06 4.02879e-05 0.000471865 0.00480025 0.0486552 0.181947 0.607887 0.849309 0.470827 0.0165796 0.000495755 6.85134e-05 8.50672e-05 0.000516873 0.00819069 0.401537 0.921295 0.67913 0.0430767 0.00177412 0.000626331 0.000656435 0.000526469 0.000545567 0.000468212 0.000310514
0.00151659 1.406e-05 1.5089e-05 0.000187954 0.00322802 0.055955 0.407139 0.7699 0.920859 0.879977 0.209518 0.00408905 0.000505461 0.000271995 0.000314591 0.00150203 0.0415225 0.798149 0.949017 0.58314 0.0534211 0.00374597 0.00141296 0.00162011 0.00107508 0.0014851 0.00227086 0.000977241
0.00304727 4.87866e-05 6.00298e-05 0.000756439 0.0174591 0.212087 0.47627 0.78792 0.937425 0.829105 0.0667551 0.00139693 0.000557963 0.000575932 0.00115979 0.00961455 0.263299 0.928522 0.915152 0.208124 0.0112217 0.00108276 0.000650193 0.00135391 0.000710473 0.000522149 0.000609376 0.000391409
0.0065041 0.000182744 0.000171031 0.00163907 0.0235026 0.0988294 0.124879 0.42644 0.868324 0.621594 0.0267383 0.00127315 0.00114991 0.00274753 0.00833356 0.101151 0.700208 0.934728 0.710603 0.0222598 0.00123777 0.000364601 0.000338733 0.00064881 0.000237691 7.69521e-05 4.23693e-05 6.24497e-05
0.0064246 0.000217338 0.00028733 0.00218468 0.00836859 0.0098807 0.0122513 0.131416 0.839653 0.803664 0.14734 0.0363083 0.0756221 0.197504 0.438133 0.768628 0.889124 0.851999 0.225566 0.00406793 0.000930178 0.000772377 0.000607298 0.000471614 0.000103007 2.70327e-05 1.15986e-05 2.82013e-05
0.00491973 0.000173604 0.000313887 0.00120101 0.00142434 0.000877499 0.00325313 0.108431 0.870587 0.956979 0.817877 0.779693 0.927263 0.95164 0.954471 0.946798 0.880258 0.608941 0.0668909 0.00342183 0.00217017 0.00213677 0.000873282 0.000340511 7.13426e-05 2.33357e-05 1.29436e-05 3.73975e-05
0.00379107 7.65381e-05 9.32654e-05 0.000172205 0.000177166 0.000207071 0.0018006 0.0636097 0.804578 0.969984 0.952724 0.942582 0.952404 0.907626 0.813636 0.733222 0.587117 0.452432 0.0889532 0.0106342 0.00642908 0.00314062 0.000785071 0.000271936 6.57307e-05 2.29806e-05 1.96937e-05 5.07261e-05
0.00422244 2.93513e-05 8.58471e-06 1.02755e-05 2.97455e-05 0.000116373 0.00158678 0.0409541 0.404647 0.631993 0.439504 0.255426 0.213194 0.104158 0.0600897 0.0713751 0.0916428 0.127456 0.047567 0.0108212 0.0038163 0.000983049 0.00028663 0.000110276 3.32882e-05 1.93808e-05 2.50912e-05 5.76803e-05
0.00844819 5.67932e-05 4.82172e-06 3.62633e-06 2.23936e-05 0.000221645 0.00535475 0.0639622 0.0653062 0.0183574 0.00519121 0.00202873 0.00318035 0.00329905 0.00208474 0.00247086 0.0036357 0.00436429 0.00263266 0.00114032 0.000406534 0.000145316 4.96358e-05 2.7217e-05 2.18334e-05 2.54716e-05 3.93094e-05 6.57773e-05
0.0288571 0.000515674 6.72402e-05 3.77298e-05 0.000130063 0.0015212 0.0257463 0.0677936 0.0129492 0.00190851 0.000745968 0.000586066 0.0012581 0.00172556 0.00100608 0.000723976 0.000869229 0.000795049 0.000612667 0.000425877 0.000261337 0.000141379 6.3962e-05 5.99852e-05 0.000124468 0.000177603 0.000131783 0.000200573
0.0777595 0.0100354 0.00420484 0.00245416 0.00286421 0.00762761 0.0320568 0.0342599 0.00780816 0.00261554 0.00201148 0.00238052 0.00436584 0.00528314 0.00391007 0.00301414 0.002764 0.00250898 0.00253072 0.00247253 0.00228343 0.00190808 0.00138049 0.00152876 0.00311891 0.00342604 0.00254248 0.00560843
