0.00671113 0.000145686 8.85974e-05 0.000221614 0.000552301 0.00087177 0.00162607 0.00314279 0.00337592 0.00183905 0.000940014 0.000693796 0.00108858 0.00153484 0.00113573 0.000898704 0.00119906 0.00181861 0.0012647 0.000793192 0.000873812 0.000864437 0.000698229 0.000902909 0.00197472 0.00304125 0.00215121 0.003181
0.00151439 5.46039e-06 3.81667e-06 1.66865e-05 6.83141e-05 0.000173236 0.000505725 0.00114762 0.000952589 0.000288656 7.85867e-05 4.76047e-05 0.000113984 0.000196017 0.000113719 7.70024e-05 0.000154513 0.000313184 0.000127001 5.1973e-05 6.78409e-05 9.74682e-05 0.000115697 0.000243495 0.000631101 0.000628716 0.000243705 0.00026032
0.00130715 7.63881e-06 6.03789e-06 3.9687e-05 0.000206801 0.000645344 0.00172869 0.00289537 0.00200539 0.000481286 0.000160822 0.000121509 0.000284737 0.000413749 0.000189474 0.000134744 0.000289527 0.000446348 0.000145258 6.44146e-05 0.000126974 0.000386709 0.000719539 0.0015467 0.00155461 0.000544663 0.000242092 0.000211258
0.0011998 9.6849e-06 6.24531e-06 5.03263e-05 0.000386318 0.00121287 0.00187712 0.00243769 0.00193496 0.000708832 0.000386516 0.000326249 0.000615841 0.000590792 0.000208469 0.000111136 0.000149058 0.000141326 5.66626e-05 4.40005e-05 0.000134002 0.000757394 0.00221166 0.00278692 0.000725319 0.000117266 4.75598e-05 6.8836e-05
0.00162189 1.68264e-05 1.31488e-05 0.000171237 0.00184269 0.00438674 0.00580503 0.00759787 0.00874431 0.00635529 0.00511312 0.00511632 0.00701312 0.00451005 0.00148012 0.000526799 0.000331601 0.000257009 0.000167505 0.000274857 0.00101958 0.00674212 0.0175343 0.00699688 0.000640781 6.05472e-05 1.57812e-05 2.77472e-05
0.001847 2.3373e-05 1.91317e-05 0.000227924 0.0016959 0.00266419 0.00564222 0.0214206 0.0413569 0.0631827 0.107475 0.176895 0.198311 0.0993979 0.0367612 0.0114747 0.00480107 0.00250272 0.00193749 0.00353229 0.0123466 0.0410705 0.032586 0.00439059 0.000371462 5.29947e-05 1.33019e-05 2.748e-05
0.00186642 2.64272e-05 2.36178e-05 0.000214578 0.00107341 0.00162544 0.00891252 0.0686361 0.15258 0.367831 0.679448 0.837624 0.830089 0.67109 0.450311 0.239909 0.136967 0.0525425 0.0303239 0.0398522 0.102838 0.169674 0.0479724 0.00501627 0.000498812 9.42996e-05 1.65476e-05 3.14248e-05
0.00151015 2.2055e-05 3.42471e-05 0.000375433 0.000962839 0.00102994 0.00937376 0.115235 0.37933 0.756196 0.932676 0.966297 0.939706 0.907205 0.902245 0.855627 0.684168 0.287339 0.180502 0.240234 0.435741 0.587762 0.239752 0.0230041 0.000884796 5.58199e-05 1.0571e-05 2.16513e-05
0.00109217 1.93993e-05 3.63352e-05 0.000337973 0.000811313 0.000727359 0.00648813 0.155823 0.676816 0.913862 0.94672 0.924082 0.805774 0.850617 0.944233 0.922065 0.700919 0.256721 0.167526 0.238672 0.389194 0.621409 0.527137 0.0932041 0.00189398 4.72264e-05 8.54147e-06 1.29225e-05
0.00224727 7.02943e-05 0.000125428 0.000580849 0.000952505 0.00122729 0.0156177 0.356009 0.897255 0.938133 0.815513 0.359683 0.11246 0.213194 0.585117 0.581686 0.25567 0.0824497 0.040301 0.0432987 0.0718632 0.283556 0.598795 0.358526 0.0201528 0.000458143 4.66504e-05 1.50259e-05
0.00638002 0.000374632 0.000597672 0.0014718 0.00223379 0.00588924 0.0858355 0.773111 0.965948 0.893838 0.257438 0.0118135 0.00316607 0.00853919 0.0341877 0.0705158 0.0652485 0.0286675 0.0101981 0.00684928 0.017215 0.148938 0.650694 0.795371 0.334169 0.01374 0.000594439 3.31648e-05
0.00607916 0.000381688 0.000516841 0.00208419 0.00932913 0.0681771 0.509738 0.922475 0.960429 0.657961 0.0371886 0.00177401 0.000838044 0.00199361 0.00774123 0.0246839 0.029947 0.00843843 0.00220853 0.0016191 0.00546114 0.0866217 0.702685 0.949605 0.859196 0.139074 0.0029289 5.58542e-05
0.00420784 0.000202738 0.00037436 0.00430258 0.0407835 0.422768 0.861149 0.954376 0.9251 0.33969 0.0213152 0.00302992 0.00257231 0.00493249 0.0105012 0.0166877 0.00793035 0.00128872 0.00044567 0.000428105 0.00225129 0.0583846 0.614611 0.950684 0.929147 0.236082 0.00317394 4.91921e-05
0.00351971 0.000160875 0.000421498 0.011993 0.197891 0.8331 0.949919 0.936749 0.69289 0.0623236 0.00856784 0.00329422 0.00275675 0.00388484 0.0039838 0.00348477 0.00115696 0.000358852 0.000333472 0.000531366 0.00233978 0.0337448 0.410858 0.877315 0.860731 0.121643 0.00125265 3.00808e-05
0.00342246 0.000153903 0.000488063 0.0279079 0.466727 0.93459 0.968858 0.789968 0.110796 0.00367117 0.00137788 0.00139594 0.000812296 0.000743768 0.000804233 0.000689887 0.000373676 0.00047179 0.000827512 0.00129726 0.00366458 0.02426 0.305873 0.880486 0.846095 0.0704062 0.000847202 3.05666e-05
0.00347279 0.000130401 0.00028972 0.0162412 0.432558 0.932855 0.953017 0.432169 0.00859017 0.000408868 0.000237109 0.000224783 0.000141969 0.000135487 0.00015659 0.000187513 0.000308332 0.00131125 0.00287434 0.00351338 0.00926958 0.0581434 0.486913 0.931619 0.863569 0.0537206 0.000792029 3.66116e-05
0.00234791 4.13047e-05 5.81161e-05 0.00311724 0.188428 0.880657 0.936543 0.306999 0.00662874 0.000598408 0.000243034 0.000132282 8.08777e-05 7.40053e-05 9.73572e-05 0.000221119 0.00138511 0.00754867 0.0114133 0.0177185 0.0620116 0.410337 0.861015 0.949099 0.720745 0.0186697 0.000449986 3.08596e-05
0.00158106 1.36848e-05 1.4404e-05 0.000578894 0.0402203 0.693386 0.942399 0.669268 0.0699907 0.0105789 0.00289406 0.000897142 0.000377765 0.000241187 0.000327507 0.00113014 0.0132058 0.0690968 0.117894 0.279143 0.664403 0.904397 0.908885 0.843135 0.39683 0.00931407 0.000277603 2.27112e-05
0.00116067 6.5087e-06 7.6466e-06 0.000219739 0.0167251 0.612191 0.976619 0.955269 0.663965 0.292517 0.0790335 0.0159362 0.00624384 0.00342798 0.00570195 0.0219846 0.125433 0.43701 0.667542 0.874426 0.911172 0.841729 0.48401 0.241055 0.119519 0.005455 0.000177984 2.2089e-05
0.00106904 5.16211e-06 6.01323e-06 0.000109454 0.0063634 0.276809 0.897534 0.94266 0.915109 0.927138 0.83029 0.545166 0.371039 0.25075 0.391386 0.589507 0.7459 0.851431 0.848224 0.848476 0.651521 0.224143 0.0439289 0.0311448 0.0356801 0.00330364 0.000131437 2.63604e-05
0.00110218 5.42516e-06 3.67825e-06 3.76485e-05 0.00111769 0.0140811 0.0669348 0.221925 0.644937 0.942639 0.976626 0.964206 0.941359 0.923383 0.951386 0.942586 0.881174 0.771624 0.547006 0.341238 0.105452 0.0236075 0.0111192 0.0130854 0.00907378 0.00134175 7.21051e-05 2.73228e-05
0.00130621 7.17916e-06 4.108e-06 3.14441e-05 0.000334422 0.000975102 0.00189817 0.00741045 0.103186 0.536859 0.849847 0.870094 0.78698 0.797752 0.819534 0.705408 0.364479 0.156329 0.0745327 0.0492697 0.0231557 0.00923193 0.0047775 0.00262646 0.0010295 0.000312091 2.06694e-05 1.88158e-05
0.00169763 1.2427e-05 5.63651e-06 3.60809e-05 0.000183914 0.000235204 0.000494011 0.00182816 0.0116904 0.038605 0.0687376 0.0485494 0.0311257 0.0362752 0.0357354 0.0282747 0.0191681 0.0157542 0.0130337 0.0196595 0.0182072 0.00671831 0.00197749 0.00049257 0.000158015 9.71745e-05 8.84452e-06 1.36625e-05
0.00196135 1.7123e-05 8.06184e-06 4.13194e-05 0.000161061 0.00016527 0.000329397 0.00109909 0.00283959 0.00500044 0.00398939 0.00179253 0.00206067 0.00311226 0.00367956 0.00441952 0.00545298 0.00593703 0.00686328 0.0139347 0.0137671 0.00474506 0.00123723 0.000370608 0.000117926 6.84432e-05 9.01542e-06 1.33279e-05
0.00260852 1.49172e-05 6.88852e-06 3.14769e-05 8.11374e-05 7.48578e-05 0.000154502 0.000574482 0.00136075 0.0020349 0.00121083 0.000655228 0.00114165 0.0024631 0.00413532 0.00522796 0.00670847 0.00597099 0.00618275 0.00829048 0.00561303 0.00200441 0.000617328 0.000223875 7.82875e-05 4.11312e-05 7.96093e-06 1.08045e-05
0.00197203 7.36739e-06 3.26424e-06 1.35297e-05 2.08178e-05 1.78342e-05 4.3146e-05 0.000159674 0.000529042 0.000796431 0.000260268 0.000119281 0.000236915 0.000769385 0.00246444 0.00396113 0.00368374 0.00276143 0.00286728 0.00301119 0.00149289 0.000416619 0.000121479 5.83904e-05 3.47992e-05 1.91935e-05 5.50751e-06 8.41114e-06
0.00271271 2.34389e-05 1.85553e-05 4.8592e-05 4.03086e-05 3.54929e-05 8.3937e-05 0.000255422 0.000863317 0.000977058 0.000211504 9.97383e-05 0.000199618 0.000659826 0.00232684 0.0034726 0.0021709 0.00163947 0.00238617 0.00238248 0.00113248 0.000347154 0.000103093 7.35255e-05 9.73388e-05 7.31966e-05 1.92132e-05 3.55831e-05
0.0141183 0.00121147 0.00142934 0.00175611 0.0012447 0.00117226 0.00160365 0.00263671 0.00521288 0.00496127 0.00216295 0.00159733 0.0021113 0.00347628 0.00643887 0.00719023 0.00503414 0.00451698 0.0054739 0.00523561 0.00393279 0.00246935 0.00137378 0.00138599 0.00245611 0.0021969 0.00121518 0.00283241
