0.00977826 0.00041234 0.000254276 0.000753581 0.00167825 0.00106457 0.000704571 0.000578303 0.000707678 0.00100821 0.00140779 0.00207272 0.00226633 0.00167313 0.000884106 0.000583908 0.000959925 0.00185105 0.00163346 0.00184108 0.00343586 0.00471697 0.00389672 0.00280072 0.00188827 0.00114423 0.000764331 0.00161819
0.00235371 1.79654e-05 2.47294e-05 0.000118117 0.000180582 8.20567e-05 6.92077e-05 7.89029e-05 9.60878e-05 0.000112927 0.000168893 0.000293676 0.000431516 0.000326202 9.50205e-05 4.61961e-05 9.40777e-05 0.000197313 0.000134107 0.00013274 0.000292839 0.000448798 0.000415532 0.000356669 0.000230753 0.00014812 4.42125e-05 7.58703e-05
0.00195331 2.4842e-05 4.7774e-05 0.000200452 0.000246287 0.000125842 0.000175584 0.000252435 0.000251025 0.000239013 0.000379805 0.000812147 0.00112581 0.000639231 0.000157056 7.34596e-05 0.000120018 0.000184063 0.000104912 8.71647e-05 0.000155292 0.000252396 0.000323612 0.000449005 0.000279938 0.000136624 3.26656e-05 5.85253e-05
0.001377 1.34062e-05 1.23251e-05 4.93655e-05 0.000118608 0.000133608 0.000252675 0.000289753 0.000218901 0.000182383 0.000267522 0.000452712 0.000441033 0.000173514 5.47756e-05 3.51739e-05 4.60401e-05 6.18604e-05 4.5256e-05 4.03063e-05 4.4591e-05 5.32343e-05 7.55489e-05 0.000130869 8.21316e-05 4.32213e-05 1.8287e-05 4.46213e-05
0.00117805 7.19383e-06 6.41916e-06 7.07736e-05 0.000558504 0.00113415 0.00159028 0.00124472 0.00073649 0.000588887 0.000821989 0.000842789 0.000516501 0.00017129 8.55588e-05 8.10821e-05 0.000102135 0.000122806 9.95732e-05 8.94626e-05 7.29052e-05 7.3391e-05 0.000130307 0.000255644 0.000137321 6.67541e-05 3.88953e-05 6.00043e-05
0.00101187 8.0859e-06 1.17709e-05 0.00039587 0.0071691 0.016979 0.0181476 0.0125707 0.00639703 0.00409071 0.00422274 0.00231708 0.000779868 0.000183022 9.088e-05 0.000109083 0.000128986 0.000104527 8.70441e-05 7.69015e-05 5.11742e-05 6.19731e-05 0.000204387 0.000624881 0.000510583 0.000281043 0.00018671 0.000132772
0.00144004 2.90218e-05 0.00013472 0.00783235 0.116704 0.233514 0.294377 0.232179 0.116976 0.0657251 0.0461231 0.0131541 0.00332109 0.000822792 0.000361631 0.000501052 0.000501133 0.000268668 0.000219308 0.000213989 0.000161133 0.00030697 0.00145768 0.00546767 0.00477573 0.00167269 0.00059536 0.000198886
0.00373671 0.000190327 0.0018879 0.0648498 0.330592 0.547942 0.78874 0.870837 0.821031 0.770498 0.719601 0.41459 0.15986 0.0814648 0.0567245 0.0741442 0.0491851 0.0174391 0.0120339 0.0119886 0.0143014 0.0286626 0.0912393 0.127377 0.0497787 0.00596123 0.000605845 0.000149855
0.00789146 0.000788454 0.00728592 0.0574627 0.125051 0.279046 0.705389 0.893953 0.91828 0.936077 0.961851 0.933465 0.886772 0.902765 0.923712 0.942061 0.883458 0.619984 0.425241 0.477487 0.553537 0.537235 0.481766 0.253279 0.0364207 0.00283937 0.000144925 6.18919e-05
0.0141926 0.00181082 0.00839428 0.0173667 0.0207712 0.0411849 0.244231 0.514569 0.593998 0.655872 0.800146 0.827461 0.860664 0.947477 0.97497 0.983868 0.960896 0.903141 0.896704 0.936969 0.916989 0.682452 0.231719 0.0312121 0.00182112 0.000218944 1.41678e-05 1.90651e-05
0.0180388 0.00154468 0.00264624 0.0025587 0.00338891 0.00651166 0.0298599 0.0899736 0.112526 0.0731452 0.0730754 0.094591 0.126923 0.363635 0.603688 0.586935 0.469815 0.623686 0.916293 0.972004 0.867396 0.220343 0.0220138 0.00185334 0.000100946 2.96568e-05 3.54331e-06 1.15763e-05
0.0100328 0.00041003 0.000402171 0.000508872 0.00120835 0.00276501 0.00684021 0.0134946 0.0116282 0.00502219 0.00389162 0.00558521 0.00858974 0.0203703 0.0283026 0.014016 0.0198567 0.188134 0.897606 0.959628 0.500002 0.0259309 0.00287594 0.000500414 4.55018e-05 1.69706e-05 5.46688e-06 1.33578e-05
0.0047652 0.000129428 0.000121044 0.00039061 0.00159504 0.00340176 0.00496666 0.00366633 0.0016569 0.000933349 0.00106308 0.00212657 0.00355905 0.00441081 0.003222 0.00149921 0.00600796 0.279862 0.953939 0.926866 0.175013 0.00653729 0.00138406 0.000623284 0.000176052 7.67158e-05 2.86127e-05 3.14926e-05
0.00328013 7.49205e-05 5.88731e-05 0.000215788 0.00116523 0.00200703 0.0015535 0.000638539 0.000360555 0.000501081 0.000989326 0.00228498 0.00433795 0.00566743 0.0028741 0.00261688 0.0327629 0.613594 0.940809 0.767238 0.0835761 0.00689969 0.00204333 0.00147207 0.00116579 0.000753608 0.000520896 0.00023125
0.00314013 5.16134e-05 3.48004e-05 0.000127525 0.000598396 0.000859622 0.000647999 0.000349508 0.000382983 0.00103707 0.00224681 0.00524543 0.0117113 0.0137624 0.00664448 0.0170276 0.260604 0.830497 0.840156 0.366989 0.0793037 0.0132631 0.00331724 0.00386767 0.00757874 0.0138412 0.0121619 0.00172435
0.00242761 3.28254e-05 2.54546e-05 0.000132743 0.000733002 0.00113691 0.000724442 0.000344642 0.000510169 0.00127878 0.00209847 0.00469401 0.0105511 0.018252 0.0240378 0.160298 0.767377 0.900552 0.624695 0.127237 0.0529373 0.0127474 0.00526695 0.0201563 0.0526756 0.0566794 0.024402 0.00188471
0.00213179 2.51058e-05 2.47778e-05 0.000198901 0.00131465 0.00176152 0.000891125 0.000340059 0.000442651 0.00069344 0.000821647 0.00145281 0.00444069 0.0226027 0.0969764 0.671324 0.935382 0.820911 0.257679 0.0319601 0.0132336 0.00696799 0.00845006 0.0737228 0.140966 0.0398995 0.00646053 0.000480713
0.00274094 3.29175e-05 3.2745e-05 0.000271577 0.00218559 0.00255799 0.00106218 0.000383825 0.000396885 0.000434736 0.000364723 0.000568909 0.00172473 0.015131 0.246312 0.839891 0.865341 0.353401 0.0434007 0.00739614 0.00225532 0.00188547 0.00961103 0.139397 0.123927 0.013553 0.00178785 0.000204771
0.00516421 8.77883e-05 7.87253e-05 0.000461088 0.00286023 0.00252348 0.000950543 0.000363443 0.000236188 0.00021746 0.000255617 0.000439778 0.00213308 0.0399844 0.609364 0.8654 0.417091 0.0297651 0.00566006 0.00163496 0.000458546 0.000717735 0.00827236 0.0977574 0.0481098 0.00402181 0.000919096 0.000188611
0.0117772 0.000421139 0.000332763 0.000879743 0.002776 0.00169838 0.000741556 0.000375617 0.000178201 0.000133648 0.000160617 0.000499431 0.00844603 0.215213 0.845379 0.791991 0.0763225 0.00301268 0.00113537 0.000494364 0.000176384 0.000369288 0.00330134 0.0191386 0.00927151 0.00125774 0.000288981 8.76528e-05
0.0149617 0.000755965 0.000590066 0.00086963 0.00168531 0.000997621 0.000456571 0.000261931 0.000153465 0.000100494 0.000168597 0.00208538 0.098788 0.804124 0.935883 0.547134 0.0205525 0.00109251 0.000427235 0.000311069 0.000227361 0.000387718 0.00156185 0.00508894 0.00243471 0.00040026 7.73467e-05 3.69762e-05
0.00796941 0.000257697 0.000207078 0.000424005 0.000856204 0.000545799 0.00021625 0.000122157 9.72837e-05 0.000115167 0.000477941 0.0235764 0.721619 0.971166 0.915362 0.183666 0.00839443 0.00144278 0.00105873 0.00107038 0.00101416 0.00129699 0.00259843 0.00441254 0.00172844 0.000315787 7.66388e-05 4.54286e-05
0.00348045 7.65221e-05 5.98532e-05 0.000191794 0.000537691 0.000351938 0.000130029 7.25961e-05 0.000100521 0.0002172 0.00119863 0.106669 0.891293 0.955557 0.635976 0.0326353 0.00577952 0.00373565 0.0043126 0.00524409 0.00382532 0.00470934 0.00968334 0.00938353 0.00236743 0.000442152 0.000152897 8.52934e-05
0.00295077 5.7811e-05 4.47165e-05 0.000125035 0.000236985 0.000162298 0.000141343 0.00013884 0.000180111 0.000484168 0.00586591 0.393476 0.928834 0.890807 0.283867 0.0122281 0.00505519 0.00506282 0.00458396 0.0061672 0.00603125 0.00728696 0.00770223 0.00327057 0.000713178 0.000182894 6.99477e-05 6.75895e-05
0.00415836 4.02244e-05 2.49583e-05 4.73689e-05 7.27408e-05 7.62906e-05 0.000105146 9.68952e-05 0.000122002 0.000711131 0.0274072 0.793043 0.965236 0.834869 0.159175 0.00494685 0.00172273 0.00216242 0.00199805 0.00386593 0.00511632 0.00266221 0.000701539 0.000149793 3.15184e-05 1.66959e-05 9.99191e-06 2.89026e-05
0.00232161 1.01271e-05 4.61135e-06 1.35708e-05 4.39652e-05 7.7829e-05 6.38651e-05 3.24838e-05 5.24567e-05 0.000627775 0.0728409 0.868138 0.92582 0.546663 0.0371957 0.00118177 0.000408959 0.000743678 0.000975299 0.00191949 0.00203207 0.000494399 6.87185e-05 1.582e-05 3.0308e-06 2.39033e-06 2.45235e-06 1.60507e-05
0.0022706 1.59819e-05 1.03742e-05 3.88222e-05 0.000229243 0.000397287 0.000117797 5.12109e-05 8.23485e-05 0.00117951 0.0782779 0.639701 0.468655 0.0755825 0.00696447 0.000725309 0.000472491 0.000970769 0.00147337 0.0019053 0.00119921 0.000314492 9.08256e-05 3.4892e-05 9.81517e-06 8.73426e-06 7.62764e-06 5.5107e-05
0.0131128 0.00103907 0.000869099 0.00138574 0.00364075 0.00453871 0.00220203 0.00141661 0.00188692 0.00744671 0.048464 0.160065 0.0719365 0.0190941 0.00797157 0.00306968 0.00319765 0.0054376 0.00486866 0.00477848 0.00347227 0.00207037 0.00176183 0.00128579 0.000930793 0.000894236 0.000800413 0.00340681
