0.00730847 0.000157121 8.29119e-05 0.000200712 0.000517585 0.000795709 0.000872757 0.000753319 0.00043844 0.000385233 0.000901916 0.00158484 0.00209426 0.00190883 0.00106314 0.000552659 0.000303526 0.000358552 0.000675138 0.000668823 0.000615958 0.000842565 0.00114357 0.000928088 0.000644848 0.000902283 0.00194913 0.00733894
0.00156995 5.35899e-06 2.70337e-06 1.26668e-05 6.14858e-05 0.000128605 0.000151012 0.000105404 3.78329e-05 4.42107e-05 0.000170823 0.000513949 0.00120063 0.000865225 0.000145091 2.68783e-05 1.2462e-05 1.97267e-05 4.38413e-05 4.77683e-05 7.49384e-05 0.000132855 0.000130223 7.78263e-05 3.97878e-05 5.77982e-05 0.000174261 0.00071877
0.00128077 6.33061e-06 3.63479e-06 3.58995e-05 0.000258203 0.000423884 0.000367085 0.000167647 0.000116746 0.000266377 0.00112764 0.00717436 0.0188524 0.00582792 0.00038075 3.98076e-05 3.13495e-05 7.87084e-05 0.000115438 0.00013932 0.000318135 0.000411038 0.000164245 5.78255e-05 3.41608e-05 4.82503e-05 0.000164129 0.00046083
0.00124414 1.14867e-05 1.15269e-05 0.000211198 0.00106276 0.000655151 0.000391924 0.000220531 0.000481708 0.00514107 0.0391773 0.260105 0.391324 0.0889494 0.00659109 0.00116293 0.00181235 0.00484671 0.00416749 0.0034174 0.00407779 0.00162346 0.000305614 7.41205e-05 3.73161e-05 3.85176e-05 0.000104217 0.000266336
0.00210795 4.87216e-05 0.000110059 0.00255893 0.00687983 0.0023058 0.00245487 0.00243555 0.0065278 0.116217 0.540234 0.876373 0.912862 0.660615 0.397928 0.300536 0.402732 0.549315 0.394937 0.271913 0.164404 0.0271156 0.00336566 0.000618138 0.000180299 0.000149598 0.000272595 0.000342906
0.00252308 0.000101705 0.000495622 0.016916 0.0348993 0.0128966 0.0181524 0.0169364 0.0254864 0.260317 0.710475 0.886422 0.892452 0.655014 0.662763 0.813931 0.885381 0.94775 0.928564 0.900172 0.794127 0.248292 0.0270819 0.00331588 0.00082376 0.000381225 0.000306496 0.00024751
0.00294413 0.000218595 0.00125562 0.0354899 0.0896492 0.0445835 0.0520296 0.0307827 0.0287405 0.31602 0.802393 0.842705 0.655273 0.197842 0.151968 0.368293 0.559853 0.82012 0.919783 0.94124 0.899252 0.515577 0.0950626 0.0127687 0.00222601 0.000360316 0.000116087 7.31345e-05
0.00252531 0.00013755 0.000510836 0.0103448 0.0390375 0.0257524 0.0163086 0.0104039 0.027131 0.504036 0.929052 0.847052 0.256106 0.0223066 0.0125376 0.0286517 0.0517682 0.166635 0.541075 0.810441 0.859898 0.727129 0.285345 0.0483237 0.0056352 0.000396502 6.65836e-05 3.26051e-05
0.00170409 3.35475e-05 5.4681e-05 0.000953516 0.00451697 0.00333235 0.00232285 0.00371792 0.0449481 0.790879 0.965303 0.812939 0.117119 0.00749929 0.00448458 0.00535518 0.00651381 0.0257773 0.144547 0.549278 0.858055 0.850774 0.530366 0.127214 0.0123065 0.000534409 7.67203e-05 3.74418e-05
0.00133622 1.40963e-05 1.07483e-05 0.000124004 0.000768187 0.000740525 0.000708414 0.00367823 0.15957 0.89226 0.928711 0.572813 0.0589341 0.00498272 0.00313388 0.0030264 0.00340148 0.0157422 0.0867449 0.422557 0.812103 0.82976 0.578265 0.200411 0.0307556 0.00161913 0.000159971 5.21568e-05
0.00116785 8.61259e-06 7.43265e-06 6.90783e-05 0.000397332 0.000345789 0.000503934 0.0128119 0.575194 0.945688 0.817409 0.174448 0.0204318 0.00383651 0.00220013 0.00279072 0.00487741 0.0190836 0.0676461 0.21161 0.562491 0.751499 0.644204 0.272648 0.0376448 0.00219109 0.000205375 5.97372e-05
0.00142129 1.05359e-05 8.28512e-06 6.08231e-05 0.000381046 0.000509319 0.00199652 0.127365 0.911604 0.95825 0.556992 0.0321262 0.00491742 0.00178175 0.00119589 0.00149333 0.00228948 0.00547616 0.010262 0.033253 0.257953 0.728676 0.721343 0.20274 0.00945404 0.000364176 5.86119e-05 4.25918e-05
0.00186258 2.05705e-05 1.78309e-05 0.000117661 0.0010199 0.00291842 0.0245688 0.669634 0.972048 0.909099 0.16522 0.00423878 0.000839815 0.000645098 0.00068428 0.000708059 0.000542223 0.000662476 0.00151673 0.0103072 0.187851 0.832735 0.827374 0.160336 0.00263685 5.92114e-05 1.47058e-05 2.81149e-05
0.00700775 0.000190643 0.000155564 0.000530337 0.00327747 0.0110622 0.139733 0.874166 0.943454 0.53955 0.0194172 0.000552455 0.000179207 0.000258732 0.000382703 0.000399376 0.000346171 0.000413108 0.000984483 0.00912921 0.2176 0.889701 0.902781 0.275943 0.00271389 3.06779e-05 9.26984e-06 2.19065e-05
0.0226275 0.00121348 0.000827834 0.00128257 0.00618608 0.0233401 0.25224 0.911613 0.892653 0.186091 0.0051676 0.00024851 0.000112233 0.000226222 0.000298808 0.000344035 0.000585934 0.00084029 0.00193108 0.0145227 0.195957 0.858204 0.890087 0.217323 0.00219723 2.78017e-05 9.28767e-06 2.45696e-05
0.0246976 0.00150682 0.00122972 0.0018505 0.00568244 0.0214132 0.320467 0.936199 0.884056 0.120735 0.00298249 0.000174647 0.000193124 0.000735292 0.000547238 0.000486761 0.00108357 0.00175665 0.00406078 0.0246645 0.28378 0.871937 0.824599 0.121637 0.00274461 0.000104965 4.33497e-05 5.70582e-05
0.0128882 0.000567633 0.000566291 0.000898179 0.00317331 0.0239571 0.406491 0.945476 0.894603 0.101754 0.00225588 0.000219207 0.000493832 0.00271973 0.00205625 0.00128738 0.00238006 0.00404208 0.00889656 0.0711276 0.630366 0.938326 0.731112 0.0872507 0.00712393 0.000745388 0.000250733 0.000137261
0.00544595 0.000125497 0.000115664 0.000251003 0.00109394 0.0125722 0.301292 0.944941 0.949077 0.221718 0.0031922 0.000293762 0.000645947 0.00284166 0.00229306 0.00172164 0.00440907 0.0108658 0.0288696 0.214981 0.830489 0.935515 0.506588 0.0330056 0.0026769 0.000278092 0.000124819 0.000119433
0.00326806 3.8462e-05 1.81113e-05 5.10653e-05 0.000307125 0.00342943 0.104118 0.896626 0.958789 0.26408 0.00367818 0.000411829 0.000859949 0.00261541 0.00216143 0.00286473 0.0110608 0.0518497 0.159419 0.626462 0.917062 0.814719 0.168541 0.00693596 0.000412251 5.18322e-05 3.92671e-05 7.19691e-05
0.00185132 1.3566e-05 5.75397e-06 1.98421e-05 0.000118316 0.000992236 0.0455337 0.878306 0.964951 0.344126 0.00929198 0.00287863 0.00551628 0.010006 0.00841455 0.017008 0.0760477 0.301449 0.72631 0.916924 0.870736 0.276021 0.0184907 0.00164094 0.000227468 5.71434e-05 5.14861e-05 7.67671e-05
0.00177715 1.4739e-05 8.14483e-06 2.26125e-05 0.00011777 0.00100583 0.061988 0.90222 0.966386 0.527271 0.0773337 0.0682024 0.107085 0.119718 0.0918697 0.178093 0.480489 0.799365 0.935166 0.934401 0.599327 0.0420884 0.0050204 0.00177165 0.000551764 0.00018311 0.00012911 0.000100497
0.00687992 0.000149747 7.16849e-05 7.30241e-05 0.000419547 0.00401342 0.124583 0.879709 0.943405 0.722627 0.53508 0.687553 0.756574 0.791877 0.804305 0.853167 0.911001 0.922403 0.908902 0.779538 0.238255 0.0247325 0.00719024 0.00327348 0.000766884 0.000153961 8.5291e-05 7.08812e-05
0.0263117 0.00124766 0.000540249 0.000345997 0.00198761 0.0133549 0.137511 0.726751 0.878861 0.851819 0.900734 0.951313 0.954829 0.96853 0.972224 0.9651 0.932824 0.764982 0.426887 0.125809 0.0365525 0.0149125 0.00783205 0.00289855 0.000353078 4.62605e-05 2.92505e-05 3.50105e-05
0.0303417 0.00157076 0.000585882 0.000420692 0.00355028 0.0153711 0.0496239 0.229375 0.480167 0.585099 0.764866 0.822351 0.817384 0.870264 0.858585 0.755587 0.369507 0.0694613 0.0117287 0.00437205 0.00558054 0.00959738 0.0109933 0.00565001 0.00065627 7.64735e-05 3.16973e-05 2.60634e-05
0.0184619 0.000401016 0.000127155 0.000146472 0.000781614 0.00154536 0.00294838 0.00842063 0.0206665 0.0296194 0.030798 0.0237398 0.0276134 0.0427893 0.0400277 0.0162046 0.00335977 0.000620708 0.000216348 0.000367792 0.00140386 0.00630974 0.0105449 0.00647181 0.00103362 0.000111066 2.84809e-05 2.32759e-05
0.00907291 9.01545e-05 2.48842e-05 3.25668e-05 7.13523e-05 7.14407e-05 0.000120382 0.000323035 0.000837664 0.00111733 0.000688631 0.000359266 0.000290604 0.000277081 0.000302821 0.000180842 9.46004e-05 4.72319e-05 2.95347e-05 6.64718e-05 0.000208997 0.000619341 0.000884187 0.000702438 0.000169666 2.6445e-05 6.8144e-06 1.18743e-05
0.00924385 0.000172115 8.28654e-05 7.85037e-05 6.10855e-05 4.77316e-05 8.57151e-05 0.000240435 0.000649438 0.000880225 0.000473205 0.000228185 0.000140315 0.000107063 0.00015975 0.000182475 0.000224561 0.00017777 9.99887e-05 9.70969e-05 0.000136892 0.000193855 0.000276597 0.000275902 9.64057e-05 2.73555e-05 8.61223e-06 2.98472e-05
0.0225752 0.00243753 0.00233477 0.00186743 0.00121207 0.00102308 0.00138545 0.00219912 0.00310037 0.0032136 0.00236033 0.00164989 0.00127853 0.00125617 0.00161784 0.00206467 0.00302134 0.00271955 0.00212884 0.00166992 0.00147423 0.00150394 0.00175845 0.00179793 0.00163896 0.00107898 0.000717143 0.00234858
