0.00919795 0.000218615 9.97259e-05 0.000208304 0.000465592 0.000548763 0.000725341 0.00104683 0.0016333 0.00166658 0.000993546 0.000517639 0.000591967 0.00130761 0.0020116 0.00210649 0.00173149 0.00139786 0.00133975 0.00151149 0.00153259 0.00108014 0.000721734 0.00071708 0.00103719 0.00114868 0.000822398 0.00199945
0.0020199 8.32407e-06 6.14731e-06 2.7354e-05 8.99634e-05 0.000132548 0.000210891 0.00033482 0.000768845 0.000838839 0.000224491 6.19168e-05 7.86285e-05 0.00021003 0.000293382 0.000244941 0.000141882 0.000100676 0.000106283 0.000111657 0.000114786 8.99425e-05 7.0723e-05 8.14068e-05 0.000109285 7.23783e-05 3.07652e-05 8.17774e-05
0.00162905 1.31328e-05 1.47981e-05 0.000114759 0.000477202 0.000883225 0.0015398 0.00237647 0.00474995 0.00342639 0.000650677 0.000156711 0.000257378 0.000741919 0.000768658 0.000329089 0.000145309 0.000127724 0.000154703 0.000147051 0.000132625 0.000129456 0.00013023 0.000154151 0.00010274 2.62258e-05 1.0824e-05 3.99781e-05
0.00127425 1.57719e-05 1.87762e-05 0.000168153 0.00077673 0.00157069 0.00200791 0.00187588 0.00252641 0.00146464 0.000310669 9.53356e-05 0.000146186 0.000346043 0.000308904 9.99328e-05 6.07319e-05 8.10505e-05 6.44982e-05 5.07479e-05 7.79371e-05 0.000117033 0.000140181 0.000159884 7.48929e-05 1.82298e-05 1.64712e-05 6.07772e-05
0.00147459 2.77209e-05 4.45201e-05 0.000424993 0.00174211 0.00294553 0.00222889 0.000908323 0.000878266 0.000716154 0.000363562 0.000252565 0.000510047 0.00110788 0.000640633 0.000217748 0.000242356 0.000470049 0.000270851 0.000216937 0.000542127 0.00105794 0.0012 0.00113133 0.000394239 0.00014409 0.000223636 0.00034697
0.0018609 4.35209e-05 7.46499e-05 0.000623063 0.00263876 0.00376284 0.00128959 0.000276999 0.000317108 0.000580616 0.000793891 0.00270578 0.0180095 0.0428959 0.0171048 0.00662778 0.0115893 0.0284949 0.0221684 0.0186433 0.0279845 0.0282322 0.0201761 0.00968612 0.00187361 0.000485763 0.0006851 0.000679016
0.0025825 7.94287e-05 0.000123278 0.000998854 0.00497895 0.00496059 0.00087043 0.000182233 0.000577214 0.00205317 0.00426096 0.0512756 0.442639 0.644448 0.545645 0.404041 0.544782 0.758621 0.773345 0.689638 0.60313 0.479631 0.24451 0.0429915 0.00396746 0.000668841 0.000326707 0.000215534
0.00385091 0.00013426 0.000126513 0.000805032 0.00541982 0.00373257 0.000407177 0.000110388 0.000451462 0.00322017 0.0223935 0.438899 0.915763 0.93361 0.921778 0.869654 0.873552 0.921098 0.912159 0.898887 0.906563 0.916614 0.775909 0.194418 0.0178035 0.00274617 0.000572404 0.000135814
0.00554824 0.00019933 0.000155228 0.00100445 0.00547058 0.00195506 0.00021208 7.09667e-05 0.000283755 0.00510104 0.115355 0.82576 0.943967 0.833054 0.624466 0.46034 0.336673 0.266513 0.238353 0.361002 0.757073 0.92486 0.850274 0.463148 0.121757 0.0187719 0.00253344 0.000247192
0.00563679 0.000275368 0.0004554 0.00342391 0.00667851 0.000903703 0.000200513 0.00018408 0.000619273 0.0182786 0.572999 0.940494 0.819556 0.225045 0.0469565 0.0267537 0.0131602 0.00567752 0.00548259 0.0182817 0.261987 0.767773 0.76195 0.5382 0.22223 0.0225208 0.00145085 0.000169009
0.00401429 0.000311973 0.0015971 0.00873896 0.00484696 0.000433818 0.000243532 0.000464921 0.0017091 0.0870685 0.909913 0.973974 0.654623 0.0615299 0.0103344 0.00436016 0.00203619 0.00102975 0.00167474 0.0177379 0.351324 0.778681 0.755845 0.420942 0.0659263 0.00279688 0.000198432 4.32281e-05
0.00637739 0.000689156 0.00513355 0.0129166 0.00254368 0.000253983 0.000316341 0.000893302 0.00466543 0.247406 0.954414 0.974813 0.669015 0.096983 0.0118366 0.00275449 0.00192249 0.00339196 0.0227229 0.320204 0.877706 0.910558 0.681268 0.184129 0.0167172 0.000849094 6.82435e-05 1.79256e-05
0.00946988 0.00101315 0.00423688 0.00469203 0.00125116 0.000216488 0.000223932 0.000655274 0.00492245 0.235742 0.913765 0.95569 0.85203 0.407497 0.0541492 0.0137221 0.0306381 0.177359 0.673213 0.94793 0.96789 0.905954 0.512915 0.0828914 0.00894497 0.000551045 4.66257e-05 1.99507e-05
0.00777675 0.000489679 0.000882405 0.00110756 0.000913659 0.000471661 0.000325588 0.000477271 0.00214398 0.0406718 0.543934 0.852922 0.901286 0.830038 0.449574 0.354314 0.766119 0.939723 0.980796 0.981116 0.903039 0.677048 0.217571 0.0272568 0.00335232 0.000292571 2.74882e-05 2.49028e-05
0.00578735 0.000192342 0.000210477 0.000638776 0.00200487 0.0020856 0.000755553 0.000446474 0.00132305 0.0122737 0.22845 0.68267 0.857834 0.89937 0.862372 0.927949 0.980442 0.980543 0.955623 0.764185 0.193284 0.0516616 0.016303 0.00386666 0.000733934 0.000151269 1.57616e-05 2.69697e-05
0.00356491 8.4294e-05 8.02458e-05 0.000560169 0.00411507 0.00425941 0.00125385 0.00105018 0.00566765 0.0618948 0.561185 0.810443 0.82399 0.839684 0.931184 0.978437 0.970264 0.792785 0.201908 0.0240371 0.00346893 0.00154927 0.00133044 0.000826605 0.000207451 6.10513e-05 7.61564e-06 2.2465e-05
0.00249294 6.20215e-05 0.00013371 0.00166905 0.013306 0.0171132 0.00898378 0.0274485 0.223698 0.712464 0.93221 0.837601 0.560411 0.683387 0.940883 0.985865 0.915653 0.175973 0.00639116 0.00066586 0.000338366 0.000544388 0.000735942 0.000531048 0.000101363 2.384e-05 4.33506e-06 1.65313e-05
0.0043272 0.000199392 0.000579395 0.0125445 0.177864 0.421996 0.446046 0.743273 0.943335 0.954268 0.883753 0.404124 0.131289 0.428002 0.938384 0.974046 0.740968 0.0365425 0.000943022 0.000120302 0.000127539 0.000381723 0.000621096 0.000405894 6.38874e-05 1.72984e-05 8.37434e-06 2.25454e-05
0.011491 0.000825931 0.00204528 0.080821 0.762218 0.933299 0.952084 0.973098 0.965785 0.824796 0.340779 0.0803801 0.101823 0.667086 0.959554 0.941504 0.439223 0.0117678 0.000692373 0.00016096 0.00017305 0.000416841 0.000456654 0.000291604 0.000114143 6.17464e-05 4.04563e-05 5.53722e-05
0.0101353 0.000829592 0.00390554 0.209956 0.875437 0.946382 0.946299 0.947955 0.886378 0.660492 0.364013 0.296413 0.677125 0.951532 0.965147 0.860731 0.264869 0.0130189 0.00221911 0.000874744 0.000712474 0.000793342 0.000368616 0.000286654 0.000319754 0.000318214 0.000334539 0.00020306
0.00452514 0.000321915 0.00204462 0.0842502 0.431909 0.623289 0.729887 0.74342 0.775341 0.758965 0.80674 0.922841 0.969108 0.979753 0.925581 0.585038 0.152981 0.0150762 0.00371779 0.00213087 0.00157958 0.000928904 0.000407593 0.0005738 0.00123201 0.00262354 0.00258811 0.000613853
0.00335071 0.000156749 0.000614432 0.00903925 0.026181 0.0406033 0.0825474 0.101074 0.287135 0.568834 0.825054 0.947151 0.947048 0.912036 0.546497 0.0999696 0.0186372 0.00266364 0.00132215 0.00139956 0.000843896 0.000528442 0.000617208 0.00305177 0.0120644 0.0180386 0.00659632 0.000706975
0.0029685 0.000108934 0.000223796 0.00160328 0.00427948 0.00410517 0.00496682 0.00643146 0.022867 0.10781 0.307004 0.496575 0.418871 0.203991 0.031706 0.00296334 0.000746991 0.000399235 0.000477131 0.000596067 0.00037505 0.000431683 0.00146509 0.0215316 0.103305 0.0473645 0.00505866 0.000408472
0.00242955 6.76909e-05 9.3834e-05 0.000620901 0.00251121 0.00238585 0.00212937 0.00276475 0.00624797 0.0187663 0.0337699 0.0453843 0.0542025 0.0276023 0.0035998 0.00036621 0.000169857 0.000190621 0.00024333 0.000231916 0.000151542 0.000319807 0.00257827 0.0430388 0.0932035 0.0191003 0.00206434 0.000303127
0.002999 4.86581e-05 4.75219e-05 0.000356078 0.00155887 0.00153947 0.00140747 0.00157755 0.00240635 0.00418561 0.00425661 0.00680359 0.0168001 0.00974069 0.00112483 0.000141762 8.01588e-05 7.72079e-05 5.50894e-05 3.25884e-05 3.50688e-05 0.000130745 0.00122068 0.0116871 0.00975164 0.00230122 0.000997056 0.000316361
0.00306772 4.62382e-05 5.58478e-05 0.000378625 0.000825507 0.00048243 0.000331726 0.000312187 0.000520042 0.000786016 0.000461826 0.000557488 0.00151919 0.000836553 0.000106194 2.20933e-05 1.74719e-05 1.96124e-05 1.27167e-05 9.49029e-06 1.77636e-05 7.29263e-05 0.000520622 0.00222149 0.00124072 0.00048393 0.00048706 0.000233995
0.00460612 0.000156891 0.000387186 0.00144236 0.00130749 0.000553363 0.000292899 0.000286171 0.000542462 0.000670683 0.000318663 0.00026893 0.000469893 0.000271208 6.07157e-05 2.56596e-05 2.8664e-05 3.91385e-05 3.53098e-05 4.26087e-05 8.09176e-05 0.000224032 0.000939613 0.00199038 0.000986206 0.000496608 0.000513092 0.000417302
0.0196625 0.00344875 0.00630693 0.00798931 0.00564323 0.00352737 0.00227286 0.00214367 0.00350306 0.00344394 0.00207202 0.00197821 0.00246232 0.0019557 0.0012246 0.00101242 0.00116532 0.00147117 0.00146527 0.00154374 0.0019951 0.00289219 0.00501582 0.00646968 0.00466701 0.00334881 0.00465014 0.00869855
