0.0113683 0.000659718 0.000682755 0.00127291 0.00233082 0.00153815 0.000887478 0.000591691 0.000602225 0.000653872 0.000915755 0.00353772 0.0139705 0.0195595 0.00566697 0.00141756 0.00106564 0.0012474 0.00172753 0.00173073 0.000985306 0.000640666 0.000891783 0.00162162 0.00186133 0.00194365 0.00159807 0.00272191
0.0032992 4.30153e-05 5.47564e-05 0.000120856 0.000292238 0.000206585 0.000113615 7.2362e-05 5.84368e-05 5.15952e-05 9.60824e-05 0.000534963 0.00261845 0.00293024 0.000494764 0.000141479 0.000131474 0.000198961 0.000494068 0.000435172 0.000114097 6.7282e-05 0.000172419 0.000402692 0.000411217 0.000534402 0.000552519 0.000474379
0.0039535 8.02704e-05 7.07047e-05 0.000146346 0.000360944 0.000265418 0.00016182 9.9804e-05 6.5659e-05 5.48469e-05 0.000123716 0.00051743 0.00112378 0.000920138 0.00043739 0.000407088 0.00057506 0.00108165 0.0024751 0.00123458 0.000232943 0.000204508 0.000838941 0.0020095 0.0020418 0.0039395 0.00607224 0.00200943
0.00660132 0.000186892 6.80557e-05 8.57477e-05 0.000216202 0.000180701 0.00014784 0.000105957 7.4985e-05 7.7192e-05 0.000143743 0.000242657 0.00016492 0.000141516 0.000403743 0.0019008 0.00339177 0.00354971 0.00308668 0.000823594 0.000306702 0.000416428 0.000832787 0.00118729 0.00218335 0.00988726 0.015975 0.00359402
0.0160125 0.000574568 0.000164491 0.000167989 0.000433099 0.000435305 0.000470376 0.000407752 0.000301827 0.000323699 0.000371089 0.000273811 0.000181976 0.000308632 0.00255801 0.0307626 0.0560495 0.0241084 0.00831148 0.0021303 0.00158952 0.00160241 0.00105682 0.00111139 0.00234639 0.0131702 0.0163144 0.00258495
0.0150185 0.000539063 0.00013633 0.000150594 0.000388918 0.000357668 0.000328836 0.000308967 0.000398211 0.000525718 0.000392342 0.000181263 0.000131382 0.000401332 0.00566328 0.108024 0.26206 0.152282 0.0462978 0.0101608 0.00772836 0.00382966 0.00135542 0.00127525 0.00175244 0.00398904 0.00270626 0.000686252
0.00862226 0.000246169 7.16399e-05 0.000102058 0.00032958 0.000331619 0.000283329 0.000365903 0.000631155 0.000641623 0.000279143 9.16424e-05 0.000119348 0.000641159 0.00785134 0.166969 0.478738 0.509323 0.278484 0.0517064 0.0182562 0.00543321 0.00205363 0.00165075 0.00102288 0.000753741 0.000293881 0.000158616
0.00543879 0.000107372 5.18542e-05 0.000110985 0.000378615 0.000516473 0.000823349 0.00131891 0.00129452 0.000548801 0.000158916 6.56104e-05 0.000164076 0.00162493 0.0180575 0.32972 0.810115 0.829148 0.425855 0.0398501 0.00779488 0.0020746 0.000942693 0.000695492 0.000251751 0.000115224 4.94129e-05 5.3134e-05
0.0046996 8.84566e-05 6.12058e-05 0.000176484 0.000489752 0.00103365 0.00330299 0.00390306 0.00169883 0.000344674 9.31505e-05 7.17037e-05 0.000330477 0.0043847 0.049063 0.608557 0.924795 0.841118 0.218606 0.0103309 0.00237584 0.00076312 0.000367034 0.000317916 0.000116356 5.14929e-05 3.22085e-05 4.71756e-05
0.00294327 4.31991e-05 5.9264e-05 0.000324927 0.000881926 0.00211695 0.00611703 0.00361357 0.000943742 0.000190416 6.53382e-05 8.26798e-05 0.000409998 0.00545309 0.107348 0.763254 0.909528 0.602452 0.0611479 0.00568503 0.00207232 0.000877727 0.000565441 0.000527445 0.000291635 0.00013893 8.56839e-05 7.87539e-05
0.00199973 3.30431e-05 6.32082e-05 0.000473468 0.00145579 0.00266339 0.00371235 0.00137072 0.000347231 0.000113055 8.06705e-05 0.000119722 0.000452607 0.00862441 0.296382 0.878118 0.803198 0.192803 0.0261497 0.00989993 0.009506 0.00638864 0.00359571 0.00252003 0.00147287 0.000636048 0.000251945 0.000122828
0.00170087 2.67e-05 3.57524e-05 0.000279979 0.00160235 0.00383348 0.00304782 0.00101583 0.000334484 0.000156433 0.000173068 0.00045226 0.00369858 0.101782 0.761282 0.920216 0.610002 0.0939642 0.0432279 0.0595662 0.130565 0.112626 0.0334473 0.00803638 0.00233994 0.000537664 0.000156294 8.99909e-05
0.00146544 1.68044e-05 1.4636e-05 0.000169726 0.00176051 0.00515551 0.00344521 0.00110349 0.00048478 0.000271483 0.000500879 0.00356317 0.0597109 0.689614 0.935162 0.879679 0.417473 0.0871173 0.0734409 0.203384 0.435014 0.341683 0.075522 0.00892005 0.00162872 0.000229792 6.17705e-05 4.42157e-05
0.00171339 2.04935e-05 1.44164e-05 0.000175458 0.00204996 0.00466453 0.00244465 0.000921846 0.00053817 0.000407065 0.000877471 0.0119002 0.336852 0.895836 0.871941 0.493687 0.130299 0.0497267 0.0465138 0.134512 0.380152 0.339064 0.0664215 0.0082394 0.0016416 0.000203406 8.68183e-05 5.08869e-05
0.00215213 3.22683e-05 2.73405e-05 0.000249349 0.00214379 0.00329408 0.00205145 0.00106697 0.000682542 0.00044968 0.000822318 0.0209196 0.571903 0.884646 0.608197 0.173772 0.102551 0.0732766 0.0713093 0.190506 0.449523 0.461866 0.134557 0.0315703 0.0095866 0.00112407 0.000389228 0.000111146
0.00369051 7.63957e-05 4.42523e-05 0.000194902 0.00103083 0.00164873 0.00210518 0.00213906 0.00164578 0.00114753 0.0036659 0.115139 0.810498 0.909285 0.744061 0.538628 0.594695 0.482311 0.480124 0.736495 0.876156 0.900651 0.746955 0.57398 0.286199 0.0179336 0.00114629 0.000113917
0.00533642 0.000114695 3.77865e-05 9.41348e-05 0.000636084 0.0019277 0.00612029 0.01013 0.00992856 0.0114786 0.0639438 0.694436 0.945562 0.948767 0.916191 0.877684 0.858399 0.752652 0.729087 0.835818 0.891599 0.905123 0.856894 0.84068 0.636534 0.0383625 0.000788774 5.67352e-05
0.00419144 7.80115e-05 3.08859e-05 0.00010364 0.000754707 0.00503096 0.057245 0.17062 0.217683 0.279758 0.69284 0.951176 0.956944 0.90189 0.758855 0.527462 0.352317 0.215326 0.15566 0.148489 0.186331 0.217717 0.27553 0.406586 0.238613 0.0131661 0.000386279 4.3836e-05
0.00289671 4.33185e-05 3.85227e-05 0.000171273 0.00141075 0.0251067 0.311135 0.69959 0.838429 0.854398 0.901884 0.917311 0.677941 0.218506 0.0611932 0.0196044 0.0162393 0.0163256 0.0119289 0.00882285 0.0117293 0.0198841 0.0351637 0.0679483 0.0350536 0.00318698 0.00027409 6.56499e-05
0.00242882 2.82268e-05 3.12843e-05 0.000228881 0.00618877 0.21924 0.763324 0.888674 0.866256 0.689941 0.561629 0.445521 0.0820086 0.0100967 0.00331662 0.00210431 0.00703669 0.0169623 0.015982 0.0110714 0.00731182 0.00676738 0.0104967 0.0167095 0.00733904 0.00129305 0.000260518 9.63139e-05
0.0027274 3.14405e-05 3.28543e-05 0.000517039 0.0257431 0.443547 0.729139 0.64006 0.301763 0.0872707 0.0729888 0.0525674 0.0110927 0.00311574 0.00241176 0.00561505 0.0307684 0.085894 0.0614103 0.0272562 0.0142708 0.00672877 0.00747412 0.00677363 0.00163148 0.000456404 0.000194375 9.3886e-05
0.00305186 4.7289e-05 5.76086e-05 0.00093909 0.024498 0.156748 0.162732 0.0720086 0.0178171 0.00551481 0.00621784 0.00544327 0.00321968 0.00310266 0.00517984 0.0206996 0.0650323 0.139216 0.13746 0.0741841 0.0262949 0.00515317 0.00240577 0.00123195 0.000335969 0.000157323 7.44137e-05 5.08637e-05
0.0031664 6.09924e-05 6.49381e-05 0.000517585 0.00439819 0.0116397 0.0112618 0.00786636 0.0034311 0.00149553 0.00184356 0.00232848 0.00323109 0.00564369 0.00831846 0.0178574 0.0291922 0.0523676 0.0826435 0.0542872 0.0125747 0.00160955 0.000550697 0.00033215 0.000148427 8.7394e-05 2.54343e-05 2.47449e-05
0.00263345 4.15144e-05 3.31254e-05 0.000163325 0.000689972 0.00125911 0.00174279 0.00193049 0.00128743 0.00078591 0.00126251 0.00187859 0.00250455 0.00354826 0.00314544 0.00377291 0.00438267 0.00738622 0.0133077 0.00758526 0.00181053 0.000394029 0.000198879 0.000175994 8.5279e-05 4.01339e-05 1.00702e-05 1.87432e-05
0.00226946 1.30082e-05 7.36419e-06 4.3393e-05 0.000205028 0.000401782 0.000948297 0.0013291 0.000716204 0.000442018 0.000676974 0.000735995 0.000618141 0.000483076 0.000294907 0.000306671 0.000557675 0.00114616 0.00146098 0.000700144 0.000213838 8.89281e-05 6.27196e-05 5.72508e-05 2.02899e-05 1.03664e-05 4.57674e-06 1.78246e-05
0.00129302 3.60575e-06 2.86819e-06 2.63752e-05 8.9052e-05 0.000144561 0.000461764 0.000926238 0.000716102 0.000413017 0.000261101 0.000121494 7.17211e-05 5.32287e-05 4.70022e-05 6.29849e-05 0.000113257 0.000175423 0.000194697 0.000129545 6.32678e-05 3.72719e-05 2.69918e-05 2.11234e-05 5.82353e-06 3.45201e-06 2.74569e-06 1.53462e-05
0.00178105 1.32442e-05 2.42919e-05 0.000138417 0.000195353 0.000226637 0.000660397 0.00159534 0.00204422 0.00103017 0.000319237 0.000103449 7.40274e-05 8.81731e-05 0.000124404 0.000173433 0.000225614 0.000262946 0.000364433 0.000322091 0.000184364 0.000115586 8.17663e-05 5.9797e-05 2.30384e-05 1.5782e-05 1.05239e-05 5.7206e-05
0.0112678 0.00098273 0.00192782 0.00327235 0.00265574 0.00282786 0.00422635 0.00624502 0.00857925 0.00587455 0.00295117 0.00169191 0.00154747 0.00180426 0.00243665 0.00275513 0.00270327 0.00289939 0.00334699 0.00313473 0.00245955 0.00205419 0.00192168 0.00170061 0.00142204 0.0011081 0.000944493 0.0035943
