0.00794947 0.000236218 0.000165804 0.00054914 0.00257866 0.00328906 0.00182621 0.0012287 0.000963955 0.000576655 0.000592173 0.00093256 0.00190599 0.00491705 0.00910252 0.00700124 0.00204672 0.00103947 0.00170903 0.00150507 0.000595989 0.000596235 0.00118178 0.00139957 0.00124937 0.00147127 0.00180839 0.00394784
0.00213122 1.26584e-05 9.12799e-06 4.04658e-05 0.00026948 0.000356927 0.000253662 0.00021609 9.9391e-05 4.52631e-05 6.95988e-05 0.000168651 0.000446696 0.00120592 0.00208183 0.00100569 0.000162278 6.18091e-05 0.000104688 8.4028e-05 5.76807e-05 0.000101395 0.000152824 0.000115529 0.000162926 0.000284478 0.00031496 0.000396916
0.00269555 2.31523e-05 1.2806e-05 4.54289e-05 0.000214327 0.000314183 0.000398728 0.000371531 0.000129309 8.14398e-05 0.000196168 0.000529997 0.00150055 0.0031225 0.00337663 0.00119125 0.00021878 6.93967e-05 6.47472e-05 8.2121e-05 0.000178634 0.000360503 0.000246574 0.000177038 0.000348796 0.000595031 0.000607003 0.000336921
0.00351418 4.35207e-05 1.89752e-05 4.66125e-05 0.000109655 0.000101215 0.000127242 0.000132532 8.01212e-05 0.000102858 0.000257017 0.000693642 0.00257487 0.00743368 0.00980039 0.00408237 0.000867367 0.000147614 6.60894e-05 9.25874e-05 0.000330038 0.000559975 0.00027557 0.000303106 0.000488161 0.000415228 0.000248807 0.000127428
0.00521907 9.64533e-05 5.3788e-05 0.000103384 0.000203867 0.000127577 0.000113592 0.000167799 0.000213192 0.000361034 0.000857135 0.00277571 0.0137811 0.0779178 0.169549 0.0837329 0.0149446 0.00114879 0.000346801 0.000515757 0.00109562 0.00163794 0.00114274 0.00172413 0.00139655 0.000499013 0.000173563 6.99748e-05
0.00513128 9.91181e-05 4.96784e-05 7.49667e-05 0.000138177 0.000102497 0.000130233 0.000279584 0.000373936 0.000637644 0.00222243 0.0115181 0.0474468 0.28033 0.537072 0.254674 0.0413686 0.00325632 0.00137487 0.00176325 0.00151597 0.00116104 0.000992676 0.00173713 0.00125564 0.000364445 0.000114614 5.10482e-05
0.00528458 7.91876e-05 3.33668e-05 5.64268e-05 0.000126309 0.000161297 0.000442456 0.000910262 0.00078111 0.00172996 0.0121527 0.0636558 0.145331 0.501338 0.69768 0.311151 0.0472176 0.00691992 0.00408372 0.00283088 0.00122096 0.000627256 0.00057166 0.00133727 0.00107682 0.00031178 9.63996e-05 4.56609e-05
0.00351359 3.44432e-05 1.78992e-05 4.48335e-05 0.000106617 0.00014867 0.000519949 0.000874573 0.000947824 0.00323738 0.0187035 0.0933469 0.260093 0.733115 0.827358 0.425819 0.0800275 0.0141895 0.00729635 0.00211465 0.000569923 0.00049696 0.000897238 0.00298676 0.00252413 0.00053957 0.000116938 4.57576e-05
0.00198254 1.61238e-05 1.31009e-05 5.26749e-05 0.00013782 0.000174492 0.000352577 0.000497176 0.000858124 0.00216785 0.00613959 0.0489796 0.341242 0.847708 0.898926 0.672313 0.202375 0.0208034 0.00468003 0.000799282 0.000327724 0.000743444 0.00171885 0.00589572 0.00404708 0.000552988 8.05894e-05 3.54171e-05
0.00231724 2.88872e-05 3.07177e-05 0.000163798 0.000649945 0.000757021 0.000645105 0.000409068 0.000493309 0.00075977 0.00214908 0.026991 0.26877 0.814373 0.927759 0.845439 0.282658 0.0109371 0.00112316 0.000211313 0.00018474 0.000838784 0.00234269 0.00663303 0.0023348 0.000217868 2.66802e-05 2.31327e-05
0.00443129 0.000148484 0.000153445 0.000853536 0.00458364 0.00417311 0.00208187 0.000539784 0.000299384 0.000429689 0.0020291 0.0218952 0.158955 0.7635 0.955747 0.916719 0.282761 0.00444072 0.000303312 9.2329e-05 0.000147137 0.00101087 0.00319519 0.00516421 0.000790418 7.33121e-05 9.24586e-06 1.84228e-05
0.0115198 0.00118575 0.00166345 0.00962904 0.0685679 0.0535368 0.0167497 0.0026346 0.0010179 0.000993408 0.00213771 0.00959345 0.105735 0.855467 0.983422 0.949619 0.292176 0.00436331 0.000255338 8.53513e-05 0.000146234 0.000742216 0.00254841 0.00314707 0.000234516 2.50993e-05 3.57143e-06 1.46044e-05
0.024139 0.00597011 0.0149524 0.0879137 0.370017 0.248435 0.0644687 0.0104203 0.00336547 0.00148382 0.00157718 0.00596706 0.114698 0.913584 0.989866 0.957992 0.290398 0.00401857 0.000295102 0.000124213 0.000174488 0.000702592 0.00222034 0.00183497 9.01042e-05 1.13451e-05 1.69171e-06 1.14817e-05
0.0305369 0.00784383 0.0229519 0.113053 0.246318 0.119703 0.0418655 0.0118777 0.00471805 0.00166153 0.00139998 0.00521767 0.0988953 0.861883 0.981017 0.937049 0.230901 0.0046791 0.00104472 0.000819207 0.000676482 0.00115501 0.00189263 0.00080199 3.40438e-05 4.9754e-06 1.39808e-06 9.54688e-06
0.01583 0.00195739 0.00414431 0.0129996 0.0153589 0.00776668 0.00697803 0.00424124 0.00209902 0.0008823 0.000867609 0.00317755 0.0561619 0.783523 0.9745 0.924815 0.193662 0.00709632 0.00379644 0.00345856 0.0017544 0.00146957 0.00151488 0.000558958 4.55314e-05 7.28711e-06 2.8946e-06 1.39595e-05
0.00606448 0.000290112 0.000471275 0.00153832 0.00209977 0.00156423 0.00176614 0.00100571 0.00055474 0.000340438 0.000423809 0.00218923 0.0506129 0.824582 0.984131 0.937564 0.156465 0.00529405 0.00297821 0.0021412 0.00133211 0.00221451 0.00260448 0.00112078 0.000264796 7.36684e-05 6.18777e-05 0.000107698
0.00373289 0.000140098 0.000209986 0.000874331 0.00181183 0.00127923 0.000845919 0.000327195 0.000228141 0.000182018 0.000271268 0.00241475 0.0721446 0.861171 0.984173 0.911371 0.111541 0.00314641 0.00122795 0.00103837 0.0013878 0.00472904 0.00684774 0.00339761 0.00183968 0.00161776 0.00222296 0.00127943
0.00354053 0.000119986 0.000119457 0.000355453 0.000852282 0.000569164 0.000229025 8.84237e-05 7.2467e-05 7.95324e-05 0.000256628 0.00414481 0.0885679 0.796305 0.971455 0.88073 0.11335 0.00357111 0.000868369 0.000753906 0.00255539 0.0111317 0.00806693 0.00239897 0.00153964 0.00213449 0.00283772 0.00161925
0.00511666 0.000120577 5.63814e-05 0.000120361 0.000287958 0.000198887 7.68303e-05 3.41465e-05 2.65276e-05 5.2712e-05 0.00035354 0.00468798 0.0581685 0.613045 0.941037 0.878332 0.175665 0.00692029 0.00160262 0.00130766 0.00425025 0.00949672 0.00296082 0.000550649 0.000322973 0.000410073 0.000409249 0.000338764
0.00353978 5.73313e-05 2.77115e-05 7.73687e-05 0.000161458 9.84004e-05 4.24939e-05 2.27596e-05 1.77979e-05 4.11252e-05 0.000316704 0.00336743 0.0483775 0.568385 0.923575 0.90601 0.377112 0.0311253 0.00843985 0.00699403 0.0176572 0.0144775 0.00160107 0.000267836 0.000165094 0.000168056 0.000151855 0.000141674
0.00197009 2.41235e-05 1.99241e-05 7.51255e-05 0.000117843 5.60221e-05 2.88219e-05 1.97219e-05 1.96863e-05 5.46924e-05 0.000369476 0.0049558 0.128811 0.778939 0.935636 0.935357 0.684803 0.150752 0.0540913 0.0324223 0.029979 0.0112961 0.00119411 0.000278278 0.000183321 0.000155953 0.000155977 0.000149783
0.00184429 1.77761e-05 1.31087e-05 3.73539e-05 5.79402e-05 3.45465e-05 2.48474e-05 2.74321e-05 5.04419e-05 0.00020966 0.0014245 0.0183415 0.447542 0.902877 0.910633 0.888167 0.58406 0.111654 0.0550486 0.0306588 0.00764796 0.00176476 0.000425111 0.000209548 0.000178811 0.000156652 0.000132546 0.000127224
0.00230402 1.79426e-05 8.97635e-06 1.98416e-05 3.98671e-05 3.29122e-05 3.2283e-05 5.68908e-05 0.000198832 0.000980175 0.00507199 0.0736895 0.663873 0.810883 0.497877 0.19085 0.0283962 0.00608984 0.00984687 0.00665619 0.00119334 0.000347953 0.000170127 0.000173336 0.00014863 0.000123252 9.32573e-05 9.14824e-05
0.0040091 3.97394e-05 1.43438e-05 2.16375e-05 4.93733e-05 4.28854e-05 4.04219e-05 8.19132e-05 0.00046543 0.00279516 0.0118585 0.099744 0.31639 0.18453 0.0348004 0.00607425 0.000619596 0.000186035 0.00072666 0.000855686 0.000285104 0.000190602 0.000136409 0.00015345 0.000112826 8.08391e-05 4.5409e-05 5.63281e-05
0.00684672 5.37059e-05 1.22721e-05 1.22811e-05 2.66805e-05 2.31764e-05 2.33455e-05 5.78651e-05 0.000357487 0.00202306 0.00553548 0.0119927 0.00784086 0.00305813 0.00156412 0.000471697 5.88369e-05 1.98712e-05 5.14784e-05 9.87848e-05 0.000107088 0.00011445 6.93857e-05 5.87008e-05 3.93706e-05 2.72313e-05 1.55966e-05 2.99566e-05
0.00719977 4.55301e-05 6.51336e-06 4.66474e-06 7.03334e-06 6.3811e-06 7.99721e-06 2.04973e-05 8.98391e-05 0.000284032 0.000480704 0.000431174 0.00016848 0.000112009 0.000135094 5.23585e-05 8.24847e-06 4.34214e-06 1.24123e-05 3.85592e-05 5.2191e-05 3.83048e-05 1.93553e-05 1.58179e-05 1.21027e-05 9.91762e-06 6.60018e-06 1.79112e-05
0.00954133 0.000129868 3.36371e-05 1.91061e-05 1.73512e-05 1.72255e-05 2.2481e-05 4.56572e-05 0.000109239 0.00020591 0.000242586 0.000204062 0.000175972 0.000206117 0.000247739 9.93929e-05 1.99113e-05 1.44063e-05 6.44798e-05 0.000170896 0.000136607 6.73551e-05 3.56355e-05 3.19893e-05 3.35901e-05 3.12491e-05 1.71828e-05 5.73652e-05
0.0264716 0.00242617 0.00158706 0.00105942 0.000961325 0.000931336 0.00105122 0.00135353 0.00150362 0.00179572 0.00197274 0.0019765 0.00217982 0.00271139 0.00297902 0.0019402 0.000933755 0.000846016 0.00195016 0.00274665 0.00213247 0.0013962 0.00110305 0.00111397 0.00156098 0.00143349 0.00106642 0.00331047
