0.00863295 0.000196344 0.000152526 0.000762885 0.00403508 0.0057606 0.0035323 0.00162756 0.00108809 0.000994756 0.00113795 0.00132665 0.00154581 0.00180959 0.00132548 0.00109155 0.00161953 0.00205514 0.00156814 0.000954626 0.000672272 0.000597762 0.000850788 0.00191792 0.00384672 0.00401806 0.00160314 0.00136623
0.00189149 9.12977e-06 1.7681e-05 0.000246393 0.00242187 0.00202373 0.000574767 0.000198444 0.000156603 0.00016989 0.000160188 0.000157494 0.000245943 0.000370261 0.000161201 8.68798e-05 0.000159106 0.0003175 0.000343217 0.000232134 9.68859e-05 5.87624e-05 0.000113872 0.000342738 0.00107314 0.00155021 0.000380079 0.000129983
0.00219802 3.65292e-05 0.00012054 0.00221841 0.0121335 0.00341958 0.000771768 0.000373263 0.000420189 0.000456114 0.000338683 0.000314604 0.00057921 0.000766685 0.000257993 0.000100654 0.000204219 0.000818276 0.00150189 0.00115479 0.000333381 0.000138637 0.000303414 0.00129214 0.00287563 0.00364707 0.00146473 0.000295399
0.00345309 0.000188678 0.00112021 0.013312 0.0164137 0.0021039 0.000687799 0.000440854 0.000362337 0.00027177 0.000196122 0.000184529 0.000247776 0.00024925 8.84455e-05 5.30642e-05 0.000165185 0.000990538 0.00355181 0.00386922 0.00125311 0.000398088 0.000460324 0.00109752 0.00160397 0.00160579 0.000596072 0.000165694
0.00743599 0.00167996 0.0213291 0.102501 0.0576592 0.00818521 0.00471541 0.00273172 0.00117481 0.000686842 0.000494679 0.000411204 0.00045589 0.000574897 0.000271843 0.000242208 0.000789345 0.00379693 0.018228 0.0312309 0.0127323 0.00253116 0.00154537 0.00171036 0.00111606 0.000646324 0.000121934 4.67567e-05
0.0134589 0.00375129 0.0244342 0.0624821 0.0462581 0.0166526 0.0147203 0.00854915 0.00350959 0.0020769 0.00145683 0.00145083 0.00306437 0.00901673 0.00723383 0.00575131 0.00668962 0.0127808 0.0529127 0.0884309 0.0410207 0.0049189 0.0016999 0.00125035 0.000574298 0.000280682 3.53039e-05 2.0515e-05
0.0124471 0.00116487 0.00163192 0.00413445 0.0186801 0.0252706 0.0371931 0.0451297 0.0305041 0.0167665 0.0149294 0.0330605 0.142366 0.435665 0.442118 0.354756 0.234732 0.185408 0.312716 0.302293 0.0749662 0.00542661 0.00110287 0.000742295 0.000343004 0.000158288 1.86601e-05 1.84531e-05
0.00492584 0.000138009 0.000109284 0.000744814 0.0113057 0.0418041 0.21705 0.564495 0.556301 0.429125 0.543246 0.794997 0.946073 0.975767 0.969441 0.966751 0.945877 0.923257 0.915012 0.715625 0.107143 0.00424312 0.000669896 0.000346355 0.000118882 5.49929e-05 1.33232e-05 2.43573e-05
0.00179922 3.44796e-05 6.36586e-05 0.00114116 0.0154724 0.0991606 0.625198 0.930971 0.93997 0.935187 0.974511 0.982284 0.975685 0.956198 0.898291 0.895025 0.917524 0.945988 0.963387 0.818802 0.0919422 0.00261662 0.00044603 0.000188475 5.53347e-05 3.43557e-05 1.62235e-05 3.59838e-05
0.00149393 3.88793e-05 0.000134719 0.006061 0.137368 0.543731 0.892904 0.963571 0.963002 0.955466 0.959365 0.86445 0.464448 0.181877 0.0512245 0.0392276 0.0998052 0.467349 0.896366 0.819275 0.0903963 0.00272001 0.000559148 0.000241195 7.5516e-05 5.00675e-05 3.21436e-05 5.24905e-05
0.00326631 0.000171347 0.000674184 0.0827646 0.781839 0.935603 0.942959 0.876649 0.67818 0.409807 0.174263 0.0272153 0.00550023 0.00158148 0.00056369 0.000596263 0.00290355 0.133096 0.850244 0.819329 0.104986 0.00322556 0.000847331 0.000468275 0.000203192 0.00011977 6.00381e-05 6.03774e-05
0.00409921 0.000371355 0.00356224 0.405189 0.908012 0.886163 0.57024 0.131325 0.0288034 0.00830686 0.00223479 0.000568992 0.000270221 0.000106459 7.48746e-05 0.000206186 0.0035824 0.325021 0.935646 0.880939 0.148003 0.00621306 0.00177102 0.00109352 0.000418813 0.000152398 6.89363e-05 6.2383e-05
0.00296889 0.000329319 0.00422404 0.297507 0.506131 0.129894 0.0144731 0.00227944 0.0014967 0.00117636 0.000470449 0.000238757 0.000127178 7.01866e-05 0.000136187 0.000977534 0.042619 0.807817 0.967768 0.835983 0.116129 0.00658046 0.00203723 0.00157658 0.000584909 0.000171674 8.61212e-05 7.12206e-05
0.00360958 0.000368193 0.0028672 0.0723307 0.0586236 0.00536479 0.000648551 0.000190516 0.000376651 0.000591362 0.000376375 0.00028901 0.000116874 7.33412e-05 0.000178867 0.00229027 0.151894 0.845174 0.880502 0.426929 0.0321656 0.0028149 0.00114101 0.00131242 0.000600145 0.000182738 0.000116333 8.90377e-05
0.00527451 0.000523303 0.00195237 0.0222629 0.0173372 0.00185722 0.000497289 0.000288386 0.000536654 0.000681414 0.000376146 0.000218184 0.000109719 8.29555e-05 0.000275361 0.00793402 0.371299 0.801924 0.526008 0.0776291 0.00710007 0.00150658 0.00107373 0.00162027 0.000826376 0.000249965 0.000166234 0.000103131
0.00746833 0.000718616 0.00157432 0.0107907 0.0103523 0.00161794 0.000843378 0.000852122 0.00112839 0.00104383 0.000478485 0.000222014 0.000117814 0.00022164 0.0036884 0.157871 0.786521 0.724071 0.104662 0.00524584 0.000861283 0.000500668 0.00126581 0.00434682 0.00213387 0.000420989 0.000177928 8.60981e-05
0.0105985 0.000985087 0.00177489 0.00611428 0.00667606 0.0016901 0.00103714 0.00130078 0.00134488 0.000914943 0.000511833 0.000227191 0.000212143 0.00166703 0.0675281 0.790018 0.911114 0.430269 0.0230927 0.00154052 0.000595045 0.00100554 0.00316055 0.00841586 0.00281123 0.000319196 9.24115e-05 5.11872e-05
0.0118813 0.000962634 0.000963976 0.00169602 0.00170836 0.000743035 0.000931541 0.0016233 0.000987703 0.000399203 0.000253698 0.000230683 0.000654761 0.0139401 0.452656 0.946413 0.907803 0.34488 0.0487655 0.0124178 0.013063 0.0182709 0.0218494 0.0159603 0.00208828 0.000185946 3.68754e-05 3.28271e-05
0.00915716 0.000311922 0.000198807 0.000298793 0.000323063 0.00031793 0.000861059 0.00146776 0.000546386 0.000148295 0.000153247 0.000419571 0.0039245 0.117959 0.721816 0.925928 0.813353 0.427517 0.263384 0.223979 0.276175 0.143821 0.0496703 0.0129447 0.000944867 0.000107863 1.65133e-05 2.99098e-05
0.00378416 4.96167e-05 3.31501e-05 8.04201e-05 0.000139016 0.000243589 0.000845053 0.00111881 0.000380353 0.000120716 0.000183497 0.00159223 0.0518992 0.623231 0.870943 0.916286 0.869637 0.762353 0.678253 0.497146 0.314447 0.0688365 0.0109756 0.00254169 0.000204396 3.64211e-05 9.12036e-06 2.71075e-05
0.00126934 1.0191e-05 9.61612e-06 4.88649e-05 0.000184807 0.00037978 0.00080129 0.000864263 0.000492707 0.000221777 0.000499983 0.0114141 0.37056 0.896406 0.927527 0.919974 0.863348 0.683999 0.322668 0.0761103 0.0184162 0.00268804 0.000888379 0.000389292 5.88097e-05 2.1029e-05 1.08127e-05 3.56151e-05
0.00165226 1.38626e-05 9.07632e-06 4.36502e-05 0.000366117 0.00118459 0.00196771 0.00177602 0.00111753 0.000603797 0.00188448 0.0359417 0.494331 0.893719 0.913153 0.867219 0.541471 0.11636 0.0179893 0.00342759 0.00084972 0.000201268 0.000150478 0.000153464 8.23506e-05 6.78475e-05 7.33141e-05 0.000118077
0.00409953 4.11937e-05 1.66109e-05 9.40866e-05 0.00103035 0.00354009 0.00524112 0.00310006 0.00153341 0.000889735 0.00284779 0.0295057 0.250239 0.825532 0.922305 0.828869 0.24933 0.0197588 0.00410785 0.00108466 0.000332955 0.000116957 0.000117064 0.000260554 0.000311548 0.000376358 0.000494168 0.000318466
0.0056811 8.35226e-05 5.06274e-05 0.000368438 0.00307514 0.00628968 0.00711811 0.00324655 0.00162156 0.00112379 0.00324803 0.0232656 0.206321 0.837708 0.946634 0.847394 0.203697 0.0156128 0.00400483 0.00100506 0.000295101 0.000164818 0.00024558 0.000751465 0.000637905 0.000453645 0.000417857 0.00023627
0.00555117 0.00010098 0.000112498 0.00059235 0.0024828 0.00302814 0.002642 0.00123847 0.0008126 0.000797498 0.00227718 0.0201371 0.226041 0.770377 0.857516 0.615001 0.116995 0.00919387 0.00205617 0.0005724 0.000154829 0.000142874 0.000342574 0.000729429 0.000298172 0.000131533 9.54204e-05 6.50452e-05
0.0116753 0.000287461 0.000206614 0.000394101 0.00101513 0.00105112 0.000556208 0.000203568 0.000126301 0.000152328 0.000614708 0.00558552 0.0419801 0.151658 0.188232 0.0806655 0.0106379 0.000936605 0.000308607 0.000178223 6.61612e-05 7.29172e-05 0.00015858 0.000239123 0.000157612 7.4139e-05 2.59795e-05 1.71113e-05
0.0343043 0.00207294 0.000819706 0.000611973 0.0013709 0.00130494 0.000473976 0.000175203 9.62322e-05 0.000139528 0.000426685 0.00173915 0.00452765 0.010665 0.0231753 0.0127161 0.00219667 0.00040551 0.000304784 0.000281401 0.000148177 0.000140414 0.000179804 0.000296659 0.000562441 0.000273234 3.84742e-05 3.63034e-05
0.0632699 0.0136126 0.00654684 0.00384412 0.00528903 0.0044202 0.00254741 0.0017054 0.00145658 0.0017172 0.00283974 0.00431554 0.00447093 0.00710523 0.0129578 0.00986627 0.00405508 0.00223429 0.00262242 0.00274001 0.00224423 0.00225623 0.00184937 0.002323 0.00566533 0.00376279 0.00121813 0.00218353
