0.00672708 0.000288891 0.00083272 0.00247384 0.00178235 0.000947313 0.0012875 0.00161599 0.00149113 0.00110481 0.00079349 0.000627388 0.000547497 0.00059082 0.000793042 0.000885974 0.00100163 0.00131408 0.000833223 0.000610923 0.000563726 0.000558058 0.000591375 0.000837121 0.000905853 0.000527575 0.000469742 0.00224011
0.00161799 1.42467e-05 6.16532e-05 0.000276702 0.000241994 0.000117335 0.000107901 0.000101003 0.000138137 0.000152753 0.000128059 0.000117558 8.50646e-05 6.70253e-05 8.19645e-05 6.27864e-05 0.000120366 0.000257665 0.000134125 0.000111227 0.000105485 0.000106914 0.000245826 0.000556728 0.000254163 6.11767e-05 6.92203e-05 0.000311579
0.00189566 3.08137e-05 6.33301e-05 0.000305364 0.000449436 0.000169571 8.43908e-05 8.26238e-05 0.000168193 0.000361078 0.000526509 0.000639145 0.000459787 0.000215139 0.000159105 0.000122919 0.000303816 0.000742107 0.000442307 0.000413821 0.000435346 0.000624715 0.00235906 0.00453173 0.000772161 0.000115014 0.000301141 0.000872943
0.0033998 9.581e-05 0.000101676 0.000304505 0.000433048 0.000121218 4.31425e-05 3.91038e-05 7.67814e-05 0.000188437 0.000371339 0.000856637 0.00128425 0.00068062 0.00029954 0.000142194 0.000211064 0.000355371 0.000291537 0.000445089 0.000516229 0.000778832 0.00342198 0.00476029 0.00054775 9.89826e-05 0.000288939 0.000598902
0.0088387 0.000396488 0.000550763 0.00103784 0.00104309 0.000379447 0.000152882 8.93087e-05 0.000131666 0.000292438 0.000811584 0.00522627 0.0179151 0.0105494 0.00215422 0.00036453 0.000253567 0.000383899 0.000734808 0.00232125 0.00220981 0.00195235 0.00513397 0.00535162 0.000694604 0.000179783 0.000223851 0.000192513
0.0157155 0.00111011 0.00140084 0.00197739 0.00339819 0.00214415 0.000566951 0.000152845 0.000200854 0.000703678 0.00450975 0.069843 0.339284 0.164695 0.0130931 0.000732043 0.000201701 0.000387562 0.00289608 0.0174322 0.0109336 0.00470669 0.00554856 0.00417206 0.00160974 0.000930885 0.000334334 9.71933e-05
0.0148148 0.00104565 0.00128192 0.00206221 0.00881869 0.00812113 0.00117941 0.000304957 0.000932033 0.00585721 0.0375995 0.471846 0.841008 0.488495 0.0252804 0.000673328 0.000196992 0.000957587 0.017774 0.121933 0.0627536 0.017254 0.011279 0.00797093 0.00548878 0.00273563 0.000404832 7.14472e-05
0.00663168 0.000220321 0.000193511 0.000560852 0.00549612 0.0150031 0.00669816 0.00482455 0.0116197 0.0466776 0.254813 0.786432 0.861626 0.324747 0.0126696 0.000495519 0.000253084 0.00318213 0.0870263 0.37687 0.266372 0.0851685 0.0283606 0.0104538 0.00690721 0.00230642 0.000242225 6.24171e-05
0.0026181 3.23716e-05 2.48953e-05 0.000212243 0.00314618 0.0206291 0.0444878 0.0418494 0.0386225 0.139117 0.651826 0.87473 0.689515 0.0720514 0.00336715 0.0003403 0.000518808 0.0118984 0.180442 0.602847 0.559182 0.164152 0.0377128 0.00886186 0.00226412 0.000722261 0.000110326 6.32464e-05
0.00190454 1.84346e-05 1.51677e-05 0.000217216 0.0038684 0.0166151 0.021152 0.0181147 0.0382839 0.335201 0.858095 0.876869 0.472721 0.0249518 0.00166857 0.000493113 0.00208009 0.0619485 0.456683 0.809149 0.658671 0.0792447 0.0112404 0.0032209 0.000563431 0.000208962 3.0846e-05 3.4447e-05
0.00283279 3.82499e-05 3.30605e-05 0.000325927 0.00401585 0.0051889 0.00252401 0.00581309 0.0806012 0.78374 0.952659 0.821923 0.167667 0.00385083 0.000464066 0.000568993 0.00581646 0.235698 0.854419 0.918162 0.479203 0.0140901 0.00196525 0.00097176 0.000177023 8.07111e-05 1.1172e-05 2.14159e-05
0.0039447 8.53096e-05 9.57064e-05 0.000599358 0.00314924 0.00273634 0.00197869 0.0191411 0.505025 0.945553 0.933088 0.422279 0.0104137 0.000165909 3.51057e-05 0.000128437 0.00439874 0.303042 0.916808 0.899034 0.157028 0.00231633 0.000596435 0.000434299 8.06968e-05 4.01326e-05 1.01523e-05 2.37363e-05
0.00454141 0.000164187 0.000238393 0.00104739 0.00408988 0.00452955 0.00807268 0.163779 0.870368 0.95565 0.77674 0.0677867 0.00100724 3.22967e-05 1.75019e-05 0.000137085 0.00439336 0.306122 0.932643 0.887881 0.124967 0.00267277 0.000829093 0.000431045 8.52936e-05 3.65506e-05 1.36154e-05 2.68521e-05
0.00638592 0.000278536 0.000416336 0.00116444 0.00307196 0.00491553 0.0250575 0.485585 0.922644 0.934943 0.665034 0.0851494 0.00332286 0.000377806 0.000560364 0.00443215 0.0444986 0.531361 0.962172 0.946226 0.43792 0.0310331 0.00629388 0.0010923 0.000154888 5.18964e-05 1.88094e-05 2.75601e-05
0.00978908 0.000416053 0.000377453 0.000546678 0.0012203 0.00370267 0.0517052 0.713598 0.95717 0.959 0.886707 0.603551 0.202666 0.123239 0.193261 0.375761 0.580071 0.843801 0.961385 0.954276 0.709934 0.119104 0.0163652 0.00171896 0.000256136 8.07346e-05 2.43978e-05 2.75421e-05
0.00753302 0.000243321 0.000151614 0.000224745 0.000582241 0.00216016 0.0455743 0.604707 0.935659 0.972605 0.972912 0.964519 0.941441 0.958856 0.972036 0.973363 0.963854 0.941697 0.881043 0.684851 0.245069 0.0240528 0.00341832 0.000744213 0.000177752 5.54125e-05 1.57098e-05 2.28558e-05
0.00414379 7.57385e-05 3.99393e-05 9.17168e-05 0.000363755 0.00122999 0.0129828 0.19653 0.631419 0.790611 0.865892 0.918162 0.941034 0.969659 0.97386 0.977626 0.973083 0.895838 0.36575 0.0306832 0.00529374 0.00123982 0.000631659 0.000402889 0.000101386 3.12769e-05 8.60228e-06 1.82883e-05
0.00226764 2.49159e-05 1.9609e-05 8.83759e-05 0.000378572 0.000852368 0.00438818 0.02982 0.0693624 0.0792178 0.165565 0.276049 0.393633 0.502674 0.546492 0.772076 0.891759 0.736591 0.0469 0.00124358 0.000364486 0.000308502 0.000680019 0.000724884 0.0001014 2.48896e-05 8.44987e-06 2.28952e-05
0.00150174 1.92098e-05 2.38268e-05 0.000172496 0.000448122 0.000721679 0.003104 0.00630796 0.00622196 0.00762952 0.0184397 0.0343679 0.0404645 0.0345659 0.0472223 0.28988 0.768579 0.606476 0.0355763 0.00111401 0.00047512 0.00121122 0.00254025 0.00118309 0.000104467 2.59159e-05 1.41914e-05 4.39798e-05
0.00158633 2.48324e-05 3.09314e-05 0.000215265 0.000578739 0.000728007 0.00155501 0.00198355 0.00328597 0.007888 0.0135156 0.0132505 0.00717108 0.00373319 0.00504392 0.0449412 0.390753 0.373613 0.0517098 0.00690495 0.00606819 0.0137084 0.00681393 0.000829506 6.98381e-05 2.24253e-05 2.17168e-05 6.33479e-05
0.00207072 3.77229e-05 3.53718e-05 0.000218783 0.000807701 0.000782491 0.000600982 0.00131498 0.00664997 0.0161725 0.0114095 0.0042447 0.0012218 0.000570363 0.00164272 0.0147306 0.111747 0.165582 0.0558787 0.0359886 0.0635538 0.0463524 0.00553438 0.000384194 7.34616e-05 3.70677e-05 2.92657e-05 6.41716e-05
0.00222008 3.90333e-05 2.97888e-05 0.0001508 0.000472569 0.000377949 0.000313163 0.00109746 0.00395912 0.00353722 0.00133801 0.000427268 0.000159162 0.00016613 0.00108777 0.0119145 0.105083 0.24932 0.12428 0.0825417 0.145321 0.0682913 0.00618583 0.000894999 0.000358651 0.000178543 9.89997e-05 9.6034e-05
0.00201694 3.02077e-05 2.34471e-05 9.32071e-05 0.000172714 0.000137816 0.000187914 0.000448781 0.000462746 0.00022706 0.000176924 0.000134671 0.00012282 0.000419067 0.00293536 0.0329757 0.312234 0.44367 0.15951 0.0667955 0.0548319 0.023142 0.0068235 0.00297857 0.0012527 0.00050453 0.000240889 0.000122817
0.00203598 2.69771e-05 1.85946e-05 6.03601e-05 8.43026e-05 6.41181e-05 9.38298e-05 0.000151186 0.000102809 6.5782e-05 9.23231e-05 0.000190431 0.000901802 0.00600549 0.0170133 0.0690245 0.359583 0.34603 0.0788393 0.0255237 0.00882855 0.0029428 0.00148302 0.000969073 0.000600087 0.000319356 0.000112378 6.5912e-05
0.00242862 1.44784e-05 6.94193e-06 1.95092e-05 3.03013e-05 2.04834e-05 2.44262e-05 3.80149e-05 3.83929e-05 4.2979e-05 8.23551e-05 0.000507742 0.00919695 0.0382191 0.0259226 0.0221622 0.0429141 0.0402381 0.0142487 0.00404342 0.000817329 0.00022647 0.000102577 9.86669e-05 9.02161e-05 7.10298e-05 2.18045e-05 2.31151e-05
0.00159231 4.51117e-06 1.5356e-06 4.13778e-06 6.55173e-06 5.95896e-06 1.02878e-05 2.19542e-05 2.50038e-05 3.55824e-05 8.89658e-05 0.000697594 0.0114648 0.0184039 0.00587388 0.0027642 0.00184362 0.00123217 0.00102166 0.000424208 7.86637e-05 2.62568e-05 1.53794e-05 2.18303e-05 2.8679e-05 2.50467e-05 5.1463e-06 8.55217e-06
0.00196473 1.02753e-05 6.18379e-06 1.42294e-05 1.86081e-05 2.43039e-05 6.01642e-05 0.000120408 9.81962e-05 0.000110945 0.000206558 0.000771084 0.00332336 0.00341455 0.00165853 0.000943744 0.000592904 0.000459265 0.000566255 0.000388351 0.000123331 5.61953e-05 4.15262e-05 6.39688e-05 9.71662e-05 6.94261e-05 1.0376e-05 2.45625e-05
0.0120549 0.000822363 0.000861788 0.00108954 0.0010021 0.00119546 0.00199775 0.0025843 0.00226868 0.00209249 0.00225382 0.0033237 0.00440164 0.00378308 0.00363439 0.00317106 0.00216724 0.00211874 0.00299624 0.00314453 0.00207897 0.00142074 0.00117421 0.00152253 0.00244509 0.00187603 0.000797859 0.00213205
