0.00674443 0.000165471 0.000124752 0.000336561 0.000824943 0.00120846 0.00221511 0.00351279 0.00302921 0.00201777 0.00109547 0.000578743 0.000746109 0.00172799 0.00349191 0.0107838 0.0102932 0.00216674 0.00056076 0.000395608 0.000962568 0.0022136 0.00279399 0.0032649 0.00348127 0.0020951 0.000887571 0.0017514
0.00193068 1.03949e-05 8.53885e-06 3.40448e-05 0.000120475 0.000240116 0.000583703 0.000980979 0.000902716 0.000565097 0.000135712 4.77363e-05 9.43211e-05 0.000451602 0.00194425 0.00965208 0.00752422 0.000899701 0.000199675 0.000199683 0.000564582 0.000993429 0.000817927 0.000580968 0.000470963 0.000199898 4.99822e-05 0.000116041
0.00261697 2.72641e-05 1.75915e-05 6.36423e-05 0.000278696 0.000708479 0.00155971 0.00262723 0.00259195 0.000970555 0.000193118 8.70083e-05 0.000299097 0.00334288 0.0237703 0.0846792 0.0480582 0.00669032 0.00250469 0.00328668 0.00421778 0.00266486 0.00141964 0.000680743 0.000233923 9.57282e-05 3.89812e-05 0.000118144
0.00269463 4.37429e-05 2.06557e-05 8.5229e-05 0.000547852 0.00151687 0.00187177 0.00180597 0.00130732 0.000361734 0.00012739 0.000129939 0.000690995 0.0103962 0.0498582 0.0690187 0.0239443 0.00476044 0.00430282 0.00648162 0.00375047 0.00168504 0.00125926 0.000729938 0.000142312 4.33408e-05 2.19714e-05 6.8067e-05
0.00350492 6.94977e-05 4.50794e-05 0.000370336 0.00313705 0.00562689 0.00398947 0.00241739 0.00121148 0.000416717 0.000331496 0.00065219 0.00371323 0.0458719 0.133832 0.0676216 0.0196287 0.0083218 0.0101388 0.012226 0.00492545 0.00320815 0.00485821 0.00320402 0.000361625 4.90021e-05 1.46218e-05 3.54205e-05
0.00285949 5.60532e-05 6.17671e-05 0.00065121 0.00340888 0.0042503 0.004344 0.00399316 0.0015459 0.000515315 0.000542363 0.00114044 0.00930191 0.121086 0.203927 0.0719873 0.0281932 0.0160926 0.0118581 0.00683324 0.00242991 0.002037 0.0030024 0.00158953 0.00018396 3.49121e-05 1.81918e-05 5.08708e-05
0.00243279 5.46294e-05 0.00010585 0.000893433 0.00219769 0.00332079 0.00630335 0.00644258 0.00229467 0.000721088 0.000986048 0.00255008 0.0241783 0.298361 0.310454 0.117223 0.0759293 0.0293456 0.00900787 0.00314191 0.00154881 0.00137304 0.00116481 0.000529098 9.16456e-05 4.29787e-05 4.85985e-05 0.000115004
0.00338777 8.60805e-05 0.000140715 0.000736563 0.00194244 0.00343594 0.00483273 0.00356819 0.00181144 0.000943834 0.00149873 0.0051933 0.0640001 0.511837 0.389173 0.14492 0.0938415 0.022855 0.00586566 0.00311123 0.00224901 0.00197167 0.00148835 0.000703447 0.000152472 7.41421e-05 7.2478e-05 0.00010798
0.00527764 0.000165293 0.000153875 0.000658017 0.00324916 0.0038929 0.00204213 0.00113765 0.00101144 0.00101332 0.00145252 0.00639988 0.0972332 0.405349 0.235285 0.0966765 0.0498828 0.0132397 0.00619178 0.00543959 0.00345864 0.00291904 0.00245853 0.00109821 0.000309326 9.85889e-05 4.39593e-05 4.26192e-05
0.00845928 0.000377853 0.000329047 0.0010988 0.00336229 0.00178433 0.000730863 0.000572223 0.000718185 0.000948227 0.0011464 0.00393019 0.0281001 0.06181 0.0589239 0.0527522 0.0230463 0.00502562 0.00332896 0.00445504 0.00285509 0.00267863 0.00190547 0.00107616 0.000715885 0.000246994 5.98753e-05 3.32355e-05
0.012223 0.000649671 0.000622971 0.00116929 0.00126786 0.000482934 0.000363023 0.000449781 0.00066358 0.000831874 0.000742702 0.00130782 0.00445403 0.0184135 0.0777848 0.105459 0.0233433 0.00220372 0.00108019 0.00163481 0.0014576 0.00126304 0.00075853 0.000972734 0.00149848 0.000628138 0.000129865 5.22233e-05
0.00811553 0.000342754 0.000383553 0.000631339 0.000411054 0.00015164 0.000118678 0.000142911 0.00030829 0.000664543 0.00137215 0.0030145 0.00484241 0.0315461 0.305065 0.269152 0.0234023 0.00124286 0.000581264 0.00090116 0.000763904 0.000679805 0.000532558 0.00119951 0.00178947 0.000660108 0.000204261 9.2447e-05
0.00346768 8.65425e-05 9.35524e-05 0.000178339 0.000160968 7.22371e-05 6.96366e-05 0.000123887 0.000367847 0.00166693 0.00768651 0.0154192 0.0159348 0.13746 0.658886 0.367654 0.0226273 0.00103331 0.000502416 0.000760824 0.000447533 0.000519616 0.00090385 0.00190834 0.00148796 0.00061523 0.000379014 0.000233799
0.00202861 2.61744e-05 2.02002e-05 4.03426e-05 5.80944e-05 5.85534e-05 0.000125409 0.000374712 0.00123096 0.00437046 0.0122204 0.018185 0.0353346 0.494615 0.869906 0.457331 0.040366 0.00217159 0.000632938 0.000480528 0.000203867 0.000257775 0.000740611 0.00161378 0.00124876 0.00124263 0.00186665 0.00096114
0.00150592 9.39669e-06 5.78875e-06 1.70104e-05 5.21256e-05 0.000148444 0.000451397 0.00116517 0.00362421 0.00459421 0.00355578 0.00569673 0.0391129 0.627936 0.848581 0.375084 0.0388332 0.00256274 0.000560583 0.000260859 0.00011398 0.0001427 0.000409381 0.00119153 0.00146841 0.00321521 0.00695858 0.00213178
0.00116299 5.1811e-06 2.24655e-06 1.08675e-05 0.000116097 0.000648393 0.00118265 0.00122276 0.0023682 0.00184917 0.00070027 0.0014418 0.0261907 0.473833 0.568703 0.114937 0.0103466 0.000712993 0.000181386 0.00012949 0.000110496 0.000189935 0.00044154 0.00107051 0.00119272 0.00167797 0.00180966 0.00066823
0.00127645 5.28633e-06 2.38437e-06 2.33836e-05 0.000401806 0.00150322 0.0011268 0.000565932 0.000716977 0.000532525 0.000252122 0.000686676 0.0184841 0.440139 0.557432 0.103285 0.00651969 0.000304906 7.85321e-05 0.000102422 0.000163252 0.00037823 0.000629397 0.000763738 0.000435699 0.000220699 9.58669e-05 7.55101e-05
0.0013376 8.30701e-06 5.9404e-06 9.65337e-05 0.00123799 0.001536 0.000558259 0.000227425 0.000219575 0.000199946 0.000184317 0.000523601 0.0117509 0.489976 0.831856 0.364104 0.014365 0.000348302 0.000101519 0.000184708 0.000307575 0.000620151 0.000650144 0.000430766 0.000173936 7.43057e-05 1.89311e-05 2.54789e-05
0.00156271 1.84337e-05 2.03464e-05 0.000273886 0.00119324 0.000516331 0.000240058 0.000152606 0.000136403 0.000186771 0.000409287 0.00121063 0.0117639 0.521853 0.927411 0.561595 0.0175346 0.000371783 0.00018705 0.00042259 0.000513592 0.000894402 0.000702825 0.000393428 0.000149643 8.13102e-05 1.9117e-05 3.53912e-05
0.00267743 5.31762e-05 8.40135e-05 0.000566564 0.000682055 0.000162681 0.000130625 0.00024906 0.000618482 0.0011851 0.00178188 0.00258843 0.0218822 0.729225 0.958891 0.605939 0.0230535 0.000935549 0.000518937 0.000737501 0.000759327 0.0011185 0.000632321 0.000257089 8.34721e-05 4.82198e-05 1.219e-05 3.43527e-05
0.00377877 0.000106791 0.000146711 0.000416486 0.000385929 0.000162371 0.000226254 0.0011035 0.00536994 0.00607612 0.00375282 0.00338365 0.0362532 0.774088 0.903205 0.355803 0.0247377 0.00252006 0.000951485 0.000781639 0.000880933 0.00103295 0.000487504 0.000157658 4.06523e-05 2.45304e-05 8.65758e-06 2.7007e-05
0.00489607 0.000161166 0.000170445 0.000322105 0.000374437 0.000439564 0.00113397 0.00515203 0.0167898 0.00729095 0.00225636 0.00281571 0.0523878 0.621206 0.480614 0.0559698 0.00736436 0.00166458 0.000589739 0.000510439 0.00099814 0.00165771 0.000987982 0.000346998 8.93983e-05 4.34388e-05 2.3318e-05 3.75961e-05
0.00688342 0.000260472 0.000223751 0.000382986 0.000812811 0.00185404 0.00380014 0.00720348 0.0124479 0.00422003 0.0015432 0.00429741 0.0830422 0.320021 0.06703 0.00619178 0.00185391 0.000916926 0.000492067 0.000588722 0.00142416 0.00311307 0.00227582 0.000886082 0.000322484 0.000138964 6.92586e-05 5.92268e-05
0.00603594 0.000181267 9.90851e-05 0.000233397 0.00146628 0.0068376 0.012911 0.0150907 0.0138869 0.00662692 0.00881374 0.0324949 0.0966733 0.0595422 0.00890051 0.0023245 0.00158173 0.00151164 0.00127441 0.00165728 0.00272298 0.00388005 0.0021723 0.00103664 0.000757354 0.000360577 0.000117981 6.18704e-05
0.00443361 3.79884e-05 1.56437e-05 8.86572e-05 0.00144309 0.0114861 0.0284202 0.0223582 0.0129613 0.0200979 0.0740402 0.107612 0.0406836 0.00653953 0.00213858 0.00160732 0.00129166 0.00197144 0.00258775 0.00232661 0.00228975 0.00163024 0.000576839 0.00047643 0.000651585 0.000389744 8.86644e-05 3.96276e-05
0.00270213 1.16669e-05 6.74992e-06 8.19955e-05 0.0015708 0.00779392 0.0126491 0.0080951 0.0048496 0.0138157 0.060069 0.0334738 0.00334291 0.000465122 0.000288096 0.000384767 0.000608984 0.0012365 0.00108614 0.00056697 0.000557877 0.000436215 0.000165285 0.000163121 0.000204065 8.55847e-05 1.77358e-05 1.47259e-05
0.00301677 3.33838e-05 4.91567e-05 0.000401037 0.00270378 0.00513221 0.00388832 0.00262062 0.00298808 0.0068094 0.00980398 0.00356292 0.000708933 0.00021841 0.000199901 0.000378093 0.000964785 0.0014564 0.000634888 0.000326971 0.000495352 0.000575456 0.000346507 0.000295286 0.000211033 7.56238e-05 1.74234e-05 3.29537e-05
0.0151171 0.00143097 0.00226278 0.00425139 0.00636934 0.00678217 0.00575477 0.00492079 0.00536655 0.00723111 0.00688431 0.00449384 0.0030446 0.00207575 0.00198273 0.00287942 0.00495794 0.00544157 0.00270541 0.00209732 0.00328166 0.00356695 0.00288594 0.00268841 0.00245122 0.00144773 0.000872726 0.00226536
