0.00659873 0.000175149 0.000136332 0.000460499 0.00140847 0.00141802 0.000913669 0.000712175 0.00108926 0.00150603 0.00119816 0.000862455 0.000782729 0.000861977 0.000885148 0.000639851 0.000484237 0.000575115 0.00127419 0.00263651 0.00275721 0.00279559 0.00239688 0.00198566 0.00179931 0.00118515 0.000741211 0.00182844
0.00182886 1.077e-05 1.08366e-05 5.14499e-05 0.000215356 0.000246067 0.000138929 0.000105504 0.000199167 0.000339897 0.000247036 0.000147231 0.000117098 8.98068e-05 7.46681e-05 4.98318e-05 3.75437e-05 6.13449e-05 0.000243829 0.00063736 0.000650101 0.000588314 0.000315637 0.000174723 0.00014221 7.72468e-05 3.47756e-05 9.79113e-05
0.00232739 2.5961e-05 2.25347e-05 9.14073e-05 0.000358207 0.000515098 0.000382311 0.00032922 0.000518882 0.000843158 0.000576305 0.000286002 0.000185105 9.72168e-05 9.21778e-05 0.000130856 0.000189748 0.000415389 0.00130859 0.00195875 0.00148283 0.000740047 0.000289673 0.000169958 8.72373e-05 3.79082e-05 2.42897e-05 6.96043e-05
0.00223899 3.16662e-05 1.77743e-05 6.70118e-05 0.000309698 0.000515693 0.000340564 0.000278501 0.000497295 0.00116493 0.00122142 0.000704559 0.000317787 9.62208e-05 9.38386e-05 0.000301549 0.000836616 0.00152188 0.00232506 0.00112943 0.000465978 0.000244083 0.000183022 0.000207523 6.87984e-05 2.03914e-05 1.88556e-05 4.27765e-05
0.00256793 3.71796e-05 2.42756e-05 0.000150024 0.00106256 0.00139691 0.000598887 0.000525535 0.00130044 0.00456776 0.00760487 0.0046796 0.00178777 0.000409844 0.00063499 0.00492701 0.0164814 0.0182115 0.0109744 0.0017229 0.000369007 0.000368435 0.000639081 0.000970292 0.000217353 3.87746e-05 2.8369e-05 3.50864e-05
0.00167855 1.77365e-05 1.39078e-05 0.00012067 0.000780313 0.000632273 0.000273955 0.000373069 0.000966119 0.00294048 0.00504916 0.00279017 0.00104474 0.000638576 0.0040007 0.119941 0.488011 0.31835 0.057586 0.0027428 0.00044984 0.000565077 0.000812164 0.00121558 0.000634849 0.000179183 8.26953e-05 4.605e-05
0.00128607 1.23843e-05 1.15713e-05 9.67376e-05 0.000321321 0.000194607 0.000141949 0.000220674 0.000422059 0.000978034 0.00135281 0.000616136 0.000380597 0.000780222 0.012526 0.595674 0.930274 0.692475 0.0945579 0.00335042 0.00113919 0.00132354 0.000644207 0.00107052 0.00150268 0.000604731 0.00017284 5.94385e-05
0.00186521 2.63206e-05 3.26364e-05 0.000186414 0.000263367 0.000116011 0.000115541 0.000174234 0.000275486 0.000553832 0.000603745 0.000277885 0.00019221 0.000681371 0.0260556 0.836863 0.967349 0.647482 0.0462183 0.00169173 0.000885214 0.00139017 0.000930482 0.0022207 0.00194747 0.000409519 0.000131698 6.53204e-05
0.00293588 6.70878e-05 8.74323e-05 0.000277752 0.000334456 0.000182025 0.000193083 0.000261417 0.000374566 0.000517871 0.000310825 0.000141194 0.000159261 0.000735011 0.0265629 0.838273 0.955236 0.39043 0.0137385 0.000551452 0.000289124 0.000880671 0.00200771 0.00434125 0.00100093 0.000147232 6.28632e-05 5.97585e-05
0.00438247 0.000117405 9.88354e-05 0.000195116 0.00039823 0.000429942 0.000462623 0.000464315 0.000552143 0.000632809 0.00040602 0.000332138 0.000463442 0.00188763 0.0676994 0.864338 0.91816 0.178911 0.00395021 0.000217026 0.00012876 0.000450828 0.00146435 0.00234833 0.000326099 6.92863e-05 2.27705e-05 3.58904e-05
0.00531894 0.000111986 5.35158e-05 0.000101856 0.000467796 0.00107103 0.000900541 0.000691841 0.00087506 0.000873242 0.0009421 0.00143615 0.00187179 0.0100027 0.322824 0.945205 0.880563 0.0599325 0.00144656 0.000142554 9.53372e-05 0.000263595 0.000546178 0.000715462 0.000140507 4.58676e-05 9.24706e-06 2.11774e-05
0.00651706 0.00013413 4.09381e-05 9.64602e-05 0.00105481 0.00296497 0.00109758 0.000393271 0.000399664 0.000405613 0.00107413 0.00382856 0.00673138 0.0568521 0.710758 0.960461 0.73244 0.0186806 0.00119475 0.000268727 0.00015137 0.00024073 0.00024889 0.000241367 7.58833e-05 4.00507e-05 9.67743e-06 2.18165e-05
0.0082456 0.000187024 5.2302e-05 0.000180018 0.00207758 0.00285291 0.000629817 0.000133009 0.000121801 0.000228805 0.00164958 0.0108748 0.0221175 0.241767 0.897087 0.931217 0.322658 0.00530237 0.000877224 0.000412283 0.000200743 0.000187693 0.000169832 0.000175988 7.44228e-05 4.95695e-05 1.90114e-05 2.80193e-05
0.00536791 0.000110093 4.13254e-05 0.00017812 0.00119076 0.00090024 0.000288943 0.000124273 0.000132524 0.000280031 0.00204863 0.0124675 0.0572446 0.610904 0.921048 0.747028 0.0634125 0.0013473 0.000279839 0.000142076 9.31553e-05 0.000119605 0.000134062 0.000202838 0.000154593 8.66776e-05 3.02741e-05 2.47008e-05
0.00259889 4.14422e-05 2.33183e-05 9.21092e-05 0.000340566 0.000255633 0.000175685 0.00017162 0.000200149 0.000306917 0.00142772 0.00880523 0.0876005 0.77885 0.903082 0.38286 0.0174933 0.00067808 0.000108156 5.42171e-05 5.78642e-05 0.000116255 0.000171655 0.00031533 0.000278849 9.01706e-05 2.26874e-05 1.50272e-05
0.00241605 2.93041e-05 1.4922e-05 4.25072e-05 9.7638e-05 0.000110944 0.000202932 0.00035512 0.000419929 0.000564395 0.0012108 0.00632342 0.133319 0.831579 0.853022 0.187888 0.0105846 0.000649806 9.56004e-05 5.31534e-05 7.39426e-05 0.000170127 0.000248086 0.000436097 0.000355369 9.16491e-05 2.26852e-05 1.4607e-05
0.00263703 2.42736e-05 8.0441e-06 2.05749e-05 6.56693e-05 0.000128586 0.000307418 0.000643412 0.000703001 0.00087737 0.00228884 0.0144418 0.264336 0.873585 0.822533 0.146566 0.00999935 0.000758427 0.000137234 8.13222e-05 9.75689e-05 0.000221271 0.000335688 0.000708186 0.000834995 0.000220228 4.50633e-05 2.19422e-05
0.00201763 1.45979e-05 4.48746e-06 1.54919e-05 6.17675e-05 0.000113685 0.000214589 0.000454713 0.000814139 0.00137742 0.00275728 0.0209957 0.423909 0.901357 0.791178 0.153021 0.0144539 0.000933476 0.000192604 0.000163487 0.000166046 0.000243231 0.000280166 0.000589753 0.00104606 0.000347083 6.8541e-05 2.69777e-05
0.00155366 9.62684e-06 3.75859e-06 1.77117e-05 7.66363e-05 9.69894e-05 0.000136572 0.000317207 0.000933212 0.00161568 0.00225876 0.0341187 0.617726 0.897786 0.634058 0.0799499 0.00944601 0.000799156 0.000275601 0.000295716 0.000194996 0.000134599 0.000179976 0.000546191 0.00162769 0.00104658 0.000182075 4.98312e-05
0.00180336 1.22279e-05 6.09017e-06 3.02782e-05 0.000115714 0.000104799 0.000155917 0.000456497 0.00120367 0.00187047 0.0046254 0.138593 0.846287 0.904626 0.469369 0.0389801 0.00383664 0.000469382 0.000300624 0.000322564 0.000166115 0.000100944 0.000214443 0.00184718 0.0145923 0.0147586 0.00179736 0.000190188
0.00231639 2.03956e-05 1.14011e-05 5.37691e-05 0.000159703 0.000143137 0.000329779 0.000918468 0.00122106 0.00213995 0.0116579 0.349615 0.892615 0.804583 0.229061 0.012832 0.00137193 0.000298368 0.000233545 0.000259111 0.000175556 0.000175242 0.000495263 0.00972604 0.11372 0.0804556 0.00731427 0.000411374
0.00302924 4.1935e-05 3.40594e-05 0.000158391 0.000281718 0.000190621 0.00059518 0.00134588 0.00107783 0.00210041 0.0159275 0.29091 0.74236 0.482586 0.0698413 0.00510322 0.000881155 0.000392044 0.000356869 0.000354847 0.000217429 0.000251275 0.000934898 0.0120269 0.0450776 0.0129885 0.00136421 0.000190067
0.00352834 8.62271e-05 9.19327e-05 0.000379995 0.000489682 0.000314041 0.000823848 0.00144004 0.00116413 0.00179841 0.0098897 0.120052 0.387697 0.202642 0.0252035 0.00391008 0.00133866 0.000736645 0.000569556 0.000390346 0.000228236 0.000258294 0.000798244 0.00287794 0.00171602 0.00039657 8.39315e-05 5.84975e-05
0.00336762 0.000117216 0.000189816 0.00120586 0.00204902 0.00147713 0.0023278 0.00185115 0.00132711 0.00140066 0.00562866 0.0685584 0.218414 0.12867 0.0158591 0.00261139 0.00104423 0.000464048 0.000319067 0.000301686 0.000306041 0.000441378 0.000920144 0.00119711 0.000285269 7.90514e-05 2.26063e-05 3.28573e-05
0.00423506 0.000109753 0.000214439 0.00284372 0.00790339 0.00381748 0.00249671 0.00102123 0.000580553 0.000671065 0.00298415 0.0466706 0.171058 0.0727798 0.00685748 0.00077597 0.000189693 7.23356e-05 7.69666e-05 0.00015852 0.000263605 0.000470086 0.000581586 0.000413339 0.000105015 3.85188e-05 1.41786e-05 2.92892e-05
0.00242317 3.43333e-05 0.00012529 0.00348385 0.00979881 0.00302743 0.00106293 0.000318476 0.00011068 0.000110636 0.000517088 0.00539666 0.018937 0.0069226 0.000803619 0.000114433 2.18706e-05 1.2802e-05 3.12339e-05 0.000114018 0.000247881 0.000320511 0.000214678 0.000101989 2.74708e-05 1.08325e-05 8.96796e-06 2.99115e-05
0.00232877 5.3401e-05 0.00035428 0.00467903 0.00647174 0.00205779 0.00110107 0.00040158 0.000117558 9.78498e-05 0.000289651 0.00117633 0.00257332 0.0013606 0.000377595 0.000112913 3.46026e-05 3.36554e-05 0.000127049 0.000421274 0.000825908 0.000663614 0.000322526 0.000136153 5.22169e-05 2.71954e-05 2.53926e-05 0.000112957
0.0132977 0.00179432 0.00449146 0.00939478 0.00741078 0.00432188 0.00456514 0.00304969 0.00170949 0.00139687 0.00215939 0.00390247 0.00407438 0.0029562 0.00242465 0.00176574 0.00108332 0.00118533 0.00225283 0.00367776 0.00448845 0.0037141 0.00290719 0.00198942 0.00156624 0.00113474 0.0012791 0.00513357
