0.0128693 0.000557616 0.000229522 0.000263914 0.000576422 0.000712393 0.00102881 0.0020229 0.00290213 0.00162724 0.000893843 0.000875114 0.00142459 0.00267285 0.00207529 0.000887431 0.000424198 0.000315938 0.000363709 0.000524558 0.000824117 0.00100211 0.000789855 0.000590088 0.000607032 0.000681457 0.000923598 0.00308541
0.00392411 4.24298e-05 1.67488e-05 2.05639e-05 4.90638e-05 8.64034e-05 0.000239141 0.000770785 0.00105562 0.000326004 8.61126e-05 8.24819e-05 0.000179988 0.00032576 0.000192482 4.91991e-05 1.91294e-05 1.904e-05 2.41732e-05 3.93194e-05 8.87031e-05 0.000144363 0.000123648 9.2162e-05 8.05654e-05 8.13915e-05 9.36444e-05 0.000271602
0.00495993 8.10521e-05 3.21281e-05 3.26059e-05 0.000111018 0.000355061 0.0015006 0.00649123 0.00484536 0.00061391 0.000156957 0.000184813 0.000396176 0.000493857 0.000196871 4.58174e-05 2.2246e-05 3.162e-05 4.96189e-05 9.24761e-05 0.000186886 0.000306427 0.00026216 0.000200097 0.000109974 7.84434e-05 0.000102373 0.000218538
0.00683364 0.000140213 4.00273e-05 4.76239e-05 0.000301159 0.00159289 0.00737407 0.0190406 0.00557014 0.000416221 0.000173522 0.000270303 0.000415601 0.000327284 9.65869e-05 2.61591e-05 2.4682e-05 4.78167e-05 8.27035e-05 0.000157446 0.000315205 0.000489094 0.000340921 0.000202987 6.05703e-05 2.75998e-05 1.89895e-05 5.70031e-05
0.0121564 0.000373878 0.000179641 0.000402297 0.00336722 0.0172647 0.0622196 0.0740648 0.0133106 0.00117348 0.000894172 0.00205925 0.00275686 0.00161667 0.000500314 0.000196076 0.000278797 0.000484591 0.000567371 0.000780336 0.00126281 0.00154191 0.000824297 0.000350844 5.70051e-05 1.46045e-05 4.52561e-06 1.748e-05
0.016686 0.00103664 0.00118491 0.00458663 0.032094 0.0972386 0.186563 0.203867 0.0605791 0.013021 0.0200757 0.0536713 0.0779012 0.0559689 0.0262614 0.0178632 0.0228204 0.014326 0.00602243 0.00215801 0.00150878 0.00100808 0.000368234 0.000143629 2.5755e-05 9.73685e-06 3.28341e-06 1.56234e-05
0.0322698 0.00532669 0.0177065 0.0960325 0.421112 0.591006 0.506473 0.481713 0.426415 0.313502 0.60104 0.797468 0.829566 0.827679 0.741558 0.715041 0.605011 0.242911 0.0455184 0.00400943 0.00110743 0.000480002 0.000150932 8.43724e-05 1.9277e-05 1.16903e-05 5.5172e-06 2.35522e-05
0.0666936 0.0166693 0.0707765 0.327452 0.828035 0.94079 0.905455 0.886879 0.925351 0.911545 0.968132 0.98122 0.975375 0.981151 0.973926 0.97773 0.967587 0.759244 0.103313 0.00308384 0.000644651 0.000263348 0.000116197 0.000109114 2.63794e-05 1.3405e-05 6.70757e-06 2.46913e-05
0.0577708 0.00654247 0.0169082 0.120154 0.707837 0.937697 0.962772 0.967517 0.973922 0.964383 0.947991 0.883025 0.719748 0.724927 0.803076 0.949166 0.987776 0.910621 0.110895 0.00203541 0.000484817 0.000269544 0.000153965 0.00014659 2.8244e-05 1.01665e-05 5.28728e-06 1.89172e-05
0.0221209 0.000953504 0.00190368 0.0144404 0.239274 0.657805 0.853541 0.895713 0.812185 0.624386 0.198859 0.0310211 0.00696496 0.00990585 0.0915127 0.717365 0.979431 0.926129 0.102185 0.00205277 0.000408565 0.000199719 0.000153333 0.000149865 3.2317e-05 1.31137e-05 7.92993e-06 2.06484e-05
0.00856456 0.000284574 0.000542851 0.00239646 0.0191544 0.082977 0.243618 0.318074 0.168149 0.0404078 0.00517432 0.000687253 0.000371581 0.00248988 0.0780878 0.804809 0.97181 0.859799 0.0951591 0.00323146 0.000834513 0.000335654 0.000216069 0.000192243 5.65725e-05 2.47531e-05 1.51218e-05 2.91033e-05
0.00666545 0.000191961 0.000180359 0.000426703 0.00162783 0.00535977 0.0132953 0.0202463 0.0257046 0.0118478 0.00579591 0.00400987 0.00710181 0.0594534 0.57383 0.954435 0.96568 0.825633 0.234033 0.0285459 0.00639127 0.00110374 0.000410252 0.000190686 6.79677e-05 3.15873e-05 1.62342e-05 3.19972e-05
0.00629763 0.000133575 4.08923e-05 8.36898e-05 0.000489696 0.00128531 0.00294781 0.0113035 0.0483334 0.0811066 0.148341 0.287029 0.617024 0.881973 0.973734 0.987559 0.965288 0.893937 0.699683 0.391874 0.0874108 0.00650938 0.00141836 0.000409667 0.000104158 3.97504e-05 1.45344e-05 2.93009e-05
0.00416093 7.04001e-05 4.36931e-05 0.000174365 0.000820104 0.00194939 0.00951618 0.115996 0.598536 0.818104 0.915057 0.945129 0.979129 0.987703 0.987988 0.98532 0.952239 0.934872 0.949416 0.935705 0.733827 0.181423 0.0236061 0.00307822 0.000430411 5.58904e-05 1.62796e-05 3.22386e-05
0.00317067 9.80921e-05 0.000271529 0.00142585 0.00436069 0.013292 0.114543 0.708792 0.953752 0.97166 0.974066 0.965725 0.943872 0.913367 0.835237 0.757945 0.769605 0.873143 0.960807 0.978909 0.959204 0.859277 0.396893 0.0315584 0.00152556 6.5532e-05 1.50309e-05 3.069e-05
0.00257229 7.55695e-05 0.000192652 0.00121338 0.0102032 0.0846144 0.458385 0.854467 0.939268 0.914041 0.819696 0.570828 0.243499 0.107952 0.0449785 0.035848 0.110972 0.331708 0.675342 0.879541 0.949558 0.976999 0.901954 0.212771 0.00348917 6.06713e-05 1.51736e-05 2.72874e-05
0.00225118 3.259e-05 3.05406e-05 0.000519008 0.0164627 0.193344 0.392262 0.480704 0.558416 0.434429 0.239263 0.060075 0.014377 0.0038948 0.00115284 0.0012264 0.00408566 0.0142514 0.0420398 0.175124 0.746295 0.972185 0.945433 0.354187 0.00611846 9.82592e-05 2.4678e-05 3.93601e-05
0.00189968 2.64521e-05 2.90088e-05 0.00136066 0.067079 0.256288 0.118789 0.052791 0.0860626 0.0864186 0.045011 0.0106423 0.00342465 0.00120472 0.000413486 0.000491659 0.000686534 0.00112676 0.00254797 0.0157937 0.373503 0.918284 0.933374 0.598731 0.0325656 0.000816344 0.00017226 0.000119197
0.00209818 5.50602e-05 0.000121769 0.0063078 0.092076 0.0855688 0.0277116 0.0228161 0.122618 0.22563 0.0688185 0.0140364 0.00493896 0.00224736 0.000931881 0.000636354 0.000536552 0.000688851 0.00336294 0.0434666 0.511043 0.936685 0.957208 0.819137 0.18732 0.00639799 0.00108935 0.000344352
0.00258698 0.000126141 0.000555617 0.0175676 0.0592051 0.022082 0.0119242 0.0437468 0.52732 0.849387 0.551494 0.225261 0.0967322 0.0385369 0.0124074 0.00422613 0.004593 0.0123266 0.100387 0.563136 0.923459 0.977967 0.938466 0.600608 0.0862989 0.0039921 0.000879372 0.000363253
0.00338015 0.000302867 0.0016548 0.0234641 0.0431522 0.0126797 0.00970589 0.0613614 0.589282 0.906009 0.884644 0.834752 0.770938 0.558545 0.335604 0.188007 0.235086 0.544134 0.798632 0.941938 0.972885 0.928606 0.429048 0.0315267 0.00354283 0.000546905 0.000304443 0.000291684
0.00386312 0.00024738 0.000754789 0.00591611 0.0104803 0.00474283 0.00507747 0.0294753 0.276695 0.706203 0.884052 0.932283 0.937752 0.908771 0.890364 0.892423 0.920471 0.954208 0.951353 0.952307 0.864501 0.306956 0.0151138 0.000925392 0.000318531 0.000286108 0.000562161 0.000581695
0.00318161 7.78799e-05 7.77018e-05 0.000480909 0.00131215 0.000990696 0.00162322 0.00866838 0.0640036 0.304083 0.594586 0.715051 0.778083 0.770952 0.804105 0.873573 0.907101 0.92156 0.876273 0.730735 0.202905 0.00925826 0.000909037 0.00025874 0.000326592 0.00130854 0.00301392 0.00138484
0.00202629 2.60604e-05 1.50718e-05 8.89726e-05 0.000254734 0.000198518 0.000809119 0.00775878 0.0375351 0.110374 0.115654 0.0732305 0.0943818 0.101341 0.109653 0.157853 0.209108 0.281828 0.304758 0.145233 0.00941067 0.000426587 0.000102577 9.14164e-05 0.000330647 0.00213976 0.00272695 0.00108659
0.00162126 9.5447e-06 5.29997e-06 2.47046e-05 5.43068e-05 6.13946e-05 0.000446739 0.00642449 0.0232568 0.0192021 0.00493223 0.00147197 0.00151214 0.00162123 0.00155159 0.00207343 0.0039161 0.00926327 0.0179436 0.00724742 0.000663381 6.41611e-05 1.94083e-05 2.9857e-05 0.0001025 0.000364542 0.000477763 0.000296976
0.00167737 6.88407e-06 2.68161e-06 7.21817e-06 1.03653e-05 1.63532e-05 0.000154752 0.00143356 0.00323333 0.00124476 0.000163532 4.62025e-05 4.04369e-05 3.96083e-05 4.84977e-05 8.0243e-05 0.00018314 0.000517396 0.00111542 0.00058946 0.000147917 4.03398e-05 1.30738e-05 1.56082e-05 2.42361e-05 3.12275e-05 4.33319e-05 6.25183e-05
0.00328966 3.01697e-05 1.31584e-05 2.136e-05 2.40142e-05 4.26068e-05 0.000222741 0.00084423 0.00114658 0.000487267 0.00011275 5.06102e-05 3.77126e-05 3.882e-05 5.5878e-05 0.00010132 0.000245213 0.000553271 0.00112312 0.000764109 0.00044578 0.000222313 6.83678e-05 3.99237e-05 4.17955e-05 3.27104e-05 2.94146e-05 9.85725e-05
0.0168543 0.00151349 0.00117792 0.00107755 0.000991171 0.00125011 0.00204122 0.00326848 0.00326266 0.00218368 0.00147969 0.0012496 0.00105892 0.00107413 0.00135934 0.00186779 0.00266113 0.00392321 0.00502087 0.00449181 0.00488334 0.0035195 0.00193759 0.00115014 0.00135905 0.00112438 0.000975929 0.0035792
