0.0244514 0.00252439 0.00201992 0.001791 0.00173888 0.00092797 0.000687817 0.000869815 0.00172636 0.00290396 0.00312536 0.00181118 0.00082705 0.000446541 0.000322991 0.000532799 0.000878836 0.00102671 0.00132998 0.00140105 0.00113316 0.00115901 0.00143056 0.00182119 0.0012981 0.000773283 0.000616713 0.00204575
0.007487 0.000280015 0.000277033 0.000333097 0.000332918 0.000124547 0.000105593 0.000258456 0.000581447 0.00075335 0.000618951 0.000203204 4.98701e-05 2.1108e-05 2.01832e-05 4.3163e-05 7.2087e-05 9.06479e-05 0.00017193 0.000260627 0.000280427 0.000340799 0.000463679 0.000511307 0.000164506 6.39955e-05 3.02677e-05 0.000109955
0.00693559 0.00053478 0.000745756 0.00111538 0.00118659 0.000498468 0.000949515 0.00288002 0.00331276 0.00329985 0.00242013 0.000684528 0.000141048 5.68843e-05 6.95643e-05 0.000171538 0.000261979 0.000395469 0.000863836 0.00173379 0.00241255 0.00242017 0.00225143 0.00105625 0.000124794 3.19458e-05 2.19139e-05 7.67034e-05
0.00474436 0.000370245 0.00071613 0.00147958 0.00142552 0.000666908 0.00242829 0.0173302 0.0312313 0.0668557 0.0760078 0.0322071 0.00957784 0.00326608 0.00396895 0.00803799 0.010643 0.0102394 0.00799081 0.00574078 0.00322555 0.00117863 0.000823465 0.000453429 6.86808e-05 2.76728e-05 2.15302e-05 4.88801e-05
0.00501162 0.000427713 0.00157185 0.00345043 0.00284656 0.00143783 0.008248 0.160228 0.469966 0.756583 0.817495 0.768907 0.730449 0.578423 0.611548 0.682832 0.588939 0.364985 0.148567 0.0423728 0.00889503 0.00161777 0.000912353 0.000806949 0.000170217 6.32537e-05 2.72127e-05 3.80768e-05
0.00431383 0.000296105 0.00129893 0.00268078 0.00169572 0.00123652 0.0108035 0.291062 0.816379 0.940803 0.945091 0.930906 0.946269 0.938483 0.948451 0.951335 0.874505 0.732404 0.613239 0.310581 0.0311991 0.0023691 0.000897242 0.000440127 0.000101487 5.03299e-05 1.47306e-05 3.10202e-05
0.00396426 0.000177423 0.000482361 0.000825326 0.000717677 0.000770269 0.00765521 0.306219 0.8706 0.93267 0.859818 0.683542 0.630896 0.588818 0.648031 0.604701 0.433944 0.543046 0.83939 0.836924 0.174604 0.00598201 0.00113887 0.000233129 4.176e-05 3.19971e-05 9.92523e-06 2.6507e-05
0.0027091 5.83032e-05 6.756e-05 0.000108276 0.000236142 0.000505444 0.0047207 0.151441 0.670852 0.681177 0.268543 0.0455997 0.0147319 0.0112151 0.0177946 0.0191128 0.0182716 0.106396 0.763157 0.952103 0.698776 0.0624162 0.00330515 0.000187837 3.64498e-05 3.58442e-05 1.23886e-05 2.70157e-05
0.00244478 2.6557e-05 1.37337e-05 3.19242e-05 0.000118057 0.000282156 0.00182551 0.0322038 0.15673 0.10613 0.0154751 0.00128889 0.000337803 0.000318152 0.000456863 0.000588337 0.00123727 0.0160174 0.341459 0.914475 0.918194 0.371601 0.0135612 0.00034912 7.02062e-05 5.87051e-05 1.90185e-05 2.72579e-05
0.00354381 3.99487e-05 1.24945e-05 2.70113e-05 0.000128705 0.000184277 0.000643124 0.00614421 0.0125966 0.00533163 0.00112049 0.000159924 7.00887e-05 7.35244e-05 7.45901e-05 8.99738e-05 0.000199728 0.00251417 0.0563683 0.741796 0.965051 0.775645 0.0455457 0.00108223 0.000255472 0.000127646 2.94911e-05 2.96733e-05
0.00653193 0.00010619 3.64165e-05 5.25531e-05 0.000153679 0.000183277 0.000485434 0.0022042 0.00243588 0.00102111 0.000382846 0.000134187 7.82942e-05 7.05382e-05 5.29302e-05 4.66541e-05 0.000100345 0.0008128 0.01558 0.526798 0.967755 0.892782 0.0972844 0.00268277 0.000566818 0.000195513 3.41386e-05 3.27774e-05
0.0171891 0.000622702 0.000262608 0.000209905 0.000296479 0.000207953 0.000419071 0.00100607 0.000644776 0.000266824 0.000131438 7.38984e-05 5.77169e-05 6.12771e-05 4.16707e-05 3.12848e-05 7.17962e-05 0.000473021 0.00572405 0.290545 0.95534 0.915655 0.189963 0.00705053 0.000643271 0.000120698 2.04484e-05 2.66878e-05
0.023131 0.00152997 0.00102707 0.000585161 0.000629009 0.000291643 0.000343001 0.000494899 0.000263977 0.000111258 6.76209e-05 4.8034e-05 4.33976e-05 5.08768e-05 2.76951e-05 2.1489e-05 5.01401e-05 0.000258691 0.00357557 0.294059 0.942355 0.879058 0.198089 0.007422 0.000410058 5.35929e-05 1.1314e-05 1.95637e-05
0.0216429 0.00156686 0.00127815 0.000688495 0.000679646 0.000339753 0.000436687 0.000573993 0.000272844 0.000120033 9.13771e-05 7.78223e-05 7.82328e-05 8.43553e-05 3.57723e-05 2.06332e-05 3.57277e-05 0.000260321 0.0112386 0.572461 0.912756 0.602268 0.0582018 0.00324322 0.000347755 7.47419e-05 1.7306e-05 1.92955e-05
0.0180921 0.0010176 0.000795313 0.000516315 0.00058043 0.000407454 0.000565914 0.000617046 0.000308282 0.000208118 0.000246535 0.000260259 0.000255452 0.000176936 5.02587e-05 1.75662e-05 2.76645e-05 0.000950902 0.163578 0.931345 0.918008 0.24286 0.0124245 0.00167356 0.00051432 0.000163473 3.14674e-05 2.44311e-05
0.0131588 0.000594651 0.000460443 0.000421878 0.00063578 0.000602836 0.000666685 0.00063857 0.000563966 0.000698055 0.000713398 0.000539661 0.000468871 0.000240446 4.83374e-05 1.69183e-05 5.55626e-05 0.00668627 0.739936 0.981323 0.884366 0.106582 0.00543497 0.0010249 0.000426383 0.000157134 3.56291e-05 3.41232e-05
0.00950137 0.000391366 0.000276377 0.000340658 0.000703769 0.000752462 0.000731566 0.000876951 0.00174819 0.00276644 0.00206408 0.00146551 0.00129158 0.000509539 8.77941e-05 5.77724e-05 0.000583091 0.115701 0.940144 0.966285 0.659349 0.0432618 0.00396267 0.00104726 0.000310267 0.000115647 3.08562e-05 3.93944e-05
0.00759191 0.00032939 0.000235528 0.000431327 0.00134008 0.00196784 0.00220645 0.00381657 0.0161303 0.0413657 0.0447387 0.0589047 0.0463433 0.0117245 0.00157873 0.00148189 0.0309939 0.747417 0.968343 0.875185 0.361383 0.0327532 0.00466265 0.00128245 0.0002666 8.88879e-05 1.84634e-05 3.23791e-05
0.00879653 0.000440089 0.00033527 0.00107881 0.00466526 0.00785794 0.0174422 0.0344933 0.152211 0.454563 0.553732 0.704991 0.688902 0.360228 0.104154 0.139543 0.661219 0.967189 0.950711 0.466651 0.104612 0.0196749 0.00350111 0.000909747 0.000163365 5.319e-05 8.9524e-06 2.33707e-05
0.00523127 0.000214273 0.000260845 0.00186722 0.00884506 0.0179598 0.0682401 0.145598 0.376915 0.705178 0.735712 0.848888 0.921088 0.903199 0.818574 0.840618 0.956228 0.977937 0.772061 0.0620235 0.00900948 0.00245728 0.000877755 0.000341377 5.40442e-05 2.12011e-05 5.09029e-06 2.05171e-05
0.00253682 8.30617e-05 0.000167621 0.00182923 0.00730429 0.0263847 0.148263 0.285362 0.337548 0.378054 0.235444 0.277916 0.58057 0.806643 0.881077 0.921397 0.953832 0.919321 0.371108 0.0143785 0.00202868 0.000680457 0.000298866 0.000120515 2.26168e-05 1.2686e-05 5.26696e-06 2.51253e-05
0.00277979 0.000102119 0.000380188 0.00487957 0.0183885 0.0737919 0.33502 0.487485 0.340254 0.24514 0.117221 0.0956446 0.257103 0.505925 0.727058 0.824978 0.880231 0.877572 0.553351 0.0755112 0.00845733 0.00129522 0.000302675 7.6128e-05 1.32023e-05 9.83776e-06 7.69061e-06 3.41909e-05
0.0047868 0.000339381 0.00144036 0.0135519 0.0519644 0.119145 0.289455 0.432604 0.478644 0.60139 0.64331 0.69395 0.787367 0.796236 0.737368 0.629051 0.644289 0.834041 0.877558 0.56347 0.0777546 0.00383172 0.000505268 8.69651e-05 1.59413e-05 1.45844e-05 1.38036e-05 4.17378e-05
0.00811461 0.000754826 0.00146425 0.00604573 0.0195165 0.0255552 0.0403882 0.0780318 0.293962 0.669494 0.824708 0.870985 0.829733 0.686284 0.328096 0.123405 0.154282 0.520471 0.820516 0.648455 0.133942 0.00908668 0.00135775 0.000326284 9.14364e-05 6.75436e-05 4.80145e-05 6.16622e-05
0.0113821 0.000318819 0.000155463 0.000459571 0.00128485 0.000918175 0.00101958 0.00257431 0.0185333 0.106367 0.151177 0.104151 0.0682236 0.0275589 0.00756926 0.00350284 0.00890832 0.0528238 0.0834081 0.0427297 0.015041 0.00302395 0.000952613 0.000673435 0.000364001 0.000217356 0.000114433 7.64728e-05
0.00468748 3.7263e-05 1.75806e-05 8.77909e-05 0.000182423 8.64311e-05 6.24611e-05 0.000142176 0.00124376 0.00566054 0.00293164 0.000760125 0.000519934 0.000301684 0.000216137 0.000259386 0.000633572 0.0018266 0.00110811 0.000526873 0.000415446 0.000213656 0.000173678 0.000316799 0.000277533 0.000140401 6.56479e-05 5.17442e-05
0.00249765 3.2905e-05 6.46737e-05 0.000369866 0.000337078 0.000136176 9.08577e-05 0.000190254 0.00132916 0.00293643 0.000714625 0.000171783 0.000150086 0.000157862 0.000198994 0.000309424 0.000447643 0.000536623 0.000391899 0.000251285 0.000214257 0.000181672 0.000255079 0.00042103 0.000358229 0.000165452 6.93303e-05 0.000105671
0.0122326 0.00119039 0.00227845 0.00415832 0.00327946 0.00201322 0.00147785 0.00197856 0.00467468 0.00516088 0.00199166 0.00106459 0.00118386 0.00140424 0.00184251 0.00230725 0.0023301 0.00225452 0.00218196 0.00192912 0.00198464 0.00213841 0.00263092 0.0030619 0.00311187 0.00201471 0.00155818 0.00375944
