0.00871447 0.00030266 0.000161369 0.000358973 0.000824216 0.00083398 0.00105911 0.00152102 0.00153789 0.00121639 0.00127711 0.00136234 0.00158284 0.00239343 0.00194948 0.00201862 0.00370902 0.00401666 0.00280791 0.00349592 0.00395263 0.00242918 0.00111262 0.000561156 0.000664468 0.000766332 0.000593138 0.00170117
0.00264012 1.99821e-05 1.60191e-05 5.13851e-05 9.82638e-05 8.33967e-05 0.000182122 0.000344778 0.000272945 0.000177093 0.000183465 0.0001847 0.000248383 0.000395233 0.000201555 0.000146933 0.000253443 0.000315238 0.000446035 0.00126395 0.00186195 0.0009072 0.000217697 6.067e-05 6.60033e-05 6.77118e-05 2.96131e-05 8.85074e-05
0.00333742 5.08744e-05 4.82354e-05 0.000124104 0.000160485 0.000154016 0.0005122 0.00091853 0.000567118 0.000364963 0.000375419 0.000368335 0.000484786 0.000485717 0.00017299 7.99065e-05 0.000104736 0.000281576 0.001254 0.00727283 0.0106743 0.002635 0.000399791 9.2793e-05 5.2503e-05 4.33008e-05 1.81941e-05 6.09355e-05
0.00227709 3.35021e-05 2.99527e-05 9.40911e-05 0.000163274 0.000232306 0.000637123 0.000785364 0.000556931 0.000378755 0.000255656 0.000161438 0.000181714 0.00014009 5.41248e-05 3.58109e-05 4.86853e-05 0.000179081 0.00105013 0.00434103 0.00366357 0.000645469 0.000167152 7.49096e-05 2.91169e-05 2.07868e-05 9.22895e-06 3.35413e-05
0.00159061 1.69484e-05 2.00042e-05 0.000142178 0.000559554 0.000915497 0.00134438 0.00132426 0.00139362 0.000976468 0.000480319 0.000244637 0.000240401 0.000190547 8.14213e-05 7.15079e-05 0.000123901 0.00048299 0.00303921 0.00743425 0.00291636 0.000468849 0.00020495 0.000168299 4.88626e-05 2.4203e-05 8.19999e-06 2.08775e-05
0.00130321 1.03996e-05 1.12056e-05 9.11855e-05 0.000474081 0.000854523 0.00106524 0.00102789 0.0011504 0.000859026 0.000509526 0.00032031 0.000305045 0.000201791 0.000104065 0.000100139 0.000147018 0.000718699 0.00742241 0.0193447 0.00468508 0.000456095 0.000159726 0.000161102 7.00701e-05 3.55476e-05 1.64783e-05 2.2185e-05
0.00125782 9.43229e-06 1.00695e-05 8.83038e-05 0.000353164 0.000625579 0.00102091 0.000961135 0.00110973 0.0015007 0.00151906 0.0010147 0.000669177 0.000292106 0.000159175 0.000170244 0.000241806 0.00213408 0.0400477 0.100817 0.0219604 0.00122996 0.000286074 0.000341981 0.000277009 0.000154415 6.04606e-05 4.12015e-05
0.00134873 1.29038e-05 1.34714e-05 0.000137655 0.000747988 0.00135631 0.00151166 0.00143125 0.00366283 0.014172 0.0225983 0.0107504 0.00258462 0.000416089 0.000177292 0.000210329 0.000414155 0.00818271 0.207853 0.347922 0.0844241 0.0055061 0.00196913 0.00497096 0.00622414 0.00268566 0.000828426 0.000189252
0.00171876 2.79572e-05 3.22425e-05 0.000337219 0.00196109 0.00250403 0.00212859 0.00268653 0.0126509 0.108954 0.182868 0.0561647 0.00575131 0.000271011 0.000101459 0.00017461 0.000537246 0.0234885 0.413669 0.407729 0.117025 0.0180272 0.0135627 0.0637519 0.0980699 0.0411523 0.00955097 0.000862875
0.00313395 8.55542e-05 0.000105771 0.000716828 0.00234657 0.0019273 0.00173193 0.00478598 0.0385746 0.378856 0.539516 0.141766 0.00674871 0.00021925 0.000116679 0.000338567 0.00268875 0.152835 0.673036 0.374872 0.0767645 0.0162172 0.0175666 0.0825238 0.102967 0.0311438 0.00488338 0.000595507
0.0049794 0.000181656 0.000220016 0.000854181 0.00170846 0.00110228 0.0015155 0.00932511 0.0899439 0.547801 0.641435 0.134617 0.00528608 0.000353382 0.000390477 0.0020397 0.0253015 0.507377 0.752069 0.22573 0.0328195 0.00757978 0.00577265 0.0166613 0.0118296 0.00227406 0.000358922 0.000112726
0.00435313 0.00011568 0.000108087 0.000345827 0.000727231 0.000612812 0.0012595 0.012168 0.127325 0.569691 0.543812 0.103029 0.0100684 0.00223314 0.00230197 0.00775617 0.105186 0.64846 0.612652 0.101097 0.0181485 0.00520086 0.00241981 0.00296674 0.00116081 0.000228049 4.61428e-05 3.66547e-05
0.00265893 4.45078e-05 3.215e-05 0.000122674 0.000369522 0.000408808 0.000941793 0.00987113 0.115127 0.446775 0.361665 0.108977 0.0382409 0.0184067 0.0131314 0.0237354 0.191307 0.598823 0.393256 0.0611251 0.0131918 0.00382508 0.00163697 0.00113408 0.000277961 7.75569e-05 2.93406e-05 4.00008e-05
0.00387045 8.38156e-05 4.70221e-05 0.000162756 0.000489886 0.000423166 0.00118373 0.0129591 0.110891 0.434769 0.499805 0.372984 0.281481 0.197487 0.145351 0.174008 0.288168 0.370062 0.163962 0.0267671 0.00953194 0.00252672 0.000938654 0.000463834 8.53893e-05 3.63031e-05 2.53323e-05 3.91852e-05
0.00788681 0.000233201 0.000105699 0.000257659 0.000645695 0.000563938 0.00260404 0.034866 0.221536 0.698173 0.862516 0.823121 0.756118 0.76606 0.76825 0.652679 0.421154 0.352727 0.202126 0.0421103 0.00864187 0.00130855 0.000568386 0.000257232 5.50453e-05 2.92579e-05 1.90849e-05 2.28549e-05
0.00542132 0.000122921 0.000121021 0.000385676 0.00065894 0.00061969 0.00492552 0.0590074 0.385509 0.809989 0.843893 0.683052 0.585778 0.752324 0.827718 0.806058 0.713599 0.780423 0.726765 0.202042 0.0119056 0.000668324 0.000256822 0.000212539 0.000142164 0.000104782 3.46029e-05 1.93461e-05
0.00228127 5.29258e-05 0.000139674 0.00064524 0.00100253 0.00134054 0.0107128 0.0924481 0.357439 0.477902 0.184286 0.0435216 0.0523599 0.128473 0.236373 0.565788 0.817899 0.937537 0.861419 0.144674 0.00657299 0.000378668 0.000125482 0.00026578 0.000527264 0.000393245 7.54361e-05 2.51589e-05
0.00211375 5.016e-05 0.000147423 0.000941003 0.00351008 0.0114153 0.0590978 0.186165 0.241153 0.0900284 0.0079762 0.00149364 0.00232262 0.00595573 0.0379294 0.467464 0.891892 0.929839 0.513106 0.0184638 0.00183941 0.000421625 0.000148922 0.00027504 0.000601444 0.00035014 8.09439e-05 3.59349e-05
0.00246051 6.64752e-05 0.000129508 0.00206574 0.0239585 0.11292 0.208015 0.175424 0.103642 0.0167754 0.00136814 0.000410184 0.000724278 0.00270675 0.0417119 0.703341 0.948131 0.812748 0.0881748 0.00266877 0.00076433 0.000449867 0.000169586 0.000163858 0.000208293 0.000144932 6.57824e-05 5.10125e-05
0.00355073 0.000116761 0.000171348 0.00310276 0.046728 0.138442 0.0953668 0.0292871 0.00913674 0.0019778 0.000693101 0.000660385 0.00121859 0.0051449 0.0814291 0.735084 0.899923 0.469168 0.0169427 0.000725999 0.000263357 0.000143382 8.03435e-05 0.000137362 0.00019759 0.000211847 0.00014028 8.88955e-05
0.00476675 0.000149879 0.000165453 0.00139014 0.0090742 0.0117084 0.00575643 0.00167037 0.000822899 0.000685898 0.0010214 0.00196299 0.00283284 0.0103852 0.126185 0.761101 0.856207 0.279235 0.012926 0.00077884 0.000154553 6.26848e-05 6.25737e-05 0.000245549 0.000534582 0.000540519 0.00032261 0.000141614
0.00528653 0.000142653 7.53192e-05 0.000266166 0.00104744 0.000998814 0.000614401 0.000326031 0.000339733 0.00065119 0.0016739 0.00389276 0.00662456 0.0279737 0.199864 0.792962 0.855891 0.269335 0.0171393 0.00101324 0.000163311 5.67444e-05 6.10354e-05 0.000210898 0.000284993 0.000218757 0.0001467 0.000111822
0.00440906 7.4513e-05 3.20724e-05 0.000109023 0.000527887 0.000691957 0.000460276 0.000328798 0.000618557 0.00134084 0.00295043 0.00809884 0.0212043 0.0941177 0.339579 0.821585 0.863737 0.343358 0.0290339 0.00144791 0.000235294 6.06935e-05 5.47145e-05 0.000124878 7.94472e-05 5.79712e-05 4.39917e-05 5.58997e-05
0.00289469 3.49424e-05 2.01479e-05 9.22084e-05 0.000386468 0.000418737 0.000293358 0.000238256 0.000479367 0.0011645 0.00408087 0.0155732 0.0293332 0.0766982 0.298567 0.833433 0.907478 0.654424 0.153828 0.00792317 0.000770688 0.000143531 0.000127583 0.000259281 0.000146772 9.55173e-05 4.08588e-05 3.61159e-05
0.00242131 1.87021e-05 1.18344e-05 4.88899e-05 0.000137821 9.91647e-05 6.27949e-05 4.72812e-05 7.64988e-05 0.000274626 0.00205086 0.00689876 0.00567352 0.0117697 0.080897 0.534328 0.779489 0.656434 0.28024 0.0161902 0.00110748 0.000247093 0.000188655 0.00044035 0.000338911 0.000142133 3.94629e-05 2.71041e-05
0.00212109 1.07321e-05 5.57997e-06 1.67732e-05 3.71742e-05 2.94071e-05 1.75574e-05 1.36601e-05 2.17916e-05 7.84876e-05 0.000507211 0.00102499 0.000651094 0.00145331 0.0109949 0.0753277 0.144368 0.101568 0.0426815 0.0036265 0.000306688 0.000119488 0.000109987 0.000224387 0.00016062 4.1578e-05 1.44395e-05 1.72992e-05
0.00363197 3.87231e-05 2.39717e-05 4.45771e-05 7.74277e-05 8.02532e-05 4.51685e-05 3.92796e-05 6.30696e-05 0.000165181 0.000467061 0.000692051 0.00048662 0.000916444 0.00411366 0.0126364 0.0141426 0.00886498 0.00574735 0.0012129 0.000267191 0.000171127 0.000209436 0.000278449 0.000149938 4.80428e-05 2.23444e-05 5.34051e-05
0.0171701 0.00155664 0.0012659 0.00133311 0.00162468 0.00175898 0.0012957 0.00115789 0.00149915 0.00234819 0.00306409 0.00305129 0.00271493 0.00339761 0.00651783 0.0101993 0.00786246 0.0060617 0.00602528 0.00346805 0.00218953 0.00199145 0.00224484 0.00253475 0.0020887 0.00125795 0.00109748 0.0031657
