0.00727729 0.000184541 8.3546e-05 0.00020248 0.000703495 0.00105307 0.000997511 0.00180786 0.00373699 0.00501299 0.00263906 0.00105109 0.00118095 0.00187921 0.0032752 0.00427621 0.00278575 0.00133488 0.00084391 0.00101055 0.00177825 0.00183509 0.00111774 0.00100218 0.00161321 0.00121414 0.000560802 0.00108901
0.0020004 9.93163e-06 3.49399e-06 1.05482e-05 6.2139e-05 0.000126598 0.000142064 0.000398415 0.00126519 0.00200204 0.00086022 0.000430229 0.00101344 0.0020573 0.00309362 0.00231183 0.000686113 0.000169239 8.66427e-05 0.000152859 0.000313691 0.000301056 0.000203741 0.000224082 0.000266136 0.000125834 4.61655e-05 7.72074e-05
0.00237019 1.42923e-05 3.89177e-06 1.35744e-05 0.000109289 0.000278545 0.000494803 0.00155712 0.00458378 0.00595673 0.00437088 0.00835152 0.0350085 0.0519362 0.0307769 0.0067734 0.00115519 0.000293886 0.00023238 0.000622113 0.000842622 0.000660951 0.000656041 0.000782203 0.000389555 0.000139735 0.000121142 0.000160659
0.001684 9.68312e-06 2.52135e-06 1.0093e-05 6.85726e-05 0.00015184 0.000370463 0.00109965 0.0018427 0.00407164 0.016909 0.132147 0.468235 0.407215 0.104222 0.0070482 0.000577386 0.00014994 0.000222524 0.000756407 0.000725539 0.000486421 0.000646745 0.00101699 0.00053894 0.000270038 0.000299709 0.000199505
0.00146832 7.41179e-06 2.99209e-06 1.48265e-05 6.52792e-05 0.000119014 0.000414774 0.00107789 0.00211643 0.0159904 0.217756 0.76491 0.83734 0.587578 0.134724 0.0060233 0.000600704 0.000272247 0.000698682 0.00302771 0.00278655 0.00157919 0.00164176 0.00317687 0.00265744 0.00131177 0.000560782 0.00013052
0.0017747 1.0199e-05 5.17598e-06 1.98657e-05 4.84772e-05 5.91715e-05 0.000166976 0.000463797 0.00218312 0.0526321 0.575643 0.822644 0.575742 0.118895 0.0112531 0.000954527 0.000261936 0.00038017 0.00264279 0.0122033 0.00605993 0.00174416 0.00140433 0.00275355 0.0034722 0.00178472 0.000374191 7.27225e-05
0.00227853 1.72715e-05 7.34977e-06 1.86753e-05 3.35205e-05 3.62484e-05 0.000113842 0.000494426 0.0061066 0.293704 0.845771 0.722729 0.159491 0.00752956 0.000667523 0.000284862 0.000348507 0.00138801 0.0164704 0.05168 0.0155579 0.00260882 0.00207239 0.00438877 0.00480021 0.00161508 0.000237284 5.34544e-05
0.00323467 3.397e-05 1.18066e-05 2.30249e-05 5.23897e-05 8.46561e-05 0.000234792 0.00150072 0.0585575 0.771783 0.884561 0.355803 0.0134607 0.000553386 0.000121382 0.000240127 0.000850214 0.00438861 0.0430401 0.0887259 0.0253208 0.00473085 0.00397545 0.00675573 0.00600166 0.00110514 0.000140993 5.2713e-05
0.00429366 5.45013e-05 1.76033e-05 3.84956e-05 0.000166338 0.000419936 0.00111895 0.0116465 0.346646 0.887899 0.75713 0.0730666 0.00199764 0.000149481 0.000124757 0.00063683 0.00328889 0.0154721 0.0645514 0.0889922 0.0372551 0.0157925 0.0174481 0.0170007 0.00463784 0.00042658 5.29463e-05 4.35222e-05
0.00334462 4.02018e-05 1.42037e-05 5.01353e-05 0.000529691 0.00300621 0.0120189 0.139003 0.758628 0.901926 0.567027 0.0341412 0.00137714 0.000208682 0.000414831 0.00340295 0.0453587 0.299264 0.476563 0.458567 0.361667 0.279416 0.191524 0.0456079 0.00212805 7.52291e-05 1.01112e-05 2.12151e-05
0.00263576 3.21904e-05 1.88509e-05 0.000109843 0.00134887 0.0102281 0.0394467 0.30741 0.828067 0.827377 0.326269 0.016235 0.001664 0.000979052 0.00505174 0.0726404 0.593033 0.916473 0.925151 0.890921 0.854866 0.848088 0.602876 0.0551569 0.000969819 2.20158e-05 3.46573e-06 1.2911e-05
0.00287414 4.2799e-05 3.95408e-05 0.000269178 0.00241305 0.0120437 0.0320635 0.216111 0.768601 0.72139 0.125675 0.00932309 0.00502014 0.0201844 0.282567 0.794804 0.959001 0.967546 0.885077 0.846709 0.884784 0.938216 0.827854 0.129555 0.00185209 3.10355e-05 6.65069e-06 1.59646e-05
0.00400239 9.25196e-05 9.04835e-05 0.000424061 0.00258297 0.00685762 0.0158222 0.139264 0.748332 0.690147 0.109551 0.0354819 0.0890348 0.537454 0.943231 0.958317 0.923361 0.66304 0.167036 0.195091 0.543709 0.854414 0.830922 0.28435 0.00702478 0.000101998 2.19748e-05 2.96879e-05
0.006496 0.000180796 0.00014187 0.000355598 0.00151853 0.00411879 0.0141621 0.161826 0.778181 0.761503 0.304351 0.424978 0.853986 0.956006 0.950412 0.655421 0.126587 0.0133798 0.00279405 0.00824792 0.0831642 0.470733 0.79065 0.568161 0.0251955 0.000255229 4.11373e-05 4.39519e-05
0.00958242 0.000247148 0.000137495 0.000223833 0.00114281 0.00665727 0.0479362 0.365845 0.79756 0.683 0.32116 0.713203 0.967612 0.967929 0.675461 0.0333973 0.00132479 0.000171737 0.000213478 0.00251438 0.0342922 0.379549 0.84646 0.639125 0.0190943 0.00017816 3.06274e-05 4.13594e-05
0.0123505 0.00030452 0.000110521 0.000140046 0.00094067 0.00766013 0.0784273 0.502527 0.77582 0.55001 0.23708 0.576828 0.936626 0.917905 0.271993 0.00631438 0.00019449 2.45033e-05 8.35833e-05 0.00205662 0.0520142 0.515373 0.766197 0.222198 0.00232467 4.81669e-05 1.48783e-05 3.1681e-05
0.0117107 0.000253597 6.60804e-05 7.14049e-05 0.000603787 0.00549318 0.0644608 0.528987 0.754284 0.371302 0.121361 0.392055 0.86584 0.885603 0.36538 0.0131225 0.000441199 6.70837e-05 0.000296467 0.0115044 0.266312 0.675604 0.463477 0.0256853 0.000494168 3.44291e-05 1.44832e-05 3.27475e-05
0.0129731 0.000293383 6.08551e-05 6.01321e-05 0.000360648 0.00294545 0.0805922 0.70177 0.733883 0.181141 0.0432912 0.148363 0.581972 0.780689 0.613494 0.104784 0.00471765 0.00142703 0.0118695 0.25871 0.770527 0.725986 0.215391 0.00984279 0.00058241 7.0946e-05 3.03825e-05 4.69213e-05
0.0124398 0.000291625 5.59585e-05 5.23068e-05 0.000276192 0.00302721 0.134725 0.789786 0.698557 0.180134 0.0695471 0.0907431 0.168926 0.408462 0.639176 0.406329 0.0659658 0.0535109 0.356001 0.829324 0.875926 0.507972 0.0850902 0.00988662 0.00125912 0.000206376 6.46222e-05 6.42103e-05
0.00725261 0.000136001 4.80264e-05 7.72381e-05 0.000423482 0.00470877 0.156561 0.748471 0.760031 0.526785 0.297801 0.15171 0.0911692 0.236973 0.729751 0.827233 0.706708 0.755199 0.898258 0.897664 0.628095 0.12647 0.0319766 0.0093778 0.00103075 0.000127711 3.5603e-05 5.41782e-05
0.00449583 7.54526e-05 5.9306e-05 0.000187237 0.00100031 0.00706876 0.107711 0.639476 0.902368 0.944597 0.848616 0.548095 0.455643 0.594376 0.849254 0.949052 0.953931 0.959806 0.920551 0.549147 0.0873244 0.0148037 0.0128759 0.00625934 0.000290499 3.09547e-05 1.00835e-05 3.15399e-05
0.00358638 5.71469e-05 6.53372e-05 0.000308467 0.00259547 0.0117603 0.0556736 0.326766 0.848269 0.964112 0.960334 0.937012 0.936691 0.911122 0.873933 0.876718 0.85403 0.814801 0.403676 0.0422253 0.00566195 0.00302429 0.00636784 0.00317132 0.000116562 1.9533e-05 5.81058e-06 2.06018e-05
0.00369339 8.44632e-05 8.82491e-05 0.000547988 0.00505025 0.00854562 0.012609 0.0480347 0.259687 0.612883 0.74668 0.84225 0.899806 0.787821 0.45819 0.259858 0.158901 0.099852 0.0215816 0.00295175 0.0014634 0.00223294 0.00272789 0.000885021 5.76481e-05 1.47719e-05 4.13192e-06 1.79609e-05
0.00758958 0.000328633 0.000336391 0.00110428 0.00446252 0.00262392 0.00163157 0.0035418 0.0111001 0.0253984 0.0444209 0.0856427 0.192622 0.131149 0.0298428 0.0135958 0.0102514 0.00717538 0.0023291 0.000748411 0.00110144 0.00164264 0.000678084 0.000171505 2.08185e-05 9.33736e-06 4.33493e-06 2.13158e-05
0.0171249 0.00093054 0.000727181 0.000697603 0.000791656 0.000283048 0.000149385 0.000215545 0.000391832 0.000515196 0.000864626 0.00246905 0.00549706 0.00491638 0.00214636 0.00170202 0.00237047 0.00159507 0.000633173 0.000385352 0.000458173 0.000256926 7.1476e-05 2.29195e-05 5.72838e-06 5.46889e-06 5.7067e-06 2.91548e-05
0.017995 0.000612045 0.000194925 8.48302e-05 6.35424e-05 3.05585e-05 2.43541e-05 2.89173e-05 2.58619e-05 2.62528e-05 7.96519e-05 0.00035853 0.000628891 0.000464934 0.000244397 0.000211784 0.000273968 0.000218259 0.000195733 0.000196214 9.93647e-05 2.64828e-05 7.23655e-06 3.87584e-06 2.33568e-06 3.50666e-06 7.77221e-06 4.00357e-05
0.0188978 0.000583793 0.000137003 5.26706e-05 6.50197e-05 6.71473e-05 6.82628e-05 7.26676e-05 4.45018e-05 5.28245e-05 0.000252776 0.0008397 0.000831919 0.000484399 0.000251835 0.000184573 0.000186471 0.000197572 0.000403763 0.000453916 0.000137515 3.42699e-05 1.72048e-05 1.5365e-05 1.36107e-05 1.94987e-05 3.45986e-05 0.00015875
0.033175 0.00389816 0.00166606 0.000923698 0.00122297 0.00154597 0.0019672 0.00215524 0.00139472 0.00150827 0.0035055 0.00542702 0.00420164 0.00293296 0.00242309 0.00222741 0.00184676 0.00184251 0.00336429 0.00374093 0.00189083 0.00101116 0.00102195 0.00107109 0.00113193 0.00122109 0.00158634 0.00582597
