0.00744673 0.000170269 7.62592e-05 0.000140438 0.000339056 0.000387118 0.000469213 0.000663895 0.000965123 0.000900158 0.000616584 0.000840653 0.00204673 0.0028649 0.00156181 0.000829117 0.000499408 0.000370149 0.000447583 0.00042076 0.000447853 0.000972335 0.00217049 0.00330277 0.00247089 0.00132154 0.000751846 0.00204954
0.00196715 8.42856e-06 3.51722e-06 8.83291e-06 2.88072e-05 4.0953e-05 7.07155e-05 0.000134938 0.000193536 0.000128705 5.86501e-05 7.70088e-05 0.000242654 0.000228065 0.000101053 5.88835e-05 3.38728e-05 2.92977e-05 3.14813e-05 2.75538e-05 4.12892e-05 0.000121095 0.000210047 0.000249418 0.000199893 8.41326e-05 3.62155e-05 0.000132003
0.00206391 1.23221e-05 4.53882e-06 1.24741e-05 4.39693e-05 8.12101e-05 0.000157845 0.000318143 0.000408305 0.000237938 0.000167834 0.000210021 0.000330695 0.000158495 6.70208e-05 5.51828e-05 3.97349e-05 4.06869e-05 3.38948e-05 3.23467e-05 9.90685e-05 0.000354798 0.000401566 0.000250205 0.000105968 4.34426e-05 2.62323e-05 0.000108301
0.0017014 1.25442e-05 3.90886e-06 1.30154e-05 5.09701e-05 0.000113592 0.00022638 0.000372759 0.000410449 0.000379957 0.000662405 0.000748177 0.000370068 7.54687e-05 4.11474e-05 5.01656e-05 5.24747e-05 8.75128e-05 8.80033e-05 8.1869e-05 0.000183372 0.000543932 0.0007307 0.00038865 0.000100846 3.15108e-05 2.26154e-05 7.46212e-05
0.00188729 1.49175e-05 7.27201e-06 4.3342e-05 0.000185941 0.000365253 0.000896534 0.00118542 0.00149127 0.00444083 0.0149736 0.0131465 0.0029707 0.000332268 0.000193157 0.00026106 0.00027225 0.000590533 0.00110325 0.00101334 0.00182749 0.00864733 0.0177743 0.00794385 0.000741194 7.29026e-05 3.29705e-05 6.28253e-05
0.00143811 1.03736e-05 7.40388e-06 6.46432e-05 0.000202481 0.000212415 0.000471291 0.00101324 0.00375075 0.0549383 0.315981 0.247176 0.0461708 0.00323418 0.000846826 0.000780377 0.00136416 0.0034872 0.00350972 0.00569498 0.0376082 0.308002 0.522704 0.188284 0.00945801 0.000254312 6.04374e-05 7.73249e-05
0.000999831 7.66811e-06 7.7354e-06 8.14557e-05 0.000200255 0.000113848 0.000316934 0.00196998 0.0185705 0.402274 0.776491 0.567155 0.197954 0.0154289 0.00260262 0.00202119 0.00583823 0.00880759 0.00339999 0.0182459 0.411093 0.922919 0.908651 0.343587 0.0126196 0.000311155 5.58848e-05 7.86292e-05
0.00154327 2.00231e-05 2.80357e-05 0.000304908 0.000722593 0.000443144 0.00164946 0.0182166 0.245801 0.854021 0.828183 0.35991 0.0950331 0.0112777 0.0031056 0.0024477 0.00311544 0.00269887 0.00201866 0.051661 0.857998 0.971555 0.763215 0.0363219 0.000848679 6.23023e-05 1.37302e-05 3.71338e-05
0.00335028 9.49242e-05 0.000183462 0.00204111 0.00489368 0.00462646 0.0206453 0.20616 0.747788 0.893074 0.60217 0.0826245 0.0122629 0.00282204 0.00133812 0.000790274 0.000482263 0.000468354 0.00173411 0.21172 0.960544 0.935458 0.175564 0.00120932 5.22873e-05 1.35989e-05 3.63057e-06 1.75774e-05
0.00342754 0.000139613 0.000528474 0.013072 0.0619072 0.113242 0.2889 0.66021 0.823857 0.625344 0.137636 0.0174941 0.00406403 0.00108703 0.000318956 0.000142708 0.000101048 0.000292239 0.0131233 0.746853 0.979957 0.791014 0.0204832 0.000226172 2.29049e-05 1.14593e-05 5.28834e-06 2.24539e-05
0.00281471 0.000148001 0.000832879 0.031146 0.242149 0.483716 0.602553 0.703785 0.678612 0.259318 0.0427545 0.0140728 0.00563474 0.000860114 0.000159225 0.000121188 0.000277853 0.0050237 0.464146 0.979311 0.965611 0.202616 0.00236706 0.000117962 2.77349e-05 2.0644e-05 1.6794e-05 5.04003e-05
0.00300713 0.000123043 0.000386728 0.00716747 0.0746699 0.224227 0.324605 0.531762 0.540546 0.27111 0.108164 0.0657843 0.026414 0.00370983 0.00199207 0.00816574 0.043358 0.430017 0.971708 0.98661 0.636485 0.00741373 0.000277673 6.87973e-05 3.43965e-05 3.20857e-05 4.33359e-05 9.98658e-05
0.00295978 4.34797e-05 4.52545e-05 0.000457783 0.0057705 0.027645 0.0956399 0.49245 0.775258 0.7632 0.751016 0.626197 0.390489 0.159318 0.203078 0.627457 0.78007 0.941771 0.987156 0.905426 0.0628829 0.000473837 9.00731e-05 0.000112181 6.79711e-05 6.1051e-05 9.71729e-05 0.000147255
0.0020503 1.61327e-05 1.07864e-05 0.000106789 0.00146778 0.00554413 0.0335979 0.334729 0.768333 0.886324 0.932213 0.920568 0.899432 0.89359 0.90878 0.955993 0.939213 0.950059 0.946012 0.497588 0.00902009 0.000184878 0.000118875 0.000263966 0.000163764 0.000138131 0.000154524 0.000150656
0.00142108 1.34301e-05 1.42445e-05 0.000166807 0.00142265 0.00235216 0.00903166 0.0544154 0.136089 0.256701 0.465658 0.641376 0.813544 0.851831 0.810947 0.869092 0.901673 0.940975 0.854708 0.139157 0.00419483 0.000370384 0.00028978 0.000631014 0.000443821 0.000253832 0.000166459 0.000121134
0.00296368 5.58801e-05 7.59838e-05 0.000454672 0.00110849 0.000724513 0.00143708 0.00424537 0.00634564 0.0129132 0.040368 0.0771901 0.122038 0.111671 0.111111 0.347436 0.826401 0.92997 0.648283 0.0386466 0.00277003 0.000715234 0.000506659 0.000867598 0.000557557 0.000227871 0.000118899 9.37946e-05
0.00635984 0.000223864 0.000216256 0.000498976 0.000463565 0.000219819 0.00033655 0.000848835 0.00177126 0.00479485 0.00716166 0.00513659 0.00507067 0.00637577 0.0304135 0.446411 0.918405 0.863652 0.176362 0.00625561 0.00166921 0.00108744 0.000740511 0.000854451 0.000387399 0.000131512 6.86029e-05 6.98251e-05
0.00533108 0.000167489 0.000145002 0.000321233 0.000285963 0.000121953 0.000154236 0.000375708 0.00130086 0.0040534 0.00305039 0.00124792 0.00122968 0.0050011 0.128509 0.818898 0.912944 0.51509 0.0290131 0.00249378 0.00146369 0.00116687 0.0011826 0.00147239 0.000387542 8.35596e-05 3.38255e-05 4.34945e-05
0.0037914 9.54296e-05 8.23759e-05 0.000254106 0.000338137 0.000156255 0.000153818 0.000411894 0.00175794 0.00458006 0.00373725 0.00163492 0.00201931 0.0276195 0.589421 0.937103 0.796256 0.0895173 0.00879089 0.00284413 0.00136155 0.00118479 0.00181428 0.00211503 0.000369003 5.05763e-05 1.7555e-05 3.11978e-05
0.00314571 8.03044e-05 9.51581e-05 0.00034332 0.000367287 0.000152056 0.000196186 0.000616235 0.0017128 0.00298426 0.00363057 0.00386586 0.00924065 0.177877 0.87098 0.935883 0.41312 0.0129179 0.00376551 0.00327059 0.0030601 0.00395297 0.00362079 0.0018567 0.000262661 3.7849e-05 1.64007e-05 3.52685e-05
0.00297054 9.406e-05 0.000140122 0.000405297 0.000299037 0.000140493 0.000305525 0.000811291 0.0011866 0.00177904 0.00346254 0.00818992 0.0294496 0.379255 0.852955 0.752938 0.122046 0.00767068 0.00451365 0.00690664 0.0109358 0.00997468 0.00412317 0.00116242 0.000196995 4.71424e-05 2.60874e-05 5.39794e-05
0.0031092 9.58013e-05 0.000129556 0.000345934 0.000303988 0.000185373 0.000391662 0.000909601 0.00156207 0.00257975 0.00395432 0.00870632 0.0495799 0.513092 0.818259 0.66999 0.22197 0.060344 0.0345556 0.0150678 0.0100867 0.00564684 0.00193417 0.000642471 0.00011952 3.86165e-05 2.52807e-05 5.63372e-05
0.00349296 9.63144e-05 9.75444e-05 0.000295807 0.000445102 0.000274487 0.000350293 0.000878262 0.00237143 0.00310232 0.00296249 0.00679272 0.0718996 0.685861 0.88686 0.829304 0.601209 0.332802 0.136891 0.0140158 0.00320149 0.00169203 0.000769938 0.000347655 6.29088e-05 2.32093e-05 1.49995e-05 3.8086e-05
0.0038011 9.11724e-05 6.68136e-05 0.000199657 0.00037156 0.000201512 0.000224649 0.000646635 0.00143508 0.00119288 0.000984716 0.00265837 0.0490089 0.583028 0.822392 0.801876 0.585235 0.220443 0.0499584 0.0061472 0.00204619 0.00150468 0.000634006 0.000249157 5.41032e-05 2.24536e-05 1.29238e-05 3.23207e-05
0.00379823 4.40779e-05 2.30468e-05 6.37613e-05 9.22753e-05 4.44944e-05 7.27074e-05 0.000247375 0.000243188 0.000115299 0.000123585 0.000426946 0.00871495 0.150763 0.268433 0.177488 0.0506787 0.00865893 0.00253317 0.00128326 0.00130173 0.00108764 0.000304351 9.31672e-05 2.89458e-05 1.62617e-05 1.31404e-05 3.60599e-05
0.00388586 3.40609e-05 1.54671e-05 3.3212e-05 2.52307e-05 1.2086e-05 3.94338e-05 0.000146881 6.7725e-05 2.26627e-05 2.63878e-05 0.000111744 0.00253771 0.0329061 0.0403652 0.0144118 0.00207349 0.000306859 0.000193149 0.00025165 0.000345673 0.000215757 4.94027e-05 1.90902e-05 9.96149e-06 8.23153e-06 1.2294e-05 4.02948e-05
0.00649767 0.000139879 0.000112468 0.00014767 7.05406e-05 4.19075e-05 0.000178274 0.00047914 0.000158391 6.57641e-05 7.21176e-05 0.000301564 0.00446128 0.0249383 0.0276787 0.00820206 0.00110154 0.000212513 0.000235216 0.000315165 0.000319849 0.000166466 5.90053e-05 3.6926e-05 2.94191e-05 3.03342e-05 3.99265e-05 0.000146562
0.0204564 0.00272581 0.00324402 0.00274175 0.00150519 0.00124235 0.00293267 0.00453257 0.00241658 0.00163198 0.00178397 0.00343393 0.0102243 0.0190711 0.0176136 0.00843982 0.00344549 0.00172871 0.00224709 0.00258166 0.00233252 0.00168326 0.00127788 0.00117607 0.00139084 0.0014335 0.00165501 0.00553701
