0.0169037 0.00218261 0.00299284 0.00283705 0.00121743 0.000371804 0.000353481 0.00052429 0.00078335 0.00151515 0.00312203 0.0045543 0.0022064 0.000641817 0.000370374 0.000506986 0.00107411 0.00157717 0.00119722 0.000630498 0.000441223 0.000527042 0.000876378 0.00173783 0.00334047 0.00286902 0.00123947 0.00190393
0.00471589 0.000169875 0.000535032 0.000775965 0.000194276 3.88194e-05 3.66065e-05 5.69168e-05 9.83918e-05 0.000271527 0.00121903 0.0021848 0.000345285 3.77773e-05 1.38193e-05 2.71126e-05 8.45102e-05 0.00013659 0.000105432 4.92762e-05 3.0598e-05 4.95518e-05 7.64955e-05 0.000114335 0.000242843 0.000197345 0.000110342 0.00017364
0.00455382 0.000261134 0.000888307 0.00158059 0.000497312 0.000119327 0.000118258 0.000163725 0.000272588 0.000992819 0.00461233 0.00434348 0.000373835 2.71677e-05 1.46148e-05 3.88029e-05 6.93171e-05 9.31338e-05 7.8471e-05 4.91899e-05 5.16438e-05 9.5772e-05 0.0001228 0.00011762 0.000170507 0.000178996 0.000200648 0.00027915
0.00577307 0.000324432 0.000518084 0.000666812 0.000426973 0.000150876 0.00014015 0.000149313 0.000162576 0.000413937 0.00130478 0.000887497 9.89041e-05 1.71367e-05 2.4123e-05 7.11264e-05 7.16686e-05 6.82161e-05 5.37252e-05 5.78007e-05 0.000148926 0.000343405 0.000287405 0.000229448 0.000401614 0.000480367 0.000473488 0.000355131
0.0163255 0.000778962 0.000689052 0.000640627 0.00053059 0.000266053 0.000233821 0.000213645 0.000187434 0.000324325 0.00112763 0.00135943 0.000357379 0.000146099 0.000268078 0.000487316 0.000392604 0.000241367 0.000189787 0.00047933 0.0022169 0.00669169 0.00558043 0.0055443 0.0109846 0.00696805 0.00192409 0.000466055
0.0106292 0.000384393 0.000283468 0.000386113 0.000566254 0.000440807 0.000304424 0.000221355 0.000245145 0.000353174 0.00088969 0.00169317 0.000912979 0.000580187 0.000812765 0.000748135 0.0005365 0.000523302 0.00116684 0.00982136 0.0546299 0.124316 0.139422 0.143568 0.113575 0.0161832 0.00219743 0.000506246
0.00309045 8.17557e-05 0.000104498 0.000353908 0.00102822 0.000870145 0.000398434 0.000257863 0.000401866 0.000445835 0.00113412 0.00375591 0.00399905 0.00355307 0.00337143 0.00191605 0.0014483 0.00312405 0.0163333 0.138891 0.318317 0.490418 0.649449 0.597384 0.178292 0.00703256 0.000794528 0.000281667
0.00230571 4.75215e-05 4.75504e-05 0.000151139 0.000507313 0.000512216 0.00027649 0.000251538 0.000356209 0.000469354 0.00212372 0.0228342 0.124589 0.238493 0.169017 0.07306 0.0540108 0.0787302 0.215829 0.425203 0.388977 0.430157 0.580228 0.424675 0.0332251 0.000791752 7.22972e-05 6.84104e-05
0.00256708 3.55635e-05 1.55711e-05 3.24188e-05 0.000106802 0.000141489 0.000196225 0.000284606 0.000422943 0.000927484 0.00745483 0.193359 0.781342 0.92167 0.88865 0.780235 0.731627 0.603979 0.53178 0.429925 0.19506 0.108518 0.0690006 0.0264347 0.00134349 4.55093e-05 6.25082e-06 2.20686e-05
0.00241494 2.52002e-05 6.71222e-06 1.43304e-05 5.41412e-05 0.00011923 0.000432905 0.00138126 0.00302879 0.0136613 0.171445 0.796564 0.96506 0.966354 0.92955 0.885248 0.813496 0.62913 0.530245 0.426684 0.112128 0.0267628 0.0110708 0.00422445 0.000287066 1.75609e-05 3.94955e-06 1.93361e-05
0.00226091 1.69638e-05 5.78831e-06 1.9573e-05 9.70649e-05 0.000394495 0.00292528 0.0125536 0.0315284 0.271996 0.907367 0.978235 0.961466 0.724312 0.246917 0.113644 0.085606 0.100811 0.273977 0.387039 0.0953446 0.0190491 0.00996265 0.00404116 0.000291748 2.49764e-05 7.64622e-06 2.88204e-05
0.0018544 1.1504e-05 4.94344e-06 2.98438e-05 0.000261963 0.00112782 0.00400503 0.0167361 0.118594 0.782681 0.983411 0.978183 0.696012 0.0401792 0.00200962 0.000683668 0.00109241 0.00422031 0.0600764 0.137767 0.0203278 0.0059457 0.0057464 0.00374037 0.000403613 3.68534e-05 1.67039e-05 5.20166e-05
0.00170062 1.36878e-05 7.46579e-06 6.49173e-05 0.000713934 0.00108888 0.00137693 0.0123464 0.277262 0.933231 0.980742 0.882321 0.137005 0.00295242 0.000378211 0.000307444 0.000823309 0.0038863 0.026488 0.0225121 0.00361005 0.00269859 0.00574642 0.0049999 0.000572011 5.4734e-05 3.77938e-05 9.56911e-05
0.0023071 2.81205e-05 2.03025e-05 0.000132983 0.000872593 0.000802705 0.00128731 0.036913 0.723195 0.971327 0.950866 0.620803 0.0588157 0.00742093 0.00779091 0.0108691 0.0133173 0.0130065 0.00786697 0.00199619 0.00129256 0.00435592 0.012393 0.00667405 0.00047874 4.96903e-05 5.38626e-05 0.000134306
0.00325474 6.10802e-05 4.76113e-05 0.000163972 0.000585117 0.000586649 0.00325164 0.237182 0.949471 0.986283 0.942745 0.72779 0.460509 0.354576 0.509294 0.511148 0.273871 0.0615582 0.010007 0.00286395 0.00438686 0.0178998 0.0168697 0.00307338 0.000214774 3.43167e-05 4.6185e-05 0.000123362
0.0034939 6.57401e-05 5.12891e-05 0.000161264 0.000562874 0.000695038 0.00899952 0.458486 0.965488 0.98908 0.975704 0.960172 0.946828 0.917827 0.916128 0.915062 0.830417 0.618911 0.217995 0.0669273 0.0603507 0.032582 0.00629852 0.000629854 5.86894e-05 2.21135e-05 4.02511e-05 0.000104806
0.00325468 5.02093e-05 3.58157e-05 0.000144213 0.00070722 0.00119715 0.0129067 0.366603 0.836445 0.901833 0.865422 0.772212 0.624797 0.425825 0.45471 0.69683 0.808815 0.890292 0.818178 0.496351 0.157053 0.0112173 0.00100542 0.000152751 2.71773e-05 1.97972e-05 3.97244e-05 9.24925e-05
0.00316522 5.08936e-05 5.30764e-05 0.00025403 0.000881284 0.000955452 0.00633637 0.086034 0.155715 0.116562 0.0494157 0.0165107 0.0112471 0.0132865 0.0383107 0.169362 0.505258 0.869485 0.922637 0.725752 0.116128 0.00382843 0.000312509 6.8204e-05 2.40411e-05 2.19805e-05 4.06254e-05 8.96349e-05
0.00312548 7.00651e-05 0.000103596 0.000411987 0.000853031 0.000792459 0.00322711 0.0150973 0.00976963 0.00260826 0.000711644 0.00054348 0.00174485 0.00972173 0.0461903 0.0828453 0.127038 0.626112 0.901635 0.701056 0.0824213 0.00231207 0.000325124 0.000106579 3.96227e-05 3.19444e-05 5.23827e-05 9.78387e-05
0.00451046 0.000148408 0.000195748 0.000582909 0.00119444 0.00114822 0.00337202 0.00688006 0.00181658 0.000315302 0.000167699 0.000532168 0.00813192 0.085048 0.190244 0.144141 0.119846 0.59063 0.913415 0.668289 0.0560086 0.00187175 0.000340887 0.000133713 5.7834e-05 4.51847e-05 5.26412e-05 8.34472e-05
0.00716177 0.000287063 0.000231802 0.000791379 0.00213983 0.00287233 0.00622131 0.00658907 0.00204804 0.00057646 0.00118871 0.009587 0.114077 0.541085 0.62261 0.556182 0.659449 0.90851 0.938263 0.532492 0.0360561 0.00157862 0.000312065 0.000167685 7.38395e-05 5.74551e-05 4.66596e-05 6.64265e-05
0.00563398 0.00023537 0.000294799 0.00179915 0.00433125 0.00700508 0.0196834 0.0234115 0.0163347 0.00931223 0.0288826 0.138163 0.488383 0.853624 0.879146 0.868826 0.897442 0.911448 0.763823 0.271672 0.0478261 0.00511973 0.00103082 0.000434751 0.000131608 5.90449e-05 2.87145e-05 4.02252e-05
0.00418071 0.000218149 0.000713792 0.00496051 0.00834159 0.0182205 0.0703662 0.111308 0.155721 0.126864 0.219951 0.357723 0.466866 0.70986 0.686724 0.612136 0.559858 0.332586 0.128407 0.0804439 0.0554872 0.0167268 0.00329562 0.000765231 0.000166838 4.03047e-05 1.50517e-05 2.33815e-05
0.00473891 0.000246588 0.000750124 0.0038501 0.00805024 0.0297527 0.106594 0.16173 0.210912 0.128045 0.141277 0.164786 0.137255 0.193516 0.129593 0.0542413 0.026379 0.0125485 0.0104031 0.0252097 0.0435639 0.0215182 0.00460512 0.000969274 0.000253817 5.94761e-05 2.32636e-05 2.51375e-05
0.00595612 0.000119545 9.34619e-05 0.000332427 0.00155244 0.00602387 0.0152913 0.0174541 0.0125173 0.0059455 0.00650972 0.0101441 0.0143814 0.0255817 0.0108585 0.00230893 0.000811815 0.000709 0.00218362 0.00897972 0.0160646 0.00905007 0.00210827 0.00052352 0.000190222 7.34737e-05 4.01135e-05 3.4125e-05
0.0037041 2.67963e-05 6.74805e-06 2.04907e-05 0.000136919 0.000531479 0.00170558 0.00231539 0.00109723 0.000413019 0.000376992 0.000626772 0.0018535 0.00313429 0.000642878 9.62657e-05 3.44064e-05 5.31658e-05 0.000282955 0.00128329 0.00357528 0.00315731 0.000591215 0.000163079 8.20831e-05 3.56233e-05 1.91773e-05 2.02261e-05
0.00320852 3.1867e-05 1.21729e-05 3.17627e-05 0.000131289 0.000459674 0.00198259 0.00310042 0.00132642 0.000453846 0.000312743 0.000504059 0.00198582 0.0021921 0.000302046 5.81429e-05 3.07955e-05 5.56604e-05 0.000215437 0.000852536 0.00381824 0.00371049 0.00068689 0.000233014 0.000155313 6.95707e-05 2.29568e-05 3.85779e-05
0.0154312 0.00126482 0.000877523 0.00105548 0.00159753 0.00294412 0.00589201 0.00677863 0.0046144 0.0028952 0.00232526 0.00308406 0.00638552 0.00590415 0.00210396 0.00103857 0.00111383 0.00161548 0.00213871 0.00365765 0.00790834 0.00728921 0.00310236 0.00207332 0.00251998 0.00169883 0.00097006 0.00222179
