0.0124167 0.000783201 0.000578338 0.00127365 0.0023235 0.00134229 0.000586062 0.000441307 0.000970855 0.0013302 0.00130157 0.00164378 0.00215032 0.00221982 0.00182312 0.00227728 0.00401989 0.00473939 0.00357157 0.00216564 0.00116611 0.00120579 0.00215351 0.00266743 0.00127573 0.000506867 0.000435765 0.00143465
0.00318431 4.05758e-05 4.19539e-05 0.000122945 0.000245985 0.000132188 5.34517e-05 5.21307e-05 0.000121574 0.000244923 0.000633765 0.00144673 0.000911959 0.00028491 0.000151764 0.000233422 0.000596385 0.000825031 0.000684515 0.000293306 7.41222e-05 7.38027e-05 0.000198077 0.000313841 0.000133397 5.90486e-05 3.78583e-05 9.6808e-05
0.00264969 4.50391e-05 4.08031e-05 0.000108637 0.00015663 0.000125178 0.00010173 0.000140315 0.000334346 0.00143986 0.0117341 0.0250176 0.00459116 0.000357144 0.000282745 0.000945381 0.00205259 0.0020994 0.00113715 0.000249695 5.16782e-05 6.84595e-05 0.000185694 0.000346126 0.000146506 6.6034e-05 6.36171e-05 0.00012051
0.00189787 3.01484e-05 2.19935e-05 8.06425e-05 0.000145999 0.000167724 0.000169064 0.000295034 0.000898821 0.00686757 0.0907791 0.113141 0.00987243 0.000844679 0.00192872 0.0105217 0.0115149 0.00291614 0.000451807 4.92751e-05 1.79928e-05 3.77287e-05 7.27535e-05 0.000129572 7.07899e-05 3.85108e-05 3.90291e-05 7.88637e-05
0.00227226 5.25077e-05 5.88628e-05 0.000391521 0.00123135 0.00138749 0.00141066 0.00252387 0.00966001 0.06901 0.368206 0.317304 0.0520043 0.0152388 0.063001 0.257869 0.164102 0.0133102 0.000914608 9.38308e-05 5.60303e-05 0.000123914 0.000168162 0.000239254 0.000101278 4.22168e-05 2.10147e-05 3.97937e-05
0.00190021 3.9652e-05 5.19212e-05 0.000354135 0.00130876 0.00214451 0.00512978 0.0306135 0.171341 0.509173 0.72377 0.620006 0.24171 0.195313 0.531937 0.74744 0.535956 0.0714377 0.0052288 0.000467465 0.000280468 0.000263547 0.000198475 0.00020518 6.37961e-05 2.60884e-05 8.48959e-06 2.30203e-05
0.00143824 1.8756e-05 2.35964e-05 0.000147415 0.000781934 0.00254393 0.0149703 0.245105 0.79512 0.899752 0.922176 0.906831 0.766662 0.806807 0.930749 0.933037 0.80124 0.366654 0.0731414 0.00586606 0.0013713 0.000378279 0.000153896 0.000137129 3.5258e-05 1.47412e-05 4.80913e-06 1.81166e-05
0.00140138 1.48815e-05 1.38537e-05 7.95107e-05 0.000609248 0.00297308 0.0274359 0.359293 0.784736 0.827427 0.897381 0.959359 0.955534 0.964886 0.977559 0.975767 0.956698 0.905123 0.670483 0.0983156 0.00804999 0.000804171 0.000245087 0.000174871 4.37432e-05 1.80828e-05 1.17243e-05 3.29211e-05
0.00151731 1.52947e-05 1.12683e-05 6.04631e-05 0.000449771 0.00192788 0.0101113 0.0614833 0.112628 0.1491 0.532583 0.893199 0.92949 0.921305 0.927687 0.957822 0.973688 0.972358 0.890928 0.294183 0.0242183 0.00205016 0.000696252 0.000421995 0.000111267 5.02208e-05 4.65469e-05 8.92429e-05
0.00259605 3.69909e-05 2.66459e-05 0.000110093 0.000506064 0.00127226 0.00329427 0.00760452 0.00465341 0.00910646 0.216189 0.69928 0.683212 0.511292 0.571999 0.857831 0.951332 0.960054 0.876549 0.398511 0.044586 0.00465635 0.00159365 0.000586195 0.000154793 8.98406e-05 0.000120068 0.000191636
0.00465801 0.000106613 8.59082e-05 0.000266511 0.000681438 0.00106551 0.00247018 0.00315868 0.00180488 0.00878499 0.367475 0.796447 0.650061 0.456763 0.630635 0.897229 0.940696 0.927586 0.837247 0.496893 0.112683 0.0114373 0.00242376 0.000599437 0.000187142 0.000199012 0.000286348 0.00029336
0.00573209 0.000135925 7.23376e-05 0.000130564 0.00029618 0.000431242 0.00105751 0.00174303 0.00314459 0.0508408 0.76937 0.931394 0.869323 0.848958 0.908289 0.951337 0.914871 0.824912 0.717984 0.553382 0.343131 0.0544317 0.00512655 0.000821304 0.000309089 0.000328701 0.00032372 0.000225526
0.00492586 6.68445e-05 2.05866e-05 3.31996e-05 0.00011385 0.000187172 0.000468174 0.00136631 0.00808604 0.253963 0.928172 0.967683 0.96737 0.980471 0.981799 0.981683 0.947617 0.802933 0.594564 0.56917 0.493498 0.0927453 0.00695762 0.0011338 0.000522191 0.000376466 0.000190895 0.000103199
0.00454129 4.98052e-05 1.25088e-05 2.41194e-05 0.000107133 0.000174296 0.000410758 0.00147848 0.0239642 0.491651 0.900936 0.92316 0.954211 0.980295 0.980826 0.9884 0.974966 0.866002 0.532466 0.413266 0.299546 0.0431834 0.00714264 0.00263898 0.00118559 0.000512558 0.000147766 6.13808e-05
0.004282 5.27866e-05 1.64054e-05 4.1457e-05 0.000179029 0.000284739 0.00064331 0.00303475 0.0454863 0.282748 0.344503 0.338289 0.530335 0.677795 0.811923 0.957994 0.972459 0.932383 0.762446 0.517057 0.166193 0.0190595 0.00730688 0.00545578 0.00167087 0.000402243 0.000121755 5.3855e-05
0.00328936 4.48778e-05 2.22146e-05 8.29817e-05 0.000406397 0.0006454 0.00115267 0.00297617 0.0141587 0.0270556 0.016111 0.0192242 0.0324937 0.0385438 0.158361 0.767875 0.968711 0.983631 0.969302 0.863826 0.180796 0.00890765 0.00314023 0.00261729 0.000939908 0.0002746 7.82399e-05 4.18673e-05
0.00301792 5.0793e-05 3.3671e-05 0.00015869 0.000684058 0.00092003 0.00130172 0.00140873 0.00158772 0.00198167 0.00251163 0.00271119 0.00238903 0.00295295 0.0239529 0.440097 0.938652 0.99011 0.988597 0.902926 0.130693 0.0032255 0.000992239 0.000863715 0.000401559 0.000170711 4.86094e-05 3.67538e-05
0.00232992 3.75335e-05 4.35845e-05 0.000271374 0.000687935 0.000540903 0.00053617 0.000327144 0.000188537 0.000280326 0.000689116 0.000720168 0.000817325 0.00275163 0.0322703 0.435902 0.921752 0.985491 0.982853 0.789123 0.0445948 0.00149805 0.000537699 0.000450739 0.000231781 0.000124505 4.36951e-05 4.65391e-05
0.0017335 2.92718e-05 4.50555e-05 0.000271094 0.000363094 0.000189634 0.000222106 0.000196319 0.000214144 0.000468888 0.000613634 0.00056689 0.00140814 0.00934795 0.114904 0.735501 0.968459 0.984116 0.932639 0.315794 0.0127908 0.0012406 0.000565389 0.000377687 0.000158747 0.000102077 5.42574e-05 7.07172e-05
0.00167666 2.6044e-05 3.22216e-05 0.000172026 0.000232041 0.000139893 0.00019332 0.000607601 0.00360973 0.0102937 0.00377426 0.00156911 0.00436522 0.0258906 0.333504 0.935049 0.98715 0.969723 0.547195 0.0336427 0.0079922 0.00397268 0.00135479 0.000406587 0.000116454 6.98519e-05 6.62234e-05 9.30605e-05
0.00176412 2.54113e-05 2.17079e-05 0.000114152 0.00036809 0.000405722 0.000885411 0.0100682 0.14333 0.254272 0.0484409 0.011463 0.0353024 0.199685 0.761062 0.984848 0.988345 0.883208 0.17766 0.0175459 0.0195598 0.0197743 0.00344355 0.000508138 0.000176873 0.000112879 9.48132e-05 0.000105792
0.00283598 5.74882e-05 4.39766e-05 0.000209864 0.00105101 0.00216726 0.0101479 0.210516 0.846043 0.908824 0.63089 0.37675 0.698106 0.890709 0.974425 0.992891 0.96822 0.623613 0.0937322 0.0257466 0.0379692 0.0191981 0.00252032 0.000967898 0.000769233 0.000500426 0.000262972 0.000144694
0.0049179 0.00015271 0.000179171 0.000732308 0.00267545 0.00595579 0.0371214 0.463505 0.939606 0.976503 0.958177 0.962951 0.982163 0.98563 0.984199 0.952009 0.547178 0.0933663 0.0304055 0.0159451 0.0114026 0.00340933 0.000925496 0.00170701 0.00335979 0.00205498 0.000633186 0.00016835
0.00434084 0.000140963 0.000210827 0.000875771 0.00278818 0.00585955 0.0313171 0.262517 0.849536 0.956974 0.974915 0.986957 0.980891 0.951793 0.784615 0.327638 0.0559892 0.0147737 0.00655652 0.00251304 0.00106533 0.000455693 0.000331476 0.00129644 0.00332509 0.00146085 0.000275584 8.36225e-05
0.0034573 5.28782e-05 4.94278e-05 0.000199902 0.000681454 0.00125678 0.00528936 0.0358207 0.244014 0.555456 0.73973 0.809251 0.597538 0.20522 0.0429142 0.0130367 0.00860942 0.00541704 0.00103177 0.000220857 7.62776e-05 4.68805e-05 7.80244e-05 0.000337431 0.000572488 0.000208689 4.65705e-05 2.48785e-05
0.0025495 1.86631e-05 9.65125e-06 3.39643e-05 0.000115938 0.000218381 0.00067343 0.00240935 0.00631203 0.0112224 0.0209373 0.0218777 0.0105768 0.00286252 0.00081363 0.000593125 0.00108691 0.000959762 0.000180777 4.66788e-05 1.09637e-05 7.68284e-06 2.7312e-05 0.000129527 0.000203841 7.80138e-05 1.78638e-05 1.14497e-05
0.00328105 3.93105e-05 2.25949e-05 5.65358e-05 0.000137269 0.000278804 0.00052875 0.000939094 0.00103696 0.00117494 0.00218677 0.00249424 0.0015972 0.000622618 0.000344428 0.00040354 0.000911256 0.000783571 0.000277946 9.6559e-05 2.78726e-05 2.45407e-05 9.56396e-05 0.000379045 0.000645706 0.000238466 4.12177e-05 4.24674e-05
0.0163359 0.00152727 0.00113681 0.00130369 0.00179684 0.00235088 0.00315683 0.00337067 0.00260443 0.00263014 0.00349518 0.00418097 0.00373529 0.00257086 0.00238576 0.00319447 0.0041205 0.0036932 0.00316408 0.00212852 0.001234 0.00113956 0.00200028 0.00375142 0.00561256 0.00294118 0.00141319 0.00285298
