0.00848049 0.000257915 0.000214456 0.000474258 0.00082992 0.0010012 0.000836047 0.000607571 0.000509029 0.000334113 0.000375967 0.000838511 0.00233018 0.00427842 0.00381139 0.00199661 0.000972802 0.000587066 0.000489369 0.000532259 0.000759616 0.000908719 0.000811535 0.00076158 0.000922291 0.0010099 0.00109615 0.0030317
0.00193088 1.01202e-05 1.05933e-05 3.95519e-05 0.000126364 0.000202937 0.000116615 5.85397e-05 4.38953e-05 3.07368e-05 7.02845e-05 0.000351383 0.0014348 0.0022707 0.000915445 0.000242161 9.50787e-05 5.99896e-05 4.80861e-05 5.64502e-05 0.000103538 0.000111982 0.000100226 0.000101511 0.000105609 0.000108303 0.000163866 0.000352409
0.00175856 1.33533e-05 1.16418e-05 7.78332e-05 0.000462523 0.000568291 0.000266168 0.000114813 9.15478e-05 0.000129231 0.000700073 0.0084418 0.0377221 0.0197159 0.00296327 0.000463074 0.000178675 0.000151316 0.000125983 0.000133686 0.000192874 0.000179073 0.000179387 0.00020101 0.000122356 0.000120271 0.000337356 0.00043733
0.00167524 1.47163e-05 7.8398e-06 4.49772e-05 0.000225543 0.000171991 0.000127846 0.000127361 0.000126347 0.000214332 0.00100268 0.00810054 0.0216074 0.00627666 0.000935432 0.000232413 0.000136317 0.000160673 0.000225547 0.000246634 0.000236166 0.00023016 0.000308545 0.000366098 0.000150914 9.32884e-05 0.000130959 0.000137964
0.00205661 2.03298e-05 1.19253e-05 5.1849e-05 0.000170716 0.000155838 0.000200911 0.000398435 0.00041244 0.00034516 0.000966799 0.00419814 0.00826247 0.00557085 0.00251876 0.00138332 0.000982754 0.00118794 0.00203598 0.00196201 0.00149318 0.00165655 0.00200734 0.00172767 0.000524332 0.000123736 4.83042e-05 4.05042e-05
0.00519961 0.000108059 6.73003e-05 0.000190693 0.000418776 0.000488048 0.000933011 0.00126826 0.000668229 0.000514975 0.00205754 0.014171 0.052326 0.108685 0.130224 0.0829584 0.0387577 0.0188637 0.0100401 0.00383406 0.00254635 0.00242096 0.00150844 0.000645153 0.00024632 8.31372e-05 3.27848e-05 3.67207e-05
0.0135163 0.000691806 0.000456781 0.00093647 0.00176703 0.00224453 0.00505215 0.0032077 0.00137805 0.00326088 0.0307991 0.276554 0.679214 0.841137 0.874065 0.785318 0.558251 0.169703 0.0300581 0.00887157 0.0076093 0.0046769 0.00107332 0.000272856 9.64624e-05 6.95912e-05 4.42397e-05 6.2389e-05
0.00663641 0.000251123 0.000208854 0.000836623 0.00274977 0.00421356 0.00557248 0.00378375 0.00732209 0.0917367 0.688504 0.936354 0.960652 0.950639 0.937011 0.926628 0.879324 0.620399 0.228956 0.154011 0.195191 0.0597967 0.00523379 0.000690696 0.000179519 9.9032e-05 4.82732e-05 6.53445e-05
0.00225861 4.98386e-05 4.52714e-05 0.000413283 0.00296362 0.00489562 0.00530529 0.00772007 0.0643333 0.713564 0.954431 0.95976 0.872327 0.628034 0.5752 0.758692 0.889054 0.857562 0.730379 0.771327 0.777715 0.356119 0.035117 0.00260897 0.000397346 0.000112312 3.46498e-05 4.8244e-05
0.00163317 2.62216e-05 3.19081e-05 0.000462735 0.00459849 0.00922398 0.0111372 0.0444471 0.548782 0.939925 0.934538 0.690081 0.158432 0.0383611 0.0480059 0.206904 0.666314 0.843288 0.851355 0.919377 0.894064 0.588503 0.116363 0.00733858 0.000661258 0.000104979 4.53493e-05 6.44423e-05
0.00150627 2.71693e-05 4.71527e-05 0.000806439 0.00628188 0.0115915 0.018749 0.21364 0.918359 0.965846 0.742153 0.0732613 0.00409772 0.00192854 0.00793802 0.050291 0.247782 0.642181 0.829424 0.930646 0.882487 0.545579 0.123444 0.0107357 0.00108868 0.000177595 0.00011143 0.000123572
0.00141786 2.5603e-05 4.63497e-05 0.0007438 0.00460795 0.00928431 0.0193 0.308842 0.947963 0.917943 0.154553 0.00218896 0.000275397 0.000496953 0.00250345 0.0111496 0.0638797 0.412885 0.866608 0.959693 0.90401 0.570465 0.136774 0.0198891 0.00289763 0.000404645 0.000164987 0.000119683
0.00149378 2.50081e-05 3.76643e-05 0.000461092 0.00240836 0.00460533 0.0140507 0.380229 0.951964 0.815688 0.0312236 0.00036195 0.000110834 0.000338954 0.00104486 0.00428408 0.0559354 0.546649 0.930598 0.977679 0.939293 0.675355 0.212491 0.0355883 0.00498852 0.000490419 9.58805e-05 5.62152e-05
0.00142048 1.94211e-05 2.0646e-05 0.000178512 0.00066144 0.00136233 0.0124608 0.534737 0.954122 0.69711 0.00949774 0.00013515 0.000100923 0.000335701 0.00119599 0.0133148 0.280952 0.836925 0.959942 0.969822 0.873865 0.48825 0.174463 0.0440074 0.00448944 0.000341554 3.98971e-05 2.84757e-05
0.00131925 1.30777e-05 1.02398e-05 7.04089e-05 0.000283331 0.000980953 0.0196324 0.632229 0.93002 0.489729 0.00718555 0.00027939 0.00051595 0.00202486 0.0074252 0.12323 0.76309 0.955678 0.963757 0.843341 0.22557 0.0306091 0.0166682 0.0119129 0.00200526 0.000191413 2.07425e-05 2.48244e-05
0.00180474 2.18748e-05 1.78976e-05 0.000102292 0.000344865 0.000908148 0.0181522 0.578514 0.916783 0.739718 0.115645 0.0218195 0.0470084 0.0844908 0.157642 0.566932 0.905599 0.962545 0.856948 0.179973 0.00433996 0.000348425 0.00040159 0.000855708 0.000353519 7.31384e-05 1.29237e-05 2.42043e-05
0.00236714 4.20917e-05 3.76948e-05 0.000142452 0.000505495 0.000969158 0.0120663 0.443908 0.900961 0.936257 0.846211 0.742326 0.843173 0.735727 0.629621 0.822485 0.934831 0.958175 0.566204 0.0115562 0.000299337 3.59044e-05 6.56848e-05 0.000285051 0.000138226 4.29866e-05 1.76994e-05 2.92739e-05
0.00244384 4.73738e-05 3.94157e-05 0.000128908 0.000471663 0.000940865 0.0153677 0.415672 0.768642 0.850433 0.854414 0.824108 0.841967 0.66354 0.45004 0.720858 0.934672 0.947541 0.309697 0.00264059 0.000110156 2.62593e-05 0.000103522 0.00084695 0.000375338 8.81118e-05 4.06328e-05 3.41031e-05
0.00233654 3.45662e-05 3.43057e-05 0.000197101 0.000761126 0.00166054 0.0209981 0.199606 0.159024 0.089552 0.080978 0.0724454 0.112523 0.0720213 0.0649869 0.491012 0.945764 0.945247 0.220654 0.0018962 0.000162767 0.000134065 0.000782743 0.00458549 0.00182777 0.00025577 7.13109e-05 3.67063e-05
0.00162538 2.03317e-05 3.74019e-05 0.000474489 0.0019124 0.00248268 0.00981357 0.0222491 0.00605443 0.00275687 0.00320728 0.00421485 0.0131623 0.0130047 0.0259285 0.495373 0.968221 0.962965 0.298402 0.0042668 0.000486625 0.000578062 0.00216804 0.00586099 0.00254656 0.000539077 0.000198704 8.22062e-05
0.00148823 2.44234e-05 7.88277e-05 0.00181606 0.00418595 0.00248206 0.00308936 0.00228512 0.00100707 0.00137605 0.00322096 0.00841328 0.0257674 0.0213669 0.0517636 0.673796 0.971764 0.920525 0.184503 0.00362561 0.000594819 0.000686042 0.00143333 0.00254019 0.00175209 0.000979676 0.000503863 0.000202606
0.00198201 6.62118e-05 0.000501918 0.0134001 0.0189398 0.0057728 0.0027499 0.000952543 0.000648511 0.00283753 0.0201073 0.06459 0.0628747 0.0343155 0.141934 0.814448 0.924298 0.5471 0.0300727 0.000895647 0.00040892 0.000912802 0.0012953 0.00177034 0.00198527 0.00183669 0.00080745 0.000277275
0.00314943 0.000251414 0.00223387 0.0366764 0.0470776 0.00923181 0.00434268 0.00167438 0.00128918 0.0127539 0.119879 0.144152 0.0581464 0.0632173 0.447963 0.924486 0.841232 0.149841 0.00712726 0.000702313 0.000770361 0.00172588 0.00215635 0.00279985 0.003323 0.00275316 0.000772704 0.000238786
0.0122067 0.00170979 0.00578946 0.0213708 0.0221872 0.00461377 0.00282015 0.00219569 0.00390922 0.0574842 0.293287 0.15309 0.0442426 0.113779 0.753809 0.958356 0.775821 0.0942117 0.00637497 0.000797604 0.00121296 0.00182092 0.0011845 0.00152809 0.00191631 0.00174036 0.000487891 0.000187173
0.0487194 0.00449513 0.00409098 0.00357904 0.00274727 0.000879944 0.000816768 0.00163598 0.00835599 0.120779 0.260435 0.05604 0.019971 0.161299 0.848158 0.951549 0.765475 0.0932705 0.00529598 0.000525444 0.000327527 0.000247014 0.00013497 0.00024622 0.000341794 0.000408255 0.000201604 0.000127741
0.0326578 0.00151934 0.000677639 0.000603504 0.000743131 0.000422787 0.000321035 0.000621753 0.00536154 0.050879 0.0443677 0.00561081 0.00348287 0.0434335 0.532322 0.827923 0.738659 0.128932 0.00329572 0.000191346 4.58385e-05 2.24429e-05 1.38156e-05 2.66374e-05 3.43182e-05 3.5835e-05 2.42699e-05 4.37317e-05
0.0133054 0.000572737 0.00053679 0.000850799 0.00130353 0.000989982 0.000381227 0.000500619 0.00335096 0.0131122 0.00460643 0.000858825 0.000941766 0.00697826 0.0459842 0.151799 0.333654 0.0710626 0.0034827 0.000270648 6.20353e-05 3.27385e-05 2.07487e-05 3.31008e-05 3.52092e-05 2.87136e-05 1.53493e-05 6.18837e-05
0.0267698 0.00367152 0.00352597 0.00387876 0.00572076 0.00522837 0.00264606 0.00298679 0.00649002 0.00939959 0.00528429 0.00246653 0.00417109 0.0131465 0.0155813 0.0266857 0.0605596 0.0244781 0.00705215 0.00261399 0.0013436 0.00101839 0.000919241 0.00117138 0.00122133 0.00101357 0.000746828 0.00287769
